 156  151  143  527   95  156  207  644  109  118  118  489  103  113  120  392 1362727036     800898 
 155  152  542   73  158  155  591  259  112  119  589  116  103  114  512  111 1362727036     901894 
 153  152  517   94   94  156  389  192  110  119  516  118  104  114  486  114 1362727037     103457 
 343  152  142   64  535  158  136  194  485  118  111  118  450  114  113  113 1362727037     436485 
 152  152 1165   95   95  155  863  193  110  120  810  115  111  115  482  117 1362727037     812957 
 522  152  143   95  579  157  198  192  441  119  111  120  425  114  111  112 1362727037     819345 
 159  152  147  327  128  154  136  389  111  119  112  274  104  115  118  458 1362727038     588564 
 141  152  149  329   93  155  137  734  110  119  265  164  104  114  515  113 1362727039     198473 
 154  152  154  648  128  156  139  922  110  121  112  809  104  113  112  716 1362727040     935405 
 158  152  791   67   93  154  386  192  112  120  887  117  105  114  643  119 1362727043      59555 
 150  151  196  516  134  156 1111  199  123  118  445  116  104  114  713  120 1362727043     156322 
 464  151  143   65  843  156  138  193  591  120  113  115  673  114  114  120 1362727043     197686 
 153  152  528   93   95  156 1431  196  111  120 1382  115  105  113 1440  111 1362727043     284276 
 153  152  143  399   95  156  136  479  112  119  111  507  103  114  112  473 1362727043     421540 
 135  152  152  522   95  156  147  649  109  119  537  138  106  115  748  118 1362727043     702311 
 144  151  144  334   92  156  135  665  154  119  140  673  104  114  406  132 1362727044     723946 
 199  151  156  536   94  155  137  662  110  118  138  599  104  114  322  422 1362727046     100510 
 460  152  151  150  479  155  137  197  397  119  114  118  404  115  113  111 1362727046     266151 
 155  152  852   94   95  155  529  205  109  120  463  116  104  113  391  110 1362727046     523798 
 152  152  456   95  132  156  772  193  111  119  692  126  107  114  425  225 1362727047     505964 
 153  153  580   94   94  155  593  210  112  118  635  118  113  113  813  110 1362727048      25926 
 153  151  597   94   95  155  712  223  124  119  483  116  103  113  758  112 1362727048     527752 
 409  151  143   64  398  157  137  223  692  118  111  134  587  114  112  112 1362727048     715246 
 153  151  142  453   94  154  149  582  109  120  112  930  103  113  112  559 1362727049     754293 
 153  151  152  592   95  154  137  536  182  119  122  569  105  114  384  125 1362727050     582015 
 155  152  141  516   92  155  133  540  112  119  110  430  112  114  111  508 1362727050     991425 
 151  151  449   80  140  155  604  192  111  118  416  115  105  114  523  113 1362727051     403020 
 153  153  143  387  136  156  143  471  112  118  437  124  104  114  520  110 1362727051     426396 
 154  151  141  644  128  155  138  601  113  119  111  598  104  114  112  682 1362727052     981712 
 153  152  143  514   92  156  138  587  111  120  291  140  104  114  553  111 1362727053       6141 
 158  152  540   94   93  155  411  222  114  120  128  664  104  114  157  937 1362727053     528738 
 146  151  142  448   95  155  137  717  111  119  111  555  102  114  110  387 1362727053     867605 
 131  151  927   95  142  156  714  195  111  120  541  129  104  114  382  213 1362727054     953097 
 520  152  144   94  795  156  136  223  523  119  113  138  636  114  119  111 1362727054     976407 
 798  151  144   64  584  156  137  223  312  120  120  124  624  114  111  119 1362727055     434849 
 129  152  855   95  128  157  721  203  116  119  749  115  103  115  755  134 1362727055     708787 
 153  151  534   95   94  155  588  200  110  119  113  466  104  114  117  388 1362727056      97701 
 154  152  460   77   94  156  408  192  114  120  426  117  107  115  520  111 1362727056     295521 
 157  152  476   95  144  156  582  193  110  119  601  116  103  114  470  112 1362727059     207613 
 154  151  460   65   93  155  524  195  109  118  387  124  104  113  488  111 1362727059     983240 
 131  151  530   93   95  156  656  192  111  120  741  116  106  116  556  112 1362727061     146789 
 133  152  648   95   95  157  593  206  112  120  578  117  104  114  480  118 1362727061     967434 
 152  151  538   95  133  153  529  199  110  119  597  123  104  116  542  114 1362727062     432780 
 156  152  460   95   95  157  853  193  111  119  847  120  104  114  499  110 1362727063     146617 
 154  152  852   77   94  155  526  208  118  118  644  117  106  114  609  113 1362727065     164325 
 531  151  157   93  533  157  137  192  443  118  112  117  382  113  110  121 1362727065     696349 
 154  149  468   69  152  156  396  192  111  118  340  117  123  114  377  113 1362727066     224470 
 153  152  145  479   95  155  145  534  111  120  275  117  105  113  499  114 1362727066     718454 
 153  152  769   71  133  156  918  193  124  118  382  118  105  113  674  115 1362727066     908599 
 136  151  600   66  135  155  712  203  113  119  686  117  106  114  386  112 1362727066     945538 
 153  151  671   95   95  157  521  195  111  118  273  117  111  115  656  114 1362727067     752078 
 153  152  150  837   94  156  137  962  110  121  110  859  113  113  129  368 1362727068     582920 
 134  152  462   67   93  155  526  192  111  119  468  116  103  114  432  114 1362727068     751996 
 152  150  583   70  128  155  576  223  110  118  456  130  106  114  491  115 1362727068     917591 
 155  152  528   94  128  155  834  223  139  119  704  116  104  114  442  110 1362727069     876038 
 131  152  154  602  128  155  140  590  112  119  112  698  120  113  117  451 1362727070     320311 
 146  152  665   95   95  155  856  193  111  119  413  116  113  113  446  113 1362727070     774460 
 155  151  543   95   92  155  661  192  111  121  342  117  104  114  523  113 1362727071     197568 
 154  151  578   95  153  156  663  203  117  119  985  116  107  114  646  114 1362727071     444990 
 153  153  144  399   95  156  137  471  111  121  115  459  106  115  112  388 1362727072     271307 
 670  152  147   94  728  157  151  192  489  118  112  119  448  113  113  113 1362727076      46784 
 463  151  142   65  990  156  135  192  408  120  112  176  589  113  110  128 1362727076     751011 
 658  153  143  136  451  157  135  194  607  119  126  115  995  113  112  119 1362727077     204475 
 151  151  470   94  134  156  521  192  112  120  611  159  105  114  449  112 1362727077     887380 
 650  152  144   83  473  155  138  192  563  120  109  133  540  114  122  111 1362727078     493680 
 157  151  144  516  131  156  136  519  112  119  156  129  104  114  374  111 1362727079     762813 
 152  152  139  324   93  156  137  589  110  119  109  548  111  113  119  579 1362727080     897045 
 151  152  586   70   95  154  594  192  117  118  842  116  105  115  543  113 1362727081      84306 
 153  152  537   94   93  156  589  192  110  119  508  117  111  113  486  112 1362727082     516447 
 385  152  145   95  472  155  153  192  458  120  109  134  845  113  122  123 1362727082     537445 
 140  151  140  652   95  155  137  844  115  119  118  741  104  115  110  613 1362727083     571072 
 153  153  400   94   95  155  411  257  120  120  121  300  105  114  124  552 1362727083     685151 
 155  153 1055   72  130  157  536  197  111  120  448  118  104  113  467  110 1362727084     221423 
 907  151  145   94  661  156  136  218  801  117  111  117  596  115  110  118 1362727084     370092 
 151  152  144  475  130  156  135  404  110  120  111  592  108  113  113  358 1362727084     379251 
 408  150  143   95  401  156  138  192  392  118  112  130  454  113  111  111 1362727084     994287 
 155  151  514   93   95  156  591  199  111  118  366  117  105  115  478  111 1362727085     214303 
 128  151  159  346  128  153  136  535  111  119  111  317  104  114  126  626 1362727085     403712 
 153  152  146  384   94  154  136  981  115  119  119 1345  103  114  115  531 1362727085     699881 
 157  151  604   95   93  154  926  193  117  119  668  116  105  114  475  111 1362727085     934238 
 526  151  144   94  833  157  137  192  659  118  111  116  497  113  111  144 1362727086     467451 
 152  152  142  536   94  155  136  603  115  120  112  562  105  114  111  535 1362727087      65237 
 131  150  145  411   95  155  135  651  111  118  111  434  106  113  125  393 1362727087     128428 
 152  152  665   77  134  156  642  193  111  118  375  115  103  113  502  111 1362727088     652387 
 149  153  143  398   95  156  136  538  111  118  112  887  104  113  110  442 1362727091     812723 
 152  152  471   71   94  155  408  194  110  119  501  127  104  114  489  111 1362727091     874732 
 133  153  144  475  133  155  135  980  121  119  111  802  105  114  110  487 1362727091     879237 
 154  152  144  515   94  154  135  722  112  120  118  560  105  114  112  618 1362727091     926485 
 155  151  206  519   95  156  142  782  114  119  111  451  112  114  111  433 1362727092     594082 
 139  152  461   95   93  156  661  197  114  117  877  118  112  113  481  114 1362727092     813752 
 141  152  591   94   94  155  448  192  112  118  215  505  105  115  112  422 1362727093     847135 
 152  152  473   94  128  156  724  223  113  120  974  116  110  115  633  112 1362727094      55597 
 152  151  159  348   91  156  138 1101  121  120  110 1071  106  114  110  677 1362727094     466545 
 534  152  143   94  449  158  151  222  343  120  112  124  481  112  109  112 1362727094     514141 
 153  151 1034   64   94  157 1242  275  119  119  208  560  104  114  111  804 1362727094     978632 
 645  152  143   94  585  156  137  192  665  118  112  131  469  113  112  122 1362727095      62998 
 131  151  142  708   95  156  196  973  113  120  130 1247  104  116  112  431 1362727095     302952 
 130  151  458   95   94  155  457  207  111  120  525  115  104  114  395  123 1362727097      46050 
 153  152  543   71  128  156  520  192  110  119  551  116  106  114  550  112 1362727097     327207 
 145  151  532  262  134  156  142 1176  110  119  120 1469  111  114  114  488 1362727097     487828 
 153  151  144  595   94  157  152  525  110  119  683  115  104  114  543  111 1362727098      10608 
 152  152  714   93  129  155  283  222  111  119  557  116  103  114  651  171 1362727099      49547 
 143  152  143  342   92  157  137  388  113  118  150  135  104  115  576  111 1362727099     307603 
 154  152  151  520  132  156  213  917  110  120  112  788  104  114  135  685 1362727100     192920 
 152  151  142  717  133  156  273  535  111  120  932  131  114  115  848  118 1362727100     408652 
 153  151  595   65   92  156  600  195  118  118  452  117  104  114  596  111 1362727100     539192 
 134  151  141  716   95  157  138  655  115  118  110  417  104  114  111  447 1362727100     898332 
 140  152  535   95   95  155  466  192  110  119  321  119  105  113  541  125 1362727100     952034 
 152  152  195  411  128  156  146  529  115  118  193 1003  104  114  111  545 1362727101     534564 
 151  153  141  461   94  155  220  716  122  120  154  732  104  113  110  604 1362727101     721926 
 222  152  780   64  129  155  468  221  112  119  561  117  111  114  498  111 1362727101     742506 
 153  153  143  448   93  156  152  595  134  118  111  417  106  114  111  689 1362727101     880014 
 154  152  453   71   94  156  526  193  109  120  481  115  144  114  538  111 1362727102      83730 
 130  151  146  409   94  155  137  512  110  119  119  289  111  115  133  482 1362727102     298683 
 705  152  144   95  658  157  151  194  672  120  123  116  382  114  112  111 1362727103     493512 
 128  153  143  774   94  156  134 1231  111  120  112 1262  104  113  129  736 1362727103     652274 
 153  152  582   64   95  156  782  194  111  118  427  116  104  114  634  122 1362727104     900631 
 208  151  150  395  128  157  271  463  111  118  699  168  115  113  672  110 1362727105     594349 
 150  152  147  404   95  157  138  602  113  120  111  446  103  114  111  670 1362727106      87163 
 154  152  769   93  130  156  605  204  111  120  462  117  104  113  476  119 1362727106     402808 
 649  152  146   94  669  157  193  192  779  119  111  117  430  114  112  112 1362727106     593942 
 128  151  147  512   95  157  137  788  131  119  116  457  132  113  133  527 1362727106     755333 
 154  151  517   95  129  155  538  192  110  119  477  118  114  114  740  115 1362727109     587684 
 157  151  513   73  136  156  527  193  111  120  501  116  105  113  451  272 1362727109     934256 
 154  152  209  642   94  157  135  469  111  120  111  374  104  114  114  502 1362727110     275299 
 130  151  141  409  128  157  136  923  112  120  110 1282  104  115  128  736 1362727110     293250 
 154  150  150  833  153  156  137  918  112  121  487  119  104  114  479  112 1362727110     370459 
 153  152 1102   89  132  155  598  261  112  120  132  539  104  116  116  538 1362727110     646192 
 154  152  464   94   94  157  469  192  110  120  451  150  106  114  508  119 1362727110     696412 
 152  152  582   94   94  155  852  193  113  120 1194  116  153  114  551  289 1362727110     932667 
 472  152  144   81  455  156  137  194  345  120  110  130  493  114  111  118 1362727111     381636 
 154  152  329 1375   93  158 1860  264  120  117  141  116 1508  114  121  112 1362727113      64014 
 601  152  148   95  667  156  137  193  567  119  115  116  517  114  140  112 1362727113     385444 
 478  152  148   78  476  156  136  192  415  120  113  117  382  113  114  111 1362727113     669672 
 153  152  726   68  133  156  792  193  112  120  803  117  124  114  567  113 1362727113     847305 
 153  150 1161   71   94  156  576  266  112  120  539  117  105  115  472  158 1362727115      78787 
 153  152  531   95  128  156  520  194  110  119  386  136  104  115  408  112 1362727115     110781 
 154  151  143  520   95  155  141  667  110  119  114  801  103  113  113  491 1362727115     349063 
 144  151  142  451  130  156  136  527  112  119  111  492  105  115  112  405 1362727115     681819 
 153  152  588   95   94  155  530  196  111  118  414  156  112  114  551  111 1362727115     706531 
 195  153  474   95  159  156  463  223  112  118  556  123  103  114  453  112 1362727116     176349 
 154  152  144  653   95  155  137  670  113  121  111  503  105  114  112  453 1362727117     246942 
 154  151  144  453  138  155  145  454  119  120  112  688  106  115  122  500 1362727117     596751 
 136  153 1996   64  138  154  922  193  110  119  658  148  105  114  724  112 1362727119     259171 
 154  152  400   94   92  157  597  223  110  120 1004  122  104  114  532  110 1362727120     168561 
 152  152  579   89  140  155  524  197  110  119  866  117  111  113  535  110 1362727121     514427 
 154  150  543   94   95  156  667  193  122  119  778  115  113  114  437  112 1362727121     869087 
 152  151  142  512   95  155  203  650  112  119  109  485  104  112  110  735 1362727123     343411 
 151  151  143  388   95  155  136  732  111  120  111  884  107  114  111  676 1362727123     768615 
 154  152  143  463   94  155  136  515  110  118  112  618  104  113  109  430 1362727125     992261 
 475  152  143   64  596  156  139  214  599  118  110  115  523  114  117  111 1362727126     432475 
 134  151  143  452  132  155  143  519  109  119  111  435  109  114  118  508 1362727127     840131 
 154  153  658   64   94  155  136  576  110  120  122 1039  104  115  113  726 1362727127     925061 
 515  152  148   64  595  156  147  192  483  119  149  117  438  113  112  110 1362727128     214672 
 154  152  143  461   94  154  136  473  109  119  112  280  106  114  119  468 1362727128     453667 
 576  150  143   94  515  157  135  192  514  117  120  117  547  115  112  112 1362727130     994193 
 475  151  151   67  278  155  136  192  439  120  111  122  399  113  112  112 1362727131      95995 
 154  152  665   68   94  156  581  198  112  119  557  116  106  115  724  141 1362727131     109196 
 153  152  145  782  193  156  211 1478  118  121 1280  148  104  114  909  111 1362727131     165831 
 154  152  470   95  131  156  461  205  117  119  347  118  104  115  572  109 1362727131     543093 
 154  152  141  719   94  155  137 1028  112  118  140  760  105  113  113  680 1362727131     565553 
 605  152  155   64  585  155  138  195  665  117  112  131  462  114  112  124 1362727131     748718 
 157  151  607   94   94  155  642  194  119  118  570  118  113  113  611  119 1362727131     809803 
 153  152  143  665  128  156  147 1438  127  119  113 1280  105  114  113  507 1362727131     954096 
 158  152  144  347   94  156  136  413  112  120  112  510  105  115  112  538 1362727132     265380 
 157  153  144  513   92  155  137  723  115  119  124  468  110  115  112  337 1362727132     699156 
 158  152  795   64   94  155  720  209  110  118  735  118  111  112  606  111 1362727133      42908 
 145  152  142  474   94  156  135  648  112  119  112  552  104  115  113  704 1362727133     464311 
 152  154  479   95   95  156  850  222  115  117  352  117  105  112  460  111 1362727134     700205 
 154  151  513   95  128  154  728  223  110  119  875  123  105  115  745  113 1362727134     724395 
 155  152  833   64  142  156  711  192  110  120  139  558  105  113  128  533 1362727134     847358 
 154  152  143  472  128  156  137  641  110  119  112  532  117  115  117  725 1362727136      51030 
 134  151  668   94   95  156  530  193  109  120  841  116  105  115  419  111 1362727136     477186 
 598  152  196   94  730  157  202  206  960  118  111  121  534  114  113  118 1362727137     112285 
 134  151  543   95   93  156  536  194  110  119  581  124  104  114  453  111 1362727137     711892 
 152  152  474   94   93  156  606  223  111  120  618  117  104  114  940  115 1362727138     135559 
 152  152  143  523  128  155  137  911  112  119  277  303  104  114  669  123 1362727138     431627 
 155  153  712   95   94  156  988  193  110  119  478  117  107  115  521  141 1362727138     501908 
 200  153  143  394   94  155  135  586  113  120  110  451  104  114  131  538 1362727138     784830 
 153  151  535   65  135  154  791  208  132  119  924  294  104  113 1241  422 1362727139     929184 
 128  152 1345   94  132  158 1670  192  111  118  967  214  105  113  125  772 1362727140     424380 
 151  152  144  462   95  156  136  663  113  118  112  516  104  114  112  434 1362727140     742927 
 133  151  152  452   93  155  134  662  133  118  111  743  104  114  110  434 1362727142      30529 
 850  151  194   95  390  155  137  192  111  120  139  117  111  114  945  110 1362727142     201396 
 153  153  536   77  128  158 1996  268  120  121  940  935  158  114  141 1244 1362727142     387789 
 153  153  460   66   94  157  452  199  110  120  396  123  113  114  413  113 1362727143     224449 
 152  152  142  777  150  154  146  798  110  118  111  780  105  112  504  119 1362727143     384617 
 152  151  602   93   94  155  651  192  117  119  578  128  105  114  530  110 1362727144      44244 
 142  152  520   64  136  156  136  201  112  120  115  444  102  114  127  576 1362727144     310409 
 152  153  646   95   94  156  578  205  114  120  572  126  105  113  516  111 1362727144     928034 
 129  152  142  475  131  157  137  603  113  120  115  740  104  115  115  506 1362727145     335554 
 152  152  648   95   95  155  599  222  131  120  350  121  105  115  510  110 1362727145     866464 
 131  152  922   93   94  157  851  193  112  120  880  117  104  114  604  123 1362727146     949619 
 129  151  157  540   95  156  143  605  109  121  112  721  111  115  112  530 1362727147     376602 
 151  151  588   64  133  157  541  209  119  120  534  116  105  113  418  121 1362727148     235616 
 152  153  143  653  132  155  138  793  112  119  124  713  104  114  113  571 1362727148     777921 
 154  152  711   66   95  155  516  193  119  119  458  126  104  113  558  112 1362727149     741481 
 142  152  607   64   93  157  512  193  111  119  414  116  102  113  607  109 1362727149     850208 
 153  151  727   70   94  154  597  193  111  120  706  117  104  115  409  113 1362727151     364385 
 153  152  142  479   94  156  144  591  112  119  113  967  104  114  111  574 1362727152      68447 
 153  152  450   65   94  156  386  194  129  119  568  116  104  115  649  119 1362727153     625186 
 154  153  662   65  143  155  907  193  112  119  112  526  113  114  129  376 1362727154      29216 
 155  151  717   94   93  155  665  193  112  119  536  115  104  114  460  112 1362727154     801396 
 156  152  201  602  140  156  139  662  112  119  113  507  105  114  113  560 1362727155     815086 
 155  152 1038   65   94  155  658  193  110  121  516  118  104  116  575  116 1362727156     267420 
 131  151  150  589  128  155  135 1111  113  119  113  881  105  115  113  910 1362727157      44857 
 152  152  150  598   94  156  136 1116  119  120  111  646  111  115  112  602 1362727157     354401 
 731  151  142   71  648  156  136  223  445  118  122  118  425  114  112  112 1362727157     492623 
 129  151  576   70   94  157  541  192  110  120  454  116  104  114  669  110 1362727157     853064 
 154  152  733   71   95  156  588  206  113  119  433  121  104  114  623  133 1362727158     966720 
 129  152  142  390  132  155  135  606  124  119  109  695  104  114  112  504 1362727159     100407 
 154  152  474   64   95  155  711  200  110  120 1018  167  104  114  524  111 1362727159     931226 
 128  152  145  390  132  157  156  537  123  119  111  519  111  114  111  612 1362727160     145633 
 597  151  145   64  581  156  134  223  709  118  111  118  697  113  111  111 1362727161     144722 
 157  152  159  393   95  156  137  474  130  118  111  702  105  113  116  486 1362727162     999541 
 151  152  526   94  130  156  577  223  111  120  466  117  104  115  551  111 1362727163     118020 
 134  152  458   94  139  156  473  194  112  120 1225  117  103  114  565  113 1362727163     550764 
 133  152  542   68  133  156  543  192  111  119  586  115  104  114  453  111 1362727163     848393 
 154  151  146  666  137  155  137  578  112  119  111  525  103  113  123  431 1362727164     248929 
 152  152 1100   64  134  156  650  223  126  118  669  117  110  115  887  119 1362727165     221550 
 519  152  151   95  715  156  136  192  550  119  111  117  430  113  160  109 1362727165     275029 
 152  150  656   93   92  155  520  192  119  118  655  116  130  113  483  110 1362727165     601386 
 153  151  666   65   94  155  711  192  126  119  579  124  104  115  915  113 1362727166     257172 
 221  153  144  587   93  154  135  588  113  117  111  495  104  115  142  524 1362727167     152067 
 153  151  649   94   95  156  705  198  111  119  586  131  106  115  427  111 1362727168      81087 
 153  152  589   94  148  157  330  209  120  120  454  117  104  114  373  112 1362727169      37263 
 519  151  141   65 1349  156  136  217 1171  119  112  116  385  114  116  111 1362727169     205329 
 584  151  144   70  660  154  137  203  616  118  112  116  559  113  110  117 1362727169     880235 
 159  152  643   95  139  155  986  192  110  119  492  115  106  114 1112  109 1362727170     998120 
 154  151  142  471   94  156  192  472  111  119  118  595  129  113  111  484 1362727171     225394 
 153  151  858   85  149  156 1090  192  110  117 1379  123  104  113  978  113 1362727171     279659 
 410  152  144   95  478  155  136  222  392  118  117  115  732  113  112  112 1362727171     716674 
 151  152  145  461  128  155  138  592  118  120  111  442  114  114  112  921 1362727172      36439 
 779  151  144   64  904  157  137  193  620  120  113  117  572  114  110  119 1362727172     593072 
 543  151  141   94 1288  156  193  279  796  119  111  117  726  114  115  138 1362727172     821000 
 159  152  142  450   95  154  137 1046  111  119  110  461  127  114  113  436 1362727172     878220 
 154  152  528   92  135  156  535  192  109  119  618  116  109  115  545  113 1362727174     412353 
 539  152  143   87  962  157  153  192 1014  117  111  117  477  113  113  119 1362727174     630691 
 151  152  533   94   94  155  537  197  112  119  842  115  176  114  816  110 1362727174     647297 
 153  151  144  345   95  156  136  532  110  119  112  467  138  115  117  572 1362727174     803130 
 153  151  640  146  152  156  138  648  110  118  113  630  105  115  113  575 1362727175      88209 
 157  151  144  466   95  155  133  715  121  118  120  494  104  115  118  610 1362727175     829123 
 139  150  908   64   95  156  577  200  111  119  856  118  105  116  726  126 1362727176     761100 
 153  151  143  470   93  154  159  411  111  120  136  145  108  116  501  112 1362727176     784643 
 153  151  475   95   95  155  516  195  113  119  527  124  111  115  457  112 1362727176     907355 
 152  152  604   93   93  156  592  199  113  119  456  114  104  114  511  111 1362727177     609990 
 142  151  671   94   95  155  916  192  112  119  917  116  105  115  828  113 1362727177     799469 
 153  151  529   95   95  156  532  223  147  119  500  117  119  112  382  110 1362727179     445845 
 153  151  594   94   93  155  542  200  111  120  488  116  109  115  404  127 1362727180     230928 
 153  152  471   95  134  156  860  216  113  117  843  118  103  112  576  111 1362727180     497553 
 917  152  143   64  393  156  221  192  112  118  839  119  104  114  984  395 1362727181      61238 
 396  152  142   70  796  155  140  192  671  120  116  119  601  114  111  110 1362727181     782844 
 154  152  661   64   93  156  534  222  112  120  478  115  105  114  413  112 1362727182     524441 
 152  152  576   79   95  157  648  192  112  119  757  117  105  114  467  112 1362727182     764384 
 153  151  714   77  134  155  393  397  112  120  120  935  112  115  119  706 1362727183     344258 
 152  152  157  520   94  155  138  592  110  118  113  600  107  113  113  995 1362727183     621022 
 154  152  143  454  131  154  145  916  111  118  154 1031  105  115  109  573 1362727183     640082 
 154  151  848   94   94  156  526  222  114  119  544  124  106  113  466  111 1362727184     841054 
 154  151  148  479   94  154  153  725  129  119  111  687  122  114  111  436 1362727184     875535 
 154  152  720   65   92  156  536  198  110  118  438  118  104  114  570  111 1362727184     981385 
 153  152  467   77   92  156  592  223  120  119  645  125  111  114  747  126 1362727186     556678 
 149  152  144  413   94  155  137  402  119  118  113  522  125  115  112  451 1362727186     834645 
 154  152  142  474   95  155  146  581  111  119  115  623  105  114  133  485 1362727187     605837 
 129  152  603   75  128  155  728  223  113  119  738  128  103  112  470  112 1362727188     157944 
 400  151  142   93  347  156  138  192  404  119  111  119  502  114  112  112 1362727188     360920 
 135  151  592   93   95  155  476  194  111  118  384  118  108  113  461  113 1362727189     112241 
 141  151  588   94   95  156  642  192  112  119  921  115  104  115  775  113 1362727189     393215 
 154  152 1281   95   94  155  649  192  112  120 1368  180  102  114  605  111 1362727189     898203 
 592  150  221   95  453  156  138  192  472  119  113  116  555  115  111  111 1362727190     480546 
 153  152  448   68   94  155  598  198  111  118  484  117  116  115 1129  112 1362727190     677332 
 153  151  604   93  128  155  520  192  111  119  422  117  113  113  422  112 1362727191       6849 
 153  151  387  456  128  156  139 1291  111  119  113  691  108  114  115  556 1362727191     838696 
 136  153  643   94  136  156  540  192  110  120  651  116  104  115  461  111 1362727192     478979 
 154  151  142  479  150  155  135  782  111  120  130  643  104  113  121  491 1362727193     391488 
 158  153  521   72  130  157  540  223  112  118  505  116  106  114  441  111 1362727194     112142 
 523  152  143   86  464  156  152  223  567  120  110  117  369  115  110  110 1362727194     640163 
 158  152  146  478   93  156  139  407  110  120  119  480  104  115  119  424 1362727195      83675 
 153  153  670   64   95  156  539  223  113  117  695  117  104  113  804  112 1362727195     698691 
 155  152  142  385  154  155  147  576  113  119  112  783  112  114  136  485 1362727195     728310 
 536  154  142   64  909  158  193  223  851  119  113  118  857  114  116  111 1362727195     831805 
 152  152  457   68  134  157  542  197  118  120  266  136  117  114  577  116 1362727196      48350 
 152  151  200  910  133  156  724  523  117  118  629  117  108  114  673  109 1362727196     120725 
 514  151  151   64 1300  156  142  197  642  119  110  129  416  114  114  112 1362727196     542882 
 915  151  142   94  900  157  137  279  474  117  119  118  660  114  125  115 1362727197     694689 
 150  150  143  414  136  155  134  722  112  118  120  436  105  115  111  407 1362727198     211021 
 151  152  916   64   95  155  595  193  153  119  646  117  104  113  634  113 1362727198     497348 
 133  152  143  586   94  155  198  709  111  120  118  759  104  113  116  549 1362727199      31337 
 128  152  466   77   93  158  659  219  111  119  558  116  104  114  502  110 1362727199      91448 
 152  151  589   64   94  155  970  197  120  119  329  124  124  114  568  114 1362727199     190093 
 154  153  654   93   94  155  727  219  118  119  559  117  103  113 1197  124 1362727200     141111 
 535  153  144   65   95  156  144  197  111  119  133  117  143  114  836  139 1362727200     377559 
 152  152  141  514   95  155  138  596  111  119  112  570  105  114  130  481 1362727200     824942 
 478  152  197   68  410  156  154  193  460  120  112  118  509  114  113  112 1362727201     256307 
 153  151  147  393   95  157  139  606  111  119  123  581  108  115  110  456 1362727201     340236 
1427  151  151   69  384  156  861  194  117  120  271  120  105  115  977  111 1362727202     250362 
 153  152  144  396  128  155  137  606  111  118  115  601  104  115  112  391 1362727202     555922 
 151  152  142  454   95  154  138  526  110  118  110  534  105  114  110  447 1362727205     744585 
 856  151  142   69  784  155  135  265  711  119  110  118  597  114  112  109 1362727206     211472 
 151  151  469   95  129  155  581  194  112  118  565  118  104  115  641  112 1362727208     682501 
 157  151  141  475  140  155  136  671  129  118  111  741  106  114  137  761 1362727209     168950 
 152  151  143  393  129  157  142  927  111  118  111  945  105  115  111  530 1362727209     479508 
 136  152  530   95   95  156  474  203  111  119  544  125  116  113  510  110 1362727209     956203 
 128  153  144  462   91  156  217  215  111  119  678  133  103  113  432  117 1362727210      42424 
 129  151  145  392   95  156  139  640  112  119  111  672  104  115  114  400 1362727210     899019 
 153  152  665   94  142  155  716  194  111  121  590  115  105  114  668  114 1362727213     252369 
 151  152  594   95   95  156  538  192  109  118  582  118  103  113  502  112 1362727213     988176 
 158  151  588   70  129  156  581  193  111  119  468  130  104  115  507  132 1362727214     355866 
 153  152 1167   65  128  157 1041  192  110  120 1005  140  112  113 1312  115 1362727214     745823 
 134  152  143  468   92  156  144  470  110  119  110  437  104  115  111  532 1362727215     294400 
 470  151  144   95  665  155  141  199  364  119  127  116  429  114  111  110 1362727215     858740 
 154  152  845   94   95  156 1032  213  113  119  662  114  104  113  983  111 1362727216     116001 
 158  151  149  595   94  156  138  536  111  118  119  426  104  113  114  372 1362727217     534136 
 462  152  144   94 1556  157  135  193 1119  116  121  116  629  116  113  111 1362727217     583825 
 152  151  526   65   95  154  405  220  111  119  564  118  107  114  432  112 1362727218      92927 
 711  152  143   93  640  156  136  215  468  118  112  115  318  113  112  113 1362727218     765569 
 402  151  143   94  470  156  138  192  450  120  112  117  718  114  112  112 1362727220     299835 
 157  151  464   64  129  156  388  223  133  120  442  116  105  113  579  132 1362727221     499115 
 145  153  452   64   95  155  527  222  117  120  367  116  113  115  550  120 1362727221     830955 
 153  151  516   95  133  156  592  199  112  120  501  116  103  113  647  112 1362727222     576091 
 129  152  470   93   94  155  411  222  110  119  483  116  105  114  537  119 1362727223     181202 
 134  151  144  385  134  156  139  452  114  119  111  437  104  114  611  119 1362727224     417533 
 478  151  142   64  462  154  142  222  394  119  165  117  486  113  111  111 1362727225     581111 
 132  151  604   64   94  156  732  223  126  120  556  117  105  113  988  112 1362727225     626624 
 131  152  521   87  128  156  337  221  136  119  455  125  104  113  458  112 1362727225     831434 
 518  151  192   95  708  155  145  222  498  119  115  117  456  113  113  139 1362727226     924365 
 153  151  143  473   93  156  135  724  112  119  110  487  104  114  111  521 1362727227      61223 
 145  151  451   64   95  156  473  192  112  121  815  117  107  114 1097  112 1362727227     132790 
 153  151  141  517  131  154  466  221  110  119  450  117  104  115  575  112 1362727229     231404 
 153  152  143  332   95  155  141  517  113  120  112  408  118  114  112  448 1362727229     321868 
 154  151  143  542   94  156  136  642  111  119  119  810  105  115  119  589 1362727229     757335 
 152  151  468   64   95  156  580  192  113  117  391  117  105  115  454  133 1362727229     762779 
 449  151  143   70  410  156  138  200  446  118  111  118  441  114  111  111 1362727230     391212 
 133  152  536   94   94  155  412  192  109  119  498  133  104  115  468  126 1362727231     162072 
 154  152  145  348   94  156  145  523  120  120  208  119  105  114  567  112 1362727232     559030 
 129  151  143  413   93  155  137  407  113  119  111  333  103  115  113  417 1362727233     327811 
 131  152  146  474   95  156  209  473  112  120  109  893  105  113  158  514 1362727234     831997 
 136  153  142  642  130  154  145  855  117  117  464  201  119  114  739  112 1362727235     511738 
 154  152  642   95   93  155  461  206  114  119  556  117  104  114  742  112 1362727236     287723 
 154  152 1173   64   95  156 1155  223  112  119  787  117  134  113  464  110 1362727238        956 
 156  151  199  465   94  154  136  601  112  119  485  153  105  114  588  112 1362727238     373646 
 153  152  143  449   94  156  136  578  117  119  111  574  112  114  115  432 1362727238     908512 
 154  151 1280   64   95  155  924  216  121  120  908  148  105  114 1433  144 1362727239     935896 
 155  151  658   74   92  156 1040  195  112  119  617  128  105  114  114  634 1362727240     664877 
 156  151  714   64   93  155  599  199  111  119  597  117  120  113  723  131 1362727241     482155 
 448  152  142   66  332  156  138  223  685  119  110  118  634  114  112  111 1362727241     561629 
 159  152  143  351   92  156  134  518  114  118  111  557  104  115  111  465 1362727242       5249 
 155  152  725   65  146  156  712  192  111  119  522  122  104  114  494  111 1362727242     242824 
 154  153  145  515   95  155  135  987  133  119  113  367  105  114  126  589 1362727243     103370 
 156  151  583   94  132  157  918  192  111  120 1085  120  110  114  904  119 1362727243     426045 
 148  151  655  448   95  155  151  714  117  118  117  486  114  113  119  543 1362727245     824796 
 512  152  146   73  783  155  148  192  678  119  113  116  875  115  121  111 1362727246     245124 
 156  152  542   94  142  156  581  193  109  119 1136  118  103  113  672  122 1362727246     499764 
 153  152  144  452   95  155  144  522  120  119  111  443  120  114  112  439 1362727246     810477 
 137  152  708  343  128  156  538  772  112  119  440  728  104  116  609  481 1362727248     248907 
 154  151  143  465  128  155  149  541  124  119  113  665  105  116  112  473 1362727248     384643 
 142  152  145  669  140  155  145  671  112  119  259  234  116  114  464  131 1362727248     945869 
 153  151  141  660   95  155  143  599  111  119  111  650  105  113  113  562 1362727249     194443 
 152  152  141  449   91  155  136  457  133  118  124  523  105  114  111  402 1362727249     561156 
 408  151  143   95  285  156  137  223  428  121  111  117  486  115  119  112 1362727249     898188 
 153  153  143  587   93  154  136  720  117  118  110 1015  111  113  114  398 1362727250     786801 
 155  151  149  591   94  156  144  655  111  119  515  141  113  114  562  114 1362727252     595097 
 152  152  153  667  157  155  136  926  110  119  138 1014  146  112  114  511 1362727253     627083 
 154  152  533   83   94  155  660  193  119  118  543  117  104  114  470  111 1362727253     792417 
 152  151  538   92   93  156  462  222  110  119  649  116  112  114  459  113 1362727254     255504 
 154  152  139  718  140  156  139  576  140  119  110  416  103  114  114  433 1362727254     782639 
 129  150  665  129   95  156  136  859  112  118  124  854  105  114  112  482 1362727255     279331 
 777  151  144   65  583  156  137  195  435  118  129  118  484  114  112  111 1362727255     710179 
 152  153  467   95   94  156  535  223  109  120  468  143  104  114  492  123 1362727256     558176 
 155  153  590  320   94  156  135  718  110  119  113  574  104  114  130  516 1362727256     705439 
 131  152  143  467   94  154  136  538  112  120  111  721  105  114  124  415 1362727257     204699 
 538  152  144   64  649  154  136  222  484  119  112  117  564  112  112  120 1362727257     266565 
 644  151  146   85  539  157  149  222  583  119  111  120  486  115  116  111 1362727260     141713 
 157  152  600   67   94  155  477  223  111  121  625  122  106  113  441  131 1362727261     585689 
 153  152  584   72  129  154  479  197  117  119  540  118  106  113  606  111 1362727261     780433 
 153  152  592   93   95  154  659  192  110  119  478  114  104  114  398  128 1362727262      79346 
 456  151  144   94  523  156  137  193  453  120  111  144  601  113  114  111 1362727262     891493 
 153  153  966   64  134  156  976  197  111  119  900  116  106  114  710  133 1362727263     949601 
 153  153  144  472   95  156  138  517  111  119  120  434  109  113  111  492 1362727264      83683 
 460  152  140   94  399  155  138  197  411  119  110  117  438  113  112  112 1362727264     416254 
 153  153  849   93   93  155  780  194  114  120  706  130  104  115  576  111 1362727267     751588 
 592  153  149   93  601  155  138  192  437  118  136  116  411  113  112  112 1362727267     940120 
 529  152  141   93  409  155  135  193  672  119  111  126  654  113  111  117 1362727268     669438 
 152  151  896   73   92  155 1039  193  118  119  737  116  103  114  655  111 1362727270     149411 
 153  152  143  405   95  155  145  476  111  119  111  522  105  114  113  635 1362727270     714549 
 151  152  203  519  128  157  149  704  113  118  146  603  104  113  460  563 1362727270     835529 
 154  151  596   76   94  155  722  192  121  118  680  118  103  115  470  191 1362727271      70783 
 128  152  144  985  134  155  148 1240  112  119  112 1896  106  114  113 1111 1362727271     368458 
 153  151  527   95  147  156  529  200  111  120  696  116  104  114  744  110 1362727272      20446 
 153  152  142  543  128  156  137  838  111  120  111  519  170  114  112  626 1362727272     441447 
 153  152  476  401   94  156  156  667  111  118  112  681  104  115  125  544 1362727272     541389 
 135  151  152  388   95  156  140  588  119  118  111  621  134  113  110  448 1362727273     483407 
 152  152  730   64   94  155  787  200  138  120  632  115  103  114  876  116 1362727273     846176 
 158  152  148  719  135  156  144  669  111  120  511  233  103  115  479  110 1362727274     351107 
 514  152  142   70   92  156  138  223  118  119  152  118  120  114  924  112 1362727275     140310 
 528  151  148   64  646  154  139  223  698  118  124  116  477  112  124  112 1362727275     912877 
 513  151  145   65  467  155  138  193  752  119  108  117  645  114  121  112 1362727276     913481 
 152  151  456   64   91  156  458  194  144  117  611  140  131  115  535  110 1362727280     204125 
 152  153  534   94   95  157  461  193  112  119  577  116  106  114  678  111 1362727281      55717 
 153  152  663   95   94  154  641  195  111  119  400  117  104  114  407  112 1362727282      85657 
 153  152  157  538   93  156  137  534  110  119  110  809  105  114  110  550 1362727282     122201 
 154  150  539   93   95  155  468  199  120  120  481  120  106  114  391  114 1362727282     287891 
 153  152  581   93  135  156  402  196  117  119  604  116  104  113  470  116 1362727282     733673 
 156  152  151  596   93  155  150  912  110  120  138  659  104  115  111  682 1362727283     778206 
 130  152  519   69   94  156  579  193  114  119  361  118  104  113  500  111 1362727284     689190 
 153  151  141  462  144  156  193  589  111  119  113  361  103  113  113  649 1362727285     372900 
 153  152  150  799  139  155  513  278  110  119  588  115  120  114  891  111 1362727285     711749 
 152  152  534   85   94  156  409  194  116  119  802  117  105  114  553  120 1362727285     801608 
 152  152  531   87   95  156  657  209  146  119  551  121  107  114  694  110 1362727286     576544 
 153  151  158  708  134  156  138  727  120  119  112  935  112  114  119  616 1362727286     805875 
 152  152  466   93  130  155  524  193  117  119  652  114  119  114  888  118 1362727286     926435 
 152  151  455   64   93  155  409  209  110  118  403  118  114  114  462  113 1362727286     965656 
 520  150  141   65  718  155  146  211  622  119  111  118  409  114  110  113 1362727287     506285 
 153  152  152  712  134  157  147 1172  111  120  118  744  103  114  112  864 1362727287     673714 
 158  153  144  770   93  156  538 1689  111  119  405  153  103  115  588  109 1362727287     753071 
 153  152  477   94  151  156  470  223  123  119  306  139  105  114  588  247 1362727288     163428 
 153  152  590   95   92  155  704  193  110  120  599  116  119  114  560  114 1362727288     195715 
 154  152  143  927  153  156  137  718  113  119  126  516  104  115  128  496 1362727288     261272 
 158  152  856   69  128  155  722  199  116  119  625  119  103  114  337  334 1362727288     387501 
 152  152  600  198   93  156  448  202  113  118  366  116  105  114  433  112 1362727289      25720 
 153  151  154  343  197  155  137  542  110  120  114  637  104  114  120  841 1362727289     104742 
 152  152  145  589   94  156  137  799  112  118  111  930  119  113  113  725 1362727289     573144 
 153  151  671   95   93  155  479  223  113  119  525  115  103  114  643  111 1362727289     993810 
 646  151  142   65 1156  154  134  192  906  118  116  116  907  114  112  128 1362727290     592645 
 152  152 1028   70  131  156 1160  223  111  119 1354  116  104  114  777  112 1362727291     615139 
 728  151  143   64  529  156  135  222  511  119  110  117  528  113  112  109 1362727292     205616 
 152  152  643   95  129  155  523  223  116  119  392  129  105  113  110  638 1362727292     876475 
 154  151  143  415   92  156  139  650  115  118  110  541  103  114  112  443 1362727293     598431 
 140  150  536   95   92  156  461  192  111  120  418  117  126  114  394  110 1362727294     104420 
 153  152  150  519   93  155  136  988  111  118  127  532  103  114  293  403 1362727296      37829 
 154  151  144  604  133  156  145  991  111  119  112 1235  103  115  113  562 1362727296     250344 
 150  153  143  532   94  156  137  775  110  119  111  636  102  114  112  392 1362727297       5781 
 138  152  144  588   95  155  136  530  133  121  112  502  104  113  111  440 1362727297     314323 
 154  151  602   95   93  155 1233  192  111  120  982  126  112  114  571  121 1362727300      55220 
 709  151  147   95  732  155  137  204  964  118  119  117  475  114  113  113 1362727301     677916 
 542  152  145   95  514  156  135  202  441  118  116  117  544  115  120  112 1362727301     702188 
 128  152  147 1361  132  155  156 1752  110  119  110 2023  107  114  113  966 1362727302     132266 
 153  152  669   66  129  156  531  195  111  118  514  118  103  113  405  126 1362727303     729176 
 154  152  458   64   93  154  909  221  112  119  208  412  104  115  112  698 1362727303     861957 
 129  152  145  464   93  155  135  464  113  118  112  488  104  115  112  625 1362727305     866842 
 140  150  667   65   94  155  780  223  117  119  579  120  104  114  673  112 1362727306      22508 
 208  151  529   95   94  154  392  192  112  118  458  116  132  113  501  111 1362727306     451693 
 525  152  150   95  286  156  149  192  529  119  131  125  645  113  111  112 1362727307     442839 
 129  152  588   94  134  156  781  192  110  120  627  123  105  114  477  110 1362727307     549600 
 129  152  144  414   93  156  137  735  115  119  112  675  111  115  111  984 1362727307     737477 
 153  152  144  415  128  155  137  858  111  119  112  665  105  115  112  460 1362727307     829800 
 153  151  151  653  133  156  274  726  110  120  721  125  105  115  603  112 1362727307     938194 
 466  152  146   94  517  156  137  196  373  117  112  130  489  114  112  112 1362727308      28876 
 153  151  144  772   94  155  144  794  142  119  123  863  115  114  113  649 1362727308      64687 
 132  152  471   80   95  156  720  193  112  120  626  116  114  113  449  112 1362727308     604638 
 155  152  985   95  129  156  277  657  144  120  118  745  104  115  119  804 1362727309      40379 
 153  152  540   93   94  156  408  223  119  119  684  115  120  114  522  117 1362727309     267523 
 518  153  155   70  539  157  135  223  532  118  111  118  372  114  111  112 1362727309     866183 
 155  151  141  527   94  157  137  526  126  119  110  495  104  112  110  596 1362727311      53044 
 155  151  582   64   94  157  668  192  110  119  340  116  103  114  504  110 1362727311     358125 
 153  152  655   70   92  156  585  199  111  118  852  128  103  113  499  110 1362727311     651964 
 157  151  144  713  129  155  138 1354  112  118  110  453  103  114  110  602 1362727312     932618 
 133  152  415  131   94  154  718  192  113  120  747  119  104  113  815  112 1362727313     189534 
 153  152  597   67  132  156  465  222  113  118  501  116  106  113  508  110 1362727315     469972 
 713  151  144   72  770  155  137  192  627  119  112  115  444  113  112  147 1362727316     660477 
 154  151  925   93   95  154  982  192  114  119  826  117  104  114  728  111 1362727317     357091 
 131  153  156  577   92  155  145  605  113  119  112  834  105  114  113  542 1362727318        453 
 154  151  150  411   94  155  136  469  112  119  112  591  105  115  113  404 1362727318     329180 
 140  151  512   95   93  155  733  201  112  119  457  118  104  114  515  118 1362727318     818327 
 135  153  921   95   92  157  606  273  111  119  151  839  105  114  113  892 1362727320     388540 
 153  152  143  472   93  154  136  538  127  119  109  425  104  113  117  499 1362727324     625544 
 135  152  516   64   94  157  587  223  112  119  480  115  108  112  560  115 1362727326     108601 
 136  152  142  642  128  156  135  710  113  120  529  116  103  114  617  111 1362727326     469717 
 156  151  145  401   93  156  142  718  108  119  137  585  104  114  127  484 1362727326     556534 
 156  152  517   95   94  155  541  216  109  120  489  118  105  114  540  111 1362727326     665503 
 972  151  143   93  221  158  140  192  134  120  111  117  106  114  475  112 1362727328     789644 
 128  151  144  778   95  154  138  907  115  118  125  858  104  114  117  710 1362727328     839350 
 152  153  142  833  129  155  145 1220  112  119  129 1114  117  114  114  862 1362727330     370694 
 157  150  601   64   94  155  392  199  112  120  510  116  103  114  521  111 1362727330     911185 
 140  150  451   64  137  155  598  223  110  119  305  116  104  114  531  117 1362727330     990974 
 457  151  142   64  860  156  137  192  605  120  120  132  716  113  112  112 1362727332     174797 
 141  153  472   94   95  155  593  223  113  118  437  159  105  116  563  116 1362727332     372622 
 460  152  141   94  532  156  135  207  448  119  112  116  441  114  112  115 1362727332     385082 
 153  152  143  464  128  155  149  599  117  120  113  442  106  114  113  442 1362727332     522734 
 154  150  144  409   94  154  138  536  111  119  114  475  106  113  110  431 1362727333     181130 
 465  152  144   86  730  156  196  222  730  120  111  120  491  115  172  111 1362727333     599917 
 153  151  143  397  143  155  139  539  123  119  118  326  105  115  117  647 1362727333     674083 
 152  151  787  134  142  156 1119  193  109  119 1020  117  103  114  496  112 1362727334     186013 
 133  151  521   95   94  155  599  193  110  119  417  116  104  113  668  111 1362727335      53934 
 142  151  153  469  128  156  525  220  111  119  749  116  104  113  711  111 1362727335     279982 
 153  152  454   66   94  155  596  223  118  118  448  116  105  113  516  112 1362727336     187060 
 405  152  144   64  266  156  138  223  474  119  111  124  560  113  115  112 1362727337      18992 
 152  151  842   94   92  155  542  192  111  119  509  116  105  115  970  111 1362727339     919370 
 588  152  151   64  589  157  206  192  445  118  114  116  409  113  112  112 1362727340     535415 
 153  151  144  461   94  157  136  581  111  120  111  431  105  114  110  561 1362727340     733563 
 152  151  474   65   95  157  478  194  111  120  576  125  102  114  604  113 1362727340     738767 
 153  152  731   94   94  155 1113  192  110  118  722  136  105  115  969  109 1362727341     973287 
 130  152 1042   94   95  156  470  193  110  119  138  449  104  114  229  979 1362727342     431780 
 128  152  531   64   94  156  451  193  110  119  714  117  105  114  545  116 1362727342     608023 
 153  153  649   95  141  156  851  223  112  117  709  115  111  114  525  114 1362727343     429818 
 135  152  401   94   95  155  531  223  110  120  860  117  103  113  432  284 1362727344     322722 
 153  152  146  541  130  156  135  834  111  120  111  461  105  115  113  395 1362727346     688385 
 153  153  450   94   94  155  476  194  114  119  393  121  106  113  416  129 1362727346     789082 
 156  151  596   64   95  155  851  256  111  121  817  116  103  115  619  114 1362727347     273509 
 154  151  584   64   93  156  518  193  112  119  832  117  110  114  514  110 1362727347     986812 
 154  151 1161   64   94  156 1216  193  111  118  750  117  103  114  416  134 1362727348     162476 
 128  152  157  600  129  155  198  735  111  120  138  566  103  113  453  113 1362727348     191166 
 919  151  142   95  533  155  135  200  300  117  113  115  443  113  113  112 1362727348     776736 
 154  151  604   93   94  157 1439  214  114  118  481  115  116  114  515  111 1362727349     167934 
 153  152  147  411  129  157  140  538  111  120  113  428  103  113  112  616 1362727349     957024 
 156  152  142  330   94  156  135  540  112  119  112  453  104  116  113  394 1362727350     776546 
 159  152  142  663   95  156  138  538  111  119  112  556  104  116  121  472 1362727351     106888 
 128  152  707   64   93  154  470  193  110  120  746  120  104  115  487  117 1362727351     405602 
 153  151  141  596   94  155  283  478  113  120  594  118  121  114  616  111 1362727352     834059 
 157  152  598   94   95  156  899  223  124  119  928  115  105  115  660  113 1362727353     191052 
 154  152  143  708   95  156  151  576  110  121  573  116  105  114  774  112 1362727353     640104 
 523  152  148   95  722  155  135  223  711  118  110  135  497  114  111  111 1362727353     786324 
 149  152  153  479   94  156  157  607  110  119  418  295  107  113  419  122 1362727353     985568 
 154  150  641   64   95  156  516  222  111  120  404  117  136  114  414  110 1362727354       2492 
 515  152  146   93  347  155  137  264  116  117  130  116  111  114  644  111 1362727354     225943 
 534  153  142   94  775  155  137  192  313  119  111  115  667  114  117  120 1362727354     554731 
 133  152  142  464  128  156  135  843  111  120  120  692  106  114  111  578 1362727355        708 
 154  152  537   64  128  156  478  194  113  120  423  115  103  114  605  110 1362727355     196794 
 156  152  579   95   94  156  643  219  139  119  431  118  111  114  480  112 1362727355     465432 
 151  153  467   64   95  155  406  192  111  119  591  123  104  113  605  112 1362727355     967633 
 131  152  478   64   93  156  411  223  110  120  455  117  105  113  435  113 1362727356     668428 
 152  151  527   95   95  155  782  195  111  120  671  122  111  113  415  112 1362727357     825989 
 604  151  143   65  599  155  137  276  683  119  110  116  458  115  112  110 1362727358     367673 
 153  151  458   68  136  154  582  195  110  118  396  132  113  113  515  113 1362727358     758868 
 153  151  793   93  150  155  649  201  110  119  473  119  104  115  482  111 1362727359     830520 
 153  151  523   95   93  155  410  207  365  118  520  116  103  112  413  111 1362727360     737732 
 129  152  478   94  133  156  582  192  113  120  488  115  105  114  449  110 1362727360     849633 
 153  151  526   90  140  154  468  200  113  118  826  117  111  114  781  200 1362727362     464450 
 129  152  712  137   95  155  660  221  110  119  217  478  111  114  150  426 1362727364     308126 
 159  151  671   95  133  154  848  200  122  117  421  116  105  111  375  122 1362727364     612856 
 153  151  454   93   95  156  777  196  110  119  670  115  103  114  691  117 1362727364     789955 
 708  152  145   64  847  156  150  222  749  119  113  117  498  113  118  111 1362727365     237562 
 153  151  726   94   92  155 1039  192  119  120 1101  131  103  114  487  114 1362727365     329467 
 157  151  200  963   95  156  136  535  110  118  117  379  103  113  120  400 1362727366      20409 
 478  152  142   95 1300  157  136  192 1477  118  119  116  825  114  122  112 1362727366     382406 
 153  152  669   95   92  155  531  193  111  120  500  117  113  113  445  111 1362727368     629926 
 153  152  781   66  141  155  783  210  109  117  554  470  134  113  583  355 1362727369      65846 
 130  152  591   64  129  156  713  192  111  119  642  117  105  114  905  129 1362727369     114951 
 155  153  465   64   95  156  782  207  120  120  400  130  105  115 1050  113 1362727369     634135 
 153  152  142  644   95  156  211  981  116  118  127  438  118  114  114  474 1362727369     722585 
1158  152  144   93 1037  156  145  192  748  118  108  133  642  114  117  112 1362727369     790098 
 154  152  653   94   94  156  600  202  109  121  918  117  105  113  696  111 1362727371      11801 
 151  151  450   95   94  156  732  223  111  119  547  116  107  114  739  109 1362727371     324911 
 151  152  403  151   93  156  386  196  111  121  502  115  148  113  759  125 1362727372      55264 
 157  151  145  517  128  157  134  606  112  120  120  476  127  113  112  593 1362727373     179473 
 155  151  196  462  142  156  143  523  109  118  112  613  146  114  114  405 1362727373     394178 
 153  152  143  975   93  156  147  409  110  118  113  438  104  113  111  447 1362727374      71598 
 153  152  144  466  128  158  389  198  112  118  723  116  104  115  976  123 1362727374     193555 
 152  151  142  730   94  156  205  451  118  119  503  122  115  114  471  126 1362727374     889862 
 986  151  142   94  671  156  136  193  860  118  110  118  494  115  110  112 1362727375     808854 
 153  151  456   95  139  155  460  262  110  120  459  116  105  113  505  111 1362727377     202120 
 153  152  477   64   95  156  707  194  112  119  479  119  103  115  505  110 1362727377     996054 
 129  153  143  404   95  156  136  594  110  119  118  429  103  114  111  406 1362727378     149781 
 128  151  526   77   94  155  388  220  120  118  119  623  104  115  112  591 1362727378     946362 
 456  151  144   66  526  155  134  200  431  119  116  120  692  114  111  111 1362727380     236041 
 153  152  142  539   94  155  137  414  111  118  119  531  104  113  111  435 1362727380     444118 
 591  152  143   95  909  156  135  197  800  118  112  118  564  113  111  110 1362727381     803448 
 474  151  143   64  600  157  138  192  510  119  113  118  719  114  172  118 1362727382     380172 
 152  153  916  132   95  155  276 1092  129  118  131  880  104  114  111  455 1362727383     185295 
 530  151  146   85  581  155  140  212 1067  120  148  117  771  113  112  112 1362727386     985646 
 153  152  158  470   94  156  136  582  111  119  111  893  106  113  111  516 1362727388     149171 
 543  152  142   95  604  156  136  223  617  119  111  115  443  114  111  110 1362727388     649491 
 155  152  147  601   93  156  137  474  113  119  160  733  103  113  121  401 1362727388     867479 
 153  151  518   69  132  155  466  259  112  120  927  116  104  114  667  112 1362727389     243578 
 153  152  594   95  139  154  536  199  111  119  560  142  103  113  432  111 1362727389     442672 
 853  151  158   94  606  156  136  192  782  117  113  117  476  115  113  126 1362727389     973292 
 152  151  144  392  128  156  135 1037  111  121  112 1082  122  113  120  651 1362727391      72770 
 152  152  143  597   95  157  144  526  119  119  111  412  105  113  112  372 1362727391     629845 
 541  151  142   94  780  156  138  207  461  118  107  116  382  114  113  111 1362727391     974610 
 151  153  145  386  128  155  146  471  110  118  112  716  113  114  113  448 1362727393      87522 
 153  150  142  919   95  155  200  834  112  118 1463  124  105  113 1056  111 1362727393     330923 
 525  152  577   93  463  156  386  336  343  119  117  508  367  114  112  911 1362727393     471152 
 151  150  524   93   93  155  387  192  112  118  440  116  104  115  477  113 1362727393     556947 
 154  152  519   94   94  155  523  208  132  119  596  117  103  113  816  178 1362727395     356639 
 151  153  198 1089   93  156  136  921  112  121  110  463  111  115  113  527 1362727395     745226 
 129  151  143  457  135  155  145  529  124  120  111  423  104  114  124  552 1362727396     621867 
 153  152  463   85  129  157  134  536  118  119  110  461  120  114  112  630 1362727396     851491 
 152  151  533   94   94  156  968  192  124  119  596  145  105  114  605  111 1362727397     933024 
 129  152  464   64   94  156 1158  207  111  119  821  116  105  114  458  112 1362727398     234156 
 154  150  542   67   94  156  650  193  112  118  408  114  118  115  467  112 1362727398     865909 
 128  152  466   67   93  155  713  223  111  119  459  115  106  115  524  113 1362727399      46999 
 151  152  465   72   94  155  595  222  111  119  738  116  104  114  888  119 1362727400     502218 
 153  151  192  386  129  156  138  781  117  120  118  404  105  114  114  383 1362727400     942267 
