1362225027	    520038	   8   96   12   12   20   14   11   12   16    8   23    9    0    0    0    0    0    0    0    0    0    0    0    0    0    0    0    0    0    0 
1362225027	    620040	   8   96   12   12   20   14   11   12   16    8   23    9    0    0    0    0    0    0    0    0    0    0    0    0    0    0    0    0    0    0 
1362225027	    720054	   8   96   12   12   20   14   11   12   16    8   23    9    0    0    0    0    0    0    0    0    0    0    0    0    0    0    0    0    0    0 
1362225027	    820122	   8   96   12   12   20   14   11   12   16    8   23    9    0    0    0    0    0    0    0    0    0    0    0    0    0    0    0    0    0    0 
1362225027	    920168	   8   96   12   12   20   14   11   12   16    8   23    9    0    0    0    0    0    0    0    0    0    0    0    0    0    0    0    0    0    0 
1362225028	     20222	   8   96   12   12   20   14   11   12   16    8   23    9    0    0    0    0    0    0    0    0    0    0    0    0    0    0    0    0    0    0 
1362225028	    120281	   8   96   12   12   20   14   11   12   16    8   23    9    0    0    0    0    0    0    0    0    0    0    0    0    0    0    0    0    0    0 
1362225028	    220263	   8   96   12   12   20   14   11   12   16    8   23    9    0    0    0    0    0    0    0    0    0    0    0    0    0    0    0    0    0    0 
1362225028	    320337	   8   96   12   12   20   14   11   12   16    8   23    9    0    0    0    0    0    0    0    0    0    0    0    0    0    0    0    0    0    0 
1362225028	    420394	   8   96   12   12   20   14   11   12   16    8   23    9    0    0    0    0    0    0    0    0    0    0    0    0    0    0    0    0    0    0 
1362225028	    520406	   8   96   12   12   20   14   11   12   16    8   23    9    0    0    0    0    0    0    0    0    0    0    0    0    0    0    0    0    0    0 
1362225028	    620454	   8   96   12   12   20   14   11   12   16    8   23    9    0    0    0    0    0    0    0    0    0    0    0    0    0    0    0    0    0    0 
1362225028	    720504	   8   96   12   12   20   14   11   12   16    8   23    9    0    0    0    0    0    0    0    0    0    0    0    0    0    0    0    0    0    0 
1362225028	    820572	   8   96   12   12   20   14   11   12   16    8   23    9    0    0    0    0    0    0    0    0    0    0    0    0    0    0    0    0    0    0 
1362225028	    920593	   8   96   12   12   20   14   11   12   16    8   23    9    0    0    0    0    0    0    0    0    0    0    0    0    0    0    0    0    0    0 
1362225029	     20679	   8   96   12   12   20   14   11   12   16    8   23    9    0    0    0    0    0    0    0    0    0    0    0    0    0    0    0    0    0    0 
1362225029	    120708	   8   96   12   12   20   14   11   12   16    8   23    9    0    0    0    0    0    0    0    0    0    0    0    0    0    0    0    0    0    0 
1362225029	    220716	   8   96   12   12   20   14   11   12   16    8   23    9    0    0    0    0    0    0    0    0    0    0    0    0    0    0    0    0    0    0 
1362225029	    320787	   8   96   12   12   20   14   11   12   16    8   23    9    0    0    0    0    0    0    0    0    0    0    0    0    0    0    0    0    0    0 
1362225029	    420843	   8   96   12   12   20   14   11   12   16    8   23    9    0    0    0    0    0    0    0    0    0    0    0    0    0    0    0    0    0    0 
1362225029	    520831	   8   96   12   12   20   14   11   12   16    8   23    9    0    0    0    0    0    0    0    0    0    0    0    0    0    0    0    0    0    0 
1362225029	    620878	   8   96   12   12   20   14   11   12   16    8   23    9    0    0    0    0    0    0    0    0    0    0    0    0    0    0    0    0    0    0 
1362225029	    720975	   8   96   13   12   20   14   11   12   16    8   23    9    0    0    0    0    0    0    0    0    0    0    0    0    0    0    0    0    0    0 
1362225029	    821003	   8   96   12   12   20   14   11   12   16    8   23    9    0    0    0    0    0    0    0    0    0    0    0    0    0    0    0    0    0    0 
1362225029	    921033	   8   96   12   12   20   14   11   12   16    8   23    9    0    0    0    0    0    0    0    0    0    0    0    0    0    0    0    0    0    0 
1362225030	     21096	   8   96   12   12   20   14   11   12   16    8   23    9    0    0    0    0    0    0    0    0    0    0    0    0    0    0    0    0    0    0 
1362225030	    121157	   8   96   12   12   20   14   11   12   16    8   23    9    0    0    0    0    0    0    0    0    0    0    0    0    0    0    0    0    0    0 
1362225030	    221154	   8   96   12   12   20   14   11   12   16    8   23    9    0    0    0    0    0    0    0    0    0    0    0    0    0    0    0    0    0    0 
1362225030	    321227	   8   96   12   12   20   14   11   12   16    8   23    9    0    0    0    0    0    0    0    0    0    0    0    0    0    0    0    0    0    0 
1362225030	    421234	   8   96   12   12   20   14   11   12   16    8   23    9    0    0    0    0    0    0    0    0    0    0    0    0    0    0    0    0    0    0 
1362225030	    521271	   8   96   12   12   20   14   11   12   16    8   23    9    0    0    0    0    0    0    0    0    0    0    0    0    0    0    0    0    0    0 
1362225030	    621197	   8   96   12   12   20   14   11   12   16    8   23    9    0    0    0    0    0    0    0    0    0    0    0    0    0    0    0    0    0    0 
1362225030	    721166	   8   96   12   12   20   14   11   12   16    8   23    9    0    0    0    0    0    0    0    0    0    0    0    0    0    0    0    0    0    0 
1362225030	    821210	   8   96   12   12   20   14   11   12   16    8   23    9    0    0    0    0    0    0    0    0    0    0    0    0    0    0    0    0    0    0 
1362225030	    921209	   8   96   12   12   20   14   11   12   16    8   23    9    0    0    0    0    0    0    0    0    0    0    0    0    0    0    0    0    0    0 
1362225031	     21267	   8   96   12   12   20   14   11   12   16    8   23    9    0    0    0    0    0    0    0    0    0    0    0    0    0    0    0    0    0    0 
1362225031	    121322	   8   96   12   12   20   14   11   12   16    8   23    9    0    0    0    0    0    0    0    0    0    0    0    0    0    0    0    0    0    0 
1362225031	    221359	   8   96   12   12   20   14   11   12   16    8   23    9    0    0    0    0    0    0    0    0    0    0    0    0    0    0    0    0    0    0 
1362225031	    321434	   8   96   12   12   20   14   11   12   16    8   23    9    0    0    0    0    0    0    0    0    0    0    0    0    0    0    0    0    0    0 
1362225031	    421469	   8   96   12   12   20   14   11   12   16    8   23    9    0    0    0    0    0    0    0    0    0    0    0    0    0    0    0    0    0    0 
1362225031	    521511	   8   96   12   12   20   14   11   12   16    8   23    9    0    0    0    0    0    0    0    0    0    0    0    0    0    0    0    0    0    0 
1362225031	    621554	   8   96   12   12   20   14   11   12   16    8   23    9    0    0    0    0    0    0    0    0    0    0    0    0    0    0    0    0    0    0 
1362225031	    721574	   8   96   12   12   20   14   11   12   16    8   23    9    0    0    0    0    0    0    0    0    0    0    0    0    0    0    0    0    0    0 
1362225031	    821639	   8   96   12   12   20   14   11   12   16    8   23    9    0    0    0    0    0    0    0    0    0    0    0    0    0    0    0    0    0    0 
1362225031	    921672	   8   96   12   12   20   14   11   12   16    8   23    9    0    0    0    0    0    0    0    0    0    0    0    0    0    0    0    0    0    0 
1362225032	     21697	   8   96   12   12   20   14   11   12   16    8   23    9    0    0    0    0    0    0    0    0    0    0    0    0    0    0    0    0    0    0 
1362225032	    121745	   8   96   12   12   20   14   11   12   16    8   23    9    0    0    0    0    0    0    0    0    0    0    0    0    0    0    0    0    0    0 
1362225032	    221805	   8   96   12   12   20   14   11   12   16    8   23    9    0    0    0    0    0    0    0    0    0    0    0    0    0    0    0    0    0    0 
1362225032	    321848	   8   96   12   12   20   14   11   12   16    8   23    9    0    0    0    0    0    0    0    0    0    0    0    0    0    0    0    0    0    0 
1362225032	    421901	   8   96   12   12   20   14   11   12   16    8   23    9    0    0    0    0    0    0    0    0    0    0    0    0    0    0    0    0    0    0 
1362225032	    521928	   8   96   12   12   20   14   11   12   16    8   23    9    0    0    0    0    0    0    0    0    0    0    0    0    0    0    0    0    0    0 
1362225032	    621982	   8   96   12   12   20   14   11   12   16    8   23    9    0    0    0    0    0    0    0    0    0    0    0    0    0    0    0    0    0    0 
1362225032	    722005	   8   96   12   12   20   14   11   12   16    8   23    9    0    0    0    0    0    0    0    0    0    0    0    0    0    0    0    0    0    0 
1362225032	    822036	   8   96   12   12   20   14   11   12   16    8   23    9    0    0    0    0    0    0    0    0    0    0    0    0    0    0    0    0    0    0 
1362225032	    922096	   8   96   12   12   20   14   11   12   16    8   23    9    0    0    0    0    0    0    0    0    0    0    0    0    0    0    0    0    0    0 
1362225033	     22184	   8   96   12   12   20   14   11   12   16    8   23    9    0    0    0    0    0    0    0    0    0    0    0    0    0    0    0    0    0    0 
1362225033	    122169	   8   96   12   12   20   14   11   12   16    8   23    9    0    0    0    0    0    0    0    0    0    0    0    0    0    0    0    0    0    0 
1362225033	    222277	   8   96   12   12   20   14   11   12   16    8   23    9    0    0    0    0    0    0    0    0    0    0    0    0    0    0    0    0    0    0 
1362225033	    322282	   8   96   12   12   20   14   11   12   16    8   23    9    0    0    0    0    0    0    0    0    0    0    0    0    0    0    0    0    0    0 
1362225033	    422363	   8   96   12   12   20   14   11   12   16    8   23    9    0    0    0    0    0    0    0    0    0    0    0    0    0    0    0    0    0    0 
1362225033	    522377	   8   96   12   12   20   14   11   12   16    8   22    9    0    0    0    0    0    0    0    0    0    0    0    0    0    0    0    0    0    0 
1362225033	    622419	   8   96   12   12   20   14   11   12   16    8   23    9    0    0    0    0    0    0    0    0    0    0    0    0    0    0    0    0    0    0 
1362225033	    722517	   8   96   12   12   20   14   11   12   16    8   23    9    0    0    0    0    0    0    0    0    0    0    0    0    0    0    0    0    0    0 
1362225033	    822544	   8   96   12   12   20   14   11   12   16    8   23    9    0    0    0    0    0    0    0    0    0    0    0    0    0    0    0    0    0    0 
1362225033	    922575	   8   96   12   12   20   14   11   12   16    8   23    9    0    0    0    0    0    0    0    0    0    0    0    0    0    0    0    0    0    0 
1362225034	     22606	   8   96   12   12   20   14   11   12   16    8   23    9    0    0    0    0    0    0    0    0    0    0    0    0    0    0    0    0    0    0 
1362225034	    122632	   8   96   12   12   20   14   11   12   16    8   23    9    0    0    0    0    0    0    0    0    0    0    0    0    0    0    0    0    0    0 
1362225034	    222674	   8   96   12   12   20   14   11   12   16    8   23    9    0    0    0    0    0    0    0    0    0    0    0    0    0    0    0    0    0    0 
1362225034	    322748	   8   96   12   12   20   14   11   12   16    8   23    9    0    0    0    0    0    0    0    0    0    0    0    0    0    0    0    0    0    0 
1362225034	    422767	   8   96   12   12   20   14   11   12   16    8   23    9    0    0    0    0    0    0    0    0    0    0    0    0    0    0    0    0    0    0 
1362225034	    522803	   8   96   12   12   20   14   11   12   16    8   23    9    0    0    0    0    0    0    0    0    0    0    0    0    0    0    0    0    0    0 
1362225034	    622855	   8   96   12   12   20   14   11   12   16    8   23    9    0    0    0    0    0    0    0    0    0    0    0    0    0    0    0    0    0    0 
1362225034	    722903	   8   96   12   12   20   14   11   12   16    8   23    9    0    0    0    0    0    0    0    0    0    0    0    0    0    0    0    0    0    0 
1362225034	    822961	   8   96   12   12   20   14   11   12   16    8   23    9    0    0    0    0    0    0    0    0    0    0    0    0    0    0    0    0    0    0 
1362225034	    923002	   8   96   12   12   20   14   11   12   16    8   23    9    0    0    0    0    0    0    0    0    0    0    0    0    0    0    0    0    0    0 
1362225035	     23041	   8   96   12   12   20   14   11   12   16    8   23    9    0    0    0    0    0    0    0    0    0    0    0    0    0    0    0    0    0    0 
1362225035	    123089	   8   96   12   12   20   14   11   12   16    8   23    9    0    0    0    0    0    0    0    0    0    0    0    0    0    0    0    0    0    0 
1362225035	    223106	   8   96   12   12   20   14   11   12   16    8   23    9    0    0    0    0    0    0    0    0    0    0    0    0    0    0    0    0    0    0 
1362225035	    323164	   8   96   12   12   20   14   11   12   16    8   23    9    0    0    0    0    0    0    0    0    0    0    0    0    0    0    0    0    0    0 
1362225035	    423215	   8   96   12   12   20   14   11   12   16    8   23    9    0    0    0    0    0    0    0    0    0    0    0    0    0    0    0    0    0    0 
1362225035	    523263	   8   96   12   12   20   14   11   12   16    8   23    9    0    0    0    0    0    0    0    0    0    0    0    0    0    0    0    0    0    0 
1362225035	    623315	   8   96   12   12   20   14   11   12   16    8   22    9    0    0    0    0    0    0    0    0    0    0    0    0    0    0    0    0    0    0 
1362225035	    723341	   8   96   12   12   20   14   11   12   16    8   23    9    0    0    0    0    0    0    0    0    0    0    0    0    0    0    0    0    0    0 
1362225035	    823403	   8   96   12   12   20   14   11   12   16    8   23    9    0    0    0    0    0    0    0    0    0    0    0    0    0    0    0    0    0    0 
1362225035	    923399	   8   96   12   12   20   14   11   12   16    8   23    9    0    0    0    0    0    0    0    0    0    0    0    0    0    0    0    0    0    0 
1362225036	     23505	   8   96   12   12   20   14   11   12   16    8   23    9    0    0    0    0    0    0    0    0    0    0    0    0    0    0    0    0    0    0 
1362225036	    123520	   8   96   12   12   20   14   11   12   16    8   23    9    0    0    0    0    0    0    0    0    0    0    0    0    0    0    0    0    0    0 
1362225036	    223546	   8   96   13   12   20   14   11   12   16    8   23    9    0    0    0    0    0    0    0    0    0    0    0    0    0    0    0    0    0    0 
1362225036	    323587	   8   96   12   12   20   14   11   12   16    8   23    9    0    0    0    0    0    0    0    0    0    0    0    0    0    0    0    0    0    0 
1362225036	    423629	   8   96   12   12   20   14   11   12   16    8   23    9    0    0    0    0    0    0    0    0    0    0    0    0    0    0    0    0    0    0 
1362225036	    523725	   8   96   12   12   20   14   11   12   16    8   23    9    0    0    0    0    0    0    0    0    0    0    0    0    0    0    0    0    0    0 
1362225036	    623717	   8   96   12   12   20   14   11   12   16    8   23    9    0    0    0    0    0    0    0    0    0    0    0    0    0    0    0    0    0    0 
1362225036	    723782	   8   96   12   12   20   14   11   12   16    8   23    9    0    0    0    0    0    0    0    0    0    0    0    0    0    0    0    0    0    0 
1362225036	    823783	   8   96   12   12   20   14   11   12   16    8   23    9    0    0    0    0    0    0    0    0    0    0    0    0    0    0    0    0    0    0 
1362225036	    923838	   8   96   12   12   20   14   11   12   16    8   23    9    0    0    0    0    0    0    0    0    0    0    0    0    0    0    0    0    0    0 
1362225037	     23899	   8   96   12   12   20   14   11   12   16    8   23    9    0    0    0    0    0    0    0    0    0    0    0    0    0    0    0    0    0    0 
1362225037	    123944	   8   96   12   12   20   14   11   12   16    8   23    9    0    0    0    0    0    0    0    0    0    0    0    0    0    0    0    0    0    0 
1362225037	    223975	   8   96   12   12   20   14   11   12   16    8   23    9    0    0    0    0    0    0    0    0    0    0    0    0    0    0    0    0    0    0 
1362225037	    324043	   8   96   12   12   20   14   11   12   16    8   23    9    0    0    0    0    0    0    0    0    0    0    0    0    0    0    0    0    0    0 
1362225037	    424069	   8   96   12   12   20   14   11   12   16    8   23    9    0    0    0    0    0    0    0    0    0    0    0    0    0    0    0    0    0    0 
