1362223452	    331723	   8   96   12   12   20   14   11   12   16    8   23    9    0    0    0    0    0    0    0    0    0    0    0    0    0    0    0    0    0    0 
1362223452	    431747	   8   96   12   12   20   14   11   12   16    8   23    9    0    0    0    0    0    0    0    0    0    0    0    0    0    0    0    0    0    0 
1362223452	    531804	   8   96   12   12   20   14   11   12   16    8   23    9    0    0    0    0    0    0    0    0    0    0    0    0    0    0    0    0    0    0 
1362223452	    631852	   8   96   12   12   20   14   11   12   16    8   23    9    0    0    0    0    0    0    0    0    0    0    0    0    0    0    0    0    0    0 
1362223452	    731884	   8   96   12   12   20   14   11   12   16    8   23    9    0    0    0    0    0    0    0    0    0    0    0    0    0    0    0    0    0    0 
1362223452	    831949	   8   96   12   12   20   14   11   12   16    8   23    9    0    0    0    0    0    0    0    0    0    0    0    0    0    0    0    0    0    0 
1362223452	    931985	   8   96   12   12   20   14   11   12   16    8   23    9    0    0    0    0    0    0    0    0    0    0    0    0    0    0    0    0    0    0 
1362223453	     32289	   8   96   12   12   20   14   11   12   16    8   23    9    0    0    0    0    0    0    0    0    0    0    0    0    0    0    0    0    0    0 
1362223453	    132017	   8   96   12   12   20   14   11   12   16    8   23    9    0    0    0    0    0    0    0    0    0    0    0    0    0    0    0    0    0    0 
1362223453	    232113	   8   96   12   12   20   14   11   12   16    8   23    9    0    0    0    0    0    0    0    0    0    0    0    0    0    0    0    0    0    0 
1362223453	    332138	   8   96   12   12   20   14   11   12   16    8   23    9    0    0    0    0    0    0    0    0    0    0    0    0    0    0    0    0    0    0 
1362223453	    432176	   8   96   12   12   20   14   11   12   16    8   23    9    0    0    0    0    0    0    0    0    0    0    0    0    0    0    0    0    0    0 
1362223453	    532229	   8   96   12   12   20   14   11   12   16    8   23    9    0    0    0    0    0    0    0    0    0    0    0    0    0    0    0    0    0    0 
1362223453	    632260	   8   96   12   12   20   14   11   12   16    8   23    9    0    0    0    0    0    0    0    0    0    0    0    0    0    0    0    0    0    0 
1362223453	    732296	   8   96   12   12   20   14   11   12   16    8   23    9    0    0    0    0    0    0    0    0    0    0    0    0    0    0    0    0    0    0 
1362223453	    832326	   8   96   12   12   20   14   11   12   16    8   23    9    0    0    0    0    0    0    0    0    0    0    0    0    0    0    0    0    0    0 
1362223453	    932370	   8   96   12   12   20   14   11   12   16    8   23    9    0    0    0    0    0    0    0    0    0    0    0    0    0    0    0    0    0    0 
1362223454	     32695	   8   96   12   12   20   14   11   12   16    8   23    9    0    0    0    0    0    0    0    0    0    0    0    0    0    0    0    0    0    0 
1362223454	    132498	   8   96   12   12   20   14   11   12   16    8   23    9    0    0    0    0    0    0    0    0    0    0    0    0    0    0    0    0    0    0 
1362223454	    232555	   8   96   12   12   20   14   11   12   16    8   23    9    0    0    0    0    0    0    0    0    0    0    0    0    0    0    0    0    0    0 
1362223454	    332554	   8   96   12   12   20   14   11   12   16    8   23    9    0    0    0    0    0    0    0    0    0    0    0    0    0    0    0    0    0    0 
1362223454	    432645	   8   96   12   12   20   14   11   12   16    8   23    9    0    0    0    0    0    0    0    0    0    0    0    0    0    0    0    0    0    0 
1362223454	    532677	   8   96   12   12   20   14   11   12   16    8   23    9    0    0    0    0    0    0    0    0    0    0    0    0    0    0    0    0    0    0 
1362223454	    632670	   8   96   12   12   20   14   11   12   16    8   23    9    0    0    0    0    0    0    0    0    0    0    0    0    0    0    0    0    0    0 
1362223454	    732718	   8   96   12   12   20   14   11   12   16    8   23    9    0    0    0    0    0    0    0    0    0    0    0    0    0    0    0    0    0    0 
1362223454	    832802	   8   96   12   12   20   14   11   12   16    8   23    9    0    0    0    0    0    0    0    0    0    0    0    0    0    0    0    0    0    0 
1362223454	    932821	   8   96   12   12   20   14   11   12   16    8   23    9    0    0    0    0    0    0    0    0    0    0    0    0    0    0    0    0    0    0 
1362223455	     33103	   8   96   12   12   20   14   11   12   16    8   23    9    0    0    0    0    0    0    0    0    0    0    0    0    0    0    0    0    0    0 
1362223455	    132928	   8   96   12   12   20   14   11   12   16    8   23    9    0    0    0    0    0    0    0    0    0    0    0    0    0    0    0    0    0    0 
1362223455	    232966	   8   96   12   12   20   14   11   12   16    8   23    9    0    0    0    0    0    0    0    0    0    0    0    0    0    0    0    0    0    0 
1362223455	    332854	   8   96   12   12   20   14   11   12   16    8   23    9    0    0    0    0    0    0    0    0    0    0    0    0    0    0    0    0    0    0 
1362223455	    432821	   8   96   12   12   20   14   11   12   16    8   23    9    0    0    0    0    0    0    0    0    0    0    0    0    0    0    0    0    0    0 
1362223455	    532873	   8   96   12   12   20   14   11   12   16    8   23    9    0    0    0    0    0    0    0    0    0    0    0    0    0    0    0    0    0    0 
1362223455	    632890	   8   96   12   12   20   14   11   12   16    8   23    9    0    0    0    0    0    0    0    0    0    0    0    0    0    0    0    0    0    0 
1362223455	    732943	   8   96   12   12   20   14   11   12   16    8   23    9    0    0    0    0    0    0    0    0    0    0    0    0    0    0    0    0    0    0 
1362223455	    832992	   8   96   12   12   20   14   11   12   16    8   23    9    0    0    0    0    0    0    0    0    0    0    0    0    0    0    0    0    0    0 
1362223455	    933001	   8   96   12   12   20   14   11   12   16    8   23    9    0    0    0    0    0    0    0    0    0    0    0    0    0    0    0    0    0    0 
1362223456	     33055	   8   96   12   12   20   14   11   12   16    8   23    9    0    0    0    0    0    0    0    0    0    0    0    0    0    0    0    0    0    0 
1362223456	    133113	   8   96   12   12   20   14   11   12   16    8   23    9    0    0    0    0    0    0    0    0    0    0    0    0    0    0    0    0    0    0 
1362223456	    233145	   8   96   12   12   20   14   11   12   16    8   23    9    0    0    0    0    0    0    0    0    0    0    0    0    0    0    0    0    0    0 
1362223456	    333203	   8   96   12   12   20   14   11   12   16    8   23    9    0    0    0    0    0    0    0    0    0    0    0    0    0    0    0    0    0    0 
1362223456	    433274	   8   96   12   12   20   14   11   12   16    8   23    9    0    0    0    0    0    0    0    0    0    0    0    0    0    0    0    0    0    0 
1362223456	    533294	   8   96   12   12   20   14   11   12   16    8   23    9    0    0    0    0    0    0    0    0    0    0    0    0    0    0    0    0    0    0 
1362223456	    633350	   8   96   12   12   20   14   11   12   16    8   23    9    0    0    0    0    0    0    0    0    0    0    0    0    0    0    0    0    0    0 
1362223456	    733401	   8   96   12   12   20   14   11   12   16    8   23    9    0    0    0    0    0    0    0    0    0    0    0    0    0    0    0    0    0    0 
1362223456	    833443	   8   96   12   12   20   14   11   12   16    8   23    9    0    0    0    0    0    0    0    0    0    0    0    0    0    0    0    0    0    0 
1362223456	    933444	   8   96   12   12   20   14   11   12   16    8   23    9    0    0    0    0    0    0    0    0    0    0    0    0    0    0    0    0    0    0 
1362223457	     33498	   8   96   12   12   20   14   11   12   16    8   23    9    0    0    0    0    0    0    0    0    0    0    0    0    0    0    0    0    0    0 
1362223457	    133528	   8   96   12   12   20   14   11   12   16    8   23    9    0    0    0    0    0    0    0    0    0    0    0    0    0    0    0    0    0    0 
1362223457	    233620	   8   96   12   12   20   14   11   12   16    8   23    9    0    0    0    0    0    0    0    0    0    0    0    0    0    0    0    0    0    0 
1362223457	    333664	   8   96   12   12   20   14   11   12   16    8   23    9    0    0    0    0    0    0    0    0    0    0    0    0    0    0    0    0    0    0 
1362223457	    433682	   8   96   12   12   20   14   11   12   16    8   23    9    0    0    0    0    0    0    0    0    0    0    0    0    0    0    0    0    0    0 
1362223457	    533742	   8   96   12   12   20   14   11   12   16    8   23    9    0    0    0    0    0    0    0    0    0    0    0    0    0    0    0    0    0    0 
1362223457	    633778	   8   96   12   12   20   14   11   12   16    8   23    9    0    0    0    0    0    0    0    0    0    0    0    0    0    0    0    0    0    0 
1362223457	    733794	   8   96   12   12   20   14   11   12   16    8   23    9    0    0    0    0    0    0    0    0    0    0    0    0    0    0    0    0    0    0 
1362223457	    833841	   8   96   12   12   20   14   11   12   16    8   23    9    0    0    0    0    0    0    0    0    0    0    0    0    0    0    0    0    0    0 
1362223457	    933920	   8   96   12   12   20   14   11   12   16    8   23    9    0    0    0    0    0    0    0    0    0    0    0    0    0    0    0    0    0    0 
1362223458	     33942	   8   96   12   12   20   14   11   12   16    8   23    9    0    0    0    0    0    0    0    0    0    0    0    0    0    0    0    0    0    0 
1362223458	    134000	   8   96   12   12   20   14   11   12   16    8   23    9    0    0    0    0    0    0    0    0    0    0    0    0    0    0    0    0    0    0 
1362223458	    234002	   8   96   12   12   20   14   11   12   16    8   23    9    0    0    0    0    0    0    0    0    0    0    0    0    0    0    0    0    0    0 
1362223458	    334082	   8   96   12   12   20   14   11   12   16    8   23    9    0    0    0    0    0    0    0    0    0    0    0    0    0    0    0    0    0    0 
1362223458	    434133	   8   96   12   12   20   14   11   12   16    8   23    9    0    0    0    0    0    0    0    0    0    0    0    0    0    0    0    0    0    0 
1362223458	    534208	   8   96   12   12   20   14   11   12   16    8   23    9    0    0    0    0    0    0    0    0    0    0    0    0    0    0    0    0    0    0 
1362223458	    634192	   8   96   12   12   20   14   11   12   16    8   23    9    0    0    0    0    0    0    0    0    0    0    0    0    0    0    0    0    0    0 
1362223458	    734281	   8   96   12   12   20   14   11   12   16    8   23    9    0    0    0    0    0    0    0    0    0    0    0    0    0    0    0    0    0    0 
1362223458	    834310	   8   96   12   12   20   14   11   12   16    8   23    9    0    0    0    0    0    0    0    0    0    0    0    0    0    0    0    0    0    0 
1362223458	    934320	   8   96   12   12   20   14   11   12   16    8   23    9    0    0    0    0    0    0    0    0    0    0    0    0    0    0    0    0    0    0 
1362223459	     34376	   8   96   12   12   20   14   11   12   16    8   23    9    0    0    0    0    0    0    0    0    0    0    0    0    0    0    0    0    0    0 
1362223459	    134410	   8   96   12   12   20   14   11   12   16    8   23    9    0    0    0    0    0    0    0    0    0    0    0    0    0    0    0    0    0    0 
1362223459	    234458	   8   96   12   12   20   14   11   12   16    8   23    9    0    0    0    0    0    0    0    0    0    0    0    0    0    0    0    0    0    0 
1362223459	    334546	   8   96   12   12   20   14   11   12   16    8   22    9    0    0    0    0    0    0    0    0    0    0    0    0    0    0    0    0    0    0 
1362223459	    434592	   8   96   12   12   20   14   11   12   16    8   23    9    0    0    0    0    0    0    0    0    0    0    0    0    0    0    0    0    0    0 
1362223459	    534577	   8   96   12   12   20   14   11   12   16    8   23    9    0    0    0    0    0    0    0    0    0    0    0    0    0    0    0    0    0    0 
1362223459	    634654	   8   96   12   12   20   14   11   12   16    8   23    9    0    0    0    0    0    0    0    0    0    0    0    0    0    0    0    0    0    0 
1362223459	    734704	   8   96   12   12   20   14   11   12   16    8   23    9    0    0    0    0    0    0    0    0    0    0    0    0    0    0    0    0    0    0 
1362223459	    834706	   8   96   12   12   20   14   11   12   16    8   23    9    0    0    0    0    0    0    0    0    0    0    0    0    0    0    0    0    0    0 
1362223459	    934795	   8   96   12   12   20   14   11   12   16    8   23    9    0    0    0    0    0    0    0    0    0    0    0    0    0    0    0    0    0    0 
1362223460	     34839	   8   96   12   12   20   14   11   12   16    8   23    9    0    0    0    0    0    0    0    0    0    0    0    0    0    0    0    0    0    0 
1362223460	    134849	   8   96   12   12   20   14   11   12   16    8   23    9    0    0    0    0    0    0    0    0    0    0    0    0    0    0    0    0    0    0 
1362223460	    234885	   8   96   12   12   20   14   11   12   16    8   23    9    0    0    0    0    0    0    0    0    0    0    0    0    0    0    0    0    0    0 
1362223460	    334927	   8   96   12   12   20   14   11   12   16    8   23    9    0    0    0    0    0    0    0    0    0    0    0    0    0    0    0    0    0    0 
1362223460	    435007	   8   96   12   12   20   14   11   12   16    8   23    9    0    0    0    0    0    0    0    0    0    0    0    0    0    0    0    0    0    0 
1362223460	    535031	   8   96   12   12   20   14   11   12   16    8   23    9    0    0    0    0    0    0    0    0    0    0    0    0    0    0    0    0    0    0 
1362223460	    635089	   8   96   12   12   20   14   11   12   16    8   23    9    0    0    0    0    0    0    0    0    0    0    0    0    0    0    0    0    0    0 
1362223460	    735136	   8   96   12   12   20   14   11   12   16    8   23    9    0    0    0    0    0    0    0    0    0    0    0    0    0    0    0    0    0    0 
1362223460	    835195	   8   96   12   12   20   14   11   12   16    8   23    9    0    0    0    0    0    0    0    0    0    0    0    0    0    0    0    0    0    0 
1362223460	    935215	   8   96   12   12   20   14   11   12   16    8   23    9    0    0    0    0    0    0    0    0    0    0    0    0    0    0    0    0    0    0 
1362223461	     35268	   8   96   12   12   20   14   11   12   16    8   23    9    0    0    0    0    0    0    0    0    0    0    0    0    0    0    0    0    0    0 
1362223461	    135302	   8   96   12   12   20   14   11   12   16    8   23    9    0    0    0    0    0    0    0    0    0    0    0    0    0    0    0    0    0    0 
1362223461	    235351	   8   96   12   12   20   14   11   12   16    8   23    9    0    0    0    0    0    0    0    0    0    0    0    0    0    0    0    0    0    0 
1362223461	    335411	   8   96   12   12   20   14   11   12   16    8   23    9    0    0    0    0    0    0    0    0    0    0    0    0    0    0    0    0    0    0 
1362223461	    435481	   8   96   12   12   20   14   11   12   16    8   23    9    0    0    0    0    0    0    0    0    0    0    0    0    0    0    0    0    0    0 
1362223461	    535481	   8   96   12   12   20   14   11   12   16    8   23    9    0    0    0    0    0    0    0    0    0    0    0    0    0    0    0    0    0    0 
1362223461	    635507	   8   96   12   12   20   14   11   12   16    8   23    9    0    0    0    0    0    0    0    0    0    0    0    0    0    0    0    0    0    0 
1362223461	    735563	   8   96   12   12   20   14   11   12   16    8   23    9    0    0    0    0    0    0    0    0    0    0    0    0    0    0    0    0    0    0 
1362223461	    835633	   8   96   12   12   20   14   11   12   16    8   23    9    0    0    0    0    0    0    0    0    0    0    0    0    0    0    0    0    0    0 
1362223461	    935679	   8   96   12   12   20   14   11   12   16    7   22    9    0    0    0    0    0    0    0    0    0    0    0    0    0    0    0    0    0    0 
1362223462	     35702	   8   96   12   12   20   14   11   12   16    8   23    9    0    0    0    0    0    0    0    0    0    0    0    0    0    0    0    0    0    0 
1362223462	    135725	   8   96   12   12   20   14   11   12   16    8   23    9    0    0    0    0    0    0    0    0    0    0    0    0    0    0    0    0    0    0 
1362223462	    235775	   8   96   12   12   20   14   11   12   16    8   23    9    0    0    0    0    0    0    0    0    0    0    0    0    0    0    0    0    0    0 
