1362225044	    327357	   8   96   12   12   20   14   11   12   16    8   23    9    0    0    0    0    0    0    0    0    0    0    0    0    0    0    0    0    0    0 
1362225044	    427355	   8   96   12   12   20   14   11   12   16    8   23    9    0    0    0    0    0    0    0    0    0    0    0    0    0    0    0    0    0    0 
1362225044	    527394	   8   96   12   12   20   14   11   12   16    8   23    9    0    0    0    0    0    0    0    0    0    0    0    0    0    0    0    0    0    0 
1362225044	    627467	   8   96   12   12   20   14   11   12   16    8   23    9    0    0    0    0    0    0    0    0    0    0    0    0    0    0    0    0    0    0 
1362225044	    727475	   8   96   12   12   20   14   11   12   16    8   23    9    0    0    0    0    0    0    0    0    0    0    0    0    0    0    0    0    0    0 
1362225044	    827511	   8   96   12   12   20   14   11   12   16    8   23    9    0    0    0    0    0    0    0    0    0    0    0    0    0    0    0    0    0    0 
1362225044	    927589	   8   96   12   12   20   14   11   12   16    8   23    9    0    0    0    0    0    0    0    0    0    0    0    0    0    0    0    0    0    0 
1362225045	     27671	   8   96   12   12   20   14   11   12   16    8   23    9    0    0    0    0    0    0    0    0    0    0    0    0    0    0    0    0    0    0 
1362225045	    127679	   8   96   12   12   20   14   11   12   16    8   23    9    0    0    0    0    0    0    0    0    0    0    0    0    0    0    0    0    0    0 
1362225045	    227688	   8   96   12   12   20   14   11   12   16    8   23    9    0    0    0    0    0    0    0    0    0    0    0    0    0    0    0    0    0    0 
1362225045	    327766	   8   96   12   12   20   14   11   12   16    8   23    9    0    0    0    0    0    0    0    0    0    0    0    0    0    0    0    0    0    0 
1362225045	    427840	   8   96   12   12   20   14   11   12   16    8   23    9    0    0    0    0    0    0    0    0    0    0    0    0    0    0    0    0    0    0 
1362225045	    527861	   8   96   13   12   20   14   11   12   16    8   23    9    0    0    0    0    0    0    0    0    0    0    0    0    0    0    0    0    0    0 
1362225045	    627923	   8   96   12   12   20   14   11   12   16    8   23    9    0    0    0    0    0    0    0    0    0    0    0    0    0    0    0    0    0    0 
1362225045	    727909	   8   96   12   12   20   14   11   12   16    8   23    9    0    0    0    0    0    0    0    0    0    0    0    0    0    0    0    0    0    0 
1362225045	    827961	   8   96   12   12   20   14   11   12   16    8   23    9    0    0    0    0    0    0    0    0    0    0    0    0    0    0    0    0    0    0 
1362225045	    928016	   8   96   12   12   20   14   11   12   16    8   23    9    0    0    0    0    0    0    0    0    0    0    0    0    0    0    0    0    0    0 
1362225046	     28073	   8   96   12   12   20   14   11   12   16    8   23    9    0    0    0    0    0    0    0    0    0    0    0    0    0    0    0    0    0    0 
1362225046	    128131	   8   96   12   12   20   14   11   12   16    8   23    9    0    0    0    0    0    0    0    0    0    0    0    0    0    0    0    0    0    0 
1362225046	    228191	   8   96   12   12   20   14   11   12   16    8   23    9    0    0    0    0    0    0    0    0    0    0    0    0    0    0    0    0    0    0 
1362225046	    328176	   8   96   12   12   20   14   11   12   16    8   23    9    0    0    0    0    0    0    0    0    0    0    0    0    0    0    0    0    0    0 
1362225046	    428227	   8   96   12   12   20   14   11   12   16    8   23    9    0    0    0    0    0    0    0    0    0    0    0    0    0    0    0    0    0    0 
1362225046	    528261	   8   96   12   12   20   14   11   12   16    8   23    9    0    0    0    0    0    0    0    0    0    0    0    0    0    0    0    0    0    0 
1362225046	    628340	   8   96   12   12   20   14   11   12   16    8   23    9    0    0    0    0    0    0    0    0    0    0    0    0    0    0    0    0    0    0 
1362225046	    728393	   8   96   12   12   20   14   11   12   16    8   23    9    0    0    0    0    0    0    0    0    0    0    0    0    0    0    0    0    0    0 
1362225046	    828379	   8   96   12   12   20   14   11   12   16    8   23    9    0    0    0    0    0    0    0    0    0    0    0    0    0    0    0    0    0    0 
1362225046	    928408	   8   96   12   12   20   14   11   12   16    8   23    9    0    0    0    0    0    0    0    0    0    0    0    0    0    0    0    0    0    0 
1362225047	     28499	   8   96   12   12   20   14   11   12   16    8   23    9    0    0    0    0    0    0    0    0    0    0    0    0    0    0    0    0    0    0 
1362225047	    128513	   8   96   12   12   20   14   11   12   16    8   23    9    0    0    0    0    0    0    0    0    0    0    0    0    0    0    0    0    0    0 
1362225047	    228561	   8   96   12   12   20   14   11   12   16    8   23    9    0    0    0    0    0    0    0    0    0    0    0    0    0    0    0    0    0    0 
1362225047	    328603	   8   96   12   12   20   14   11   12   16    8   23    9    0    0    0    0    0    0    0    0    0    0    0    0    0    0    0    0    0    0 
1362225047	    428646	   8   96   12   12   20   14   11   12   16    8   23    9    0    0    0    0    0    0    0    0    0    0    0    0    0    0    0    0    0    0 
1362225047	    528678	   8   96   12   12   20   14   11   12   16    8   23    9    0    0    0    0    0    0    0    0    0    0    0    0    0    0    0    0    0    0 
1362225047	    628775	   8   96   12   12   20   14   11   12   16    8   23    9    0    0    0    0    0    0    0    0    0    0    0    0    0    0    0    0    0    0 
1362225047	    728826	   8   96   12   12   20   14   11   12   16    8   23    9    0    0    0    0    0    0    0    0    0    0    0    0    0    0    0    0    0    0 
1362225047	    828836	   8   96   12   12   20   14   11   12   16    8   23    9    0    0    0    0    0    0    0    0    0    0    0    0    0    0    0    0    0    0 
1362225047	    928904	   8   96   12   12   20   14   11   12   16    8   23    9    0    0    0    0    0    0    0    0    0    0    0    0    0    0    0    0    0    0 
1362225048	     28919	   8   96   12   12   20   14   11   12   16    8   23    9    0    0    0    0    0    0    0    0    0    0    0    0    0    0    0    0    0    0 
1362225048	    128946	   8   96   12   12   20   14   11   12   16    8   23    9    0    0    0    0    0    0    0    0    0    0    0    0    0    0    0    0    0    0 
1362225048	    229025	   8   96   12   12   20   14   11   12   16    8   23    9    0    0    0    0    0    0    0    0    0    0    0    0    0    0    0    0    0    0 
1362225048	    329059	   8   96   12   12   20   14   11   12   16    8   23    9    0    0    0    0    0    0    0    0    0    0    0    0    0    0    0    0    0    0 
1362225048	    429111	   8   96   12   12   20   14   11   12   16    8   23    9    0    0    0    0    0    0    0    0    0    0    0    0    0    0    0    0    0    0 
1362225048	    529081	   8   96   12   12   20   14   11   12   16    8   23    9    0    0    0    0    0    0    0    0    0    0    0    0    0    0    0    0    0    0 
1362225048	    628980	   8   96   12   12   20   14   11   12   16    8   23    9    0    0    0    0    0    0    0    0    0    0    0    0    0    0    0    0    0    0 
1362225048	    729029	   8   96   12   12   20   14   11   12   16    8   23    9    0    0    0    0    0    0    0    0    0    0    0    0    0    0    0    0    0    0 
1362225048	    829054	   8   96   12   12   20   14   11   12   16    8   23    9    0    0    0    0    0    0    0    0    0    0    0    0    0    0    0    0    0    0 
1362225048	    929085	   8   96   12   12   20   14   11   12   16    8   23    9    0    0    0    0    0    0    0    0    0    0    0    0    0    0    0    0    0    0 
1362225049	     29177	   8   96   12   12   20   14   11   12   16    8   23    9    0    0    0    0    0    0    0    0    0    0    0    0    0    0    0    0    0    0 
1362225049	    129184	   8   96   13   12   20   14   11   12   16    8   23    9    0    0    0    0    0    0    0    0    0    0    0    0    0    0    0    0    0    0 
1362225049	    229259	   8   96   12   12   20   14   11   12   16    8   23    9    0    0    0    0    0    0    0    0    0    0    0    0    0    0    0    0    0    0 
1362225049	    329314	   8   96   12   12   20   14   11   12   16    8   23    9    0    0    0    0    0    0    0    0    0    0    0    0    0    0    0    0    0    0 
1362225049	    429304	   8   96   12   12   20   14   11   12   16    8   23    9    0    0    0    0    0    0    0    0    0    0    0    0    0    0    0    0    0    0 
1362225049	    529391	   8   96   12   12   20   14   11   12   16    8   23    9    0    0    0    0    0    0    0    0    0    0    0    0    0    0    0    0    0    0 
1362225049	    629439	   8   96   12   12   20   14   11   12   16    8   23    9    0    0    0    0    0    0    0    0    0    0    0    0    0    0    0    0    0    0 
1362225049	    729443	   8   96   12   12   20   14   11   12   16    8   23    9    0    0    0    0    0    0    0    0    0    0    0    0    0    0    0    0    0    0 
1362225049	    829501	   8   96   12   12   20   14   11   12   16    8   23    9    0    0    0    0    0    0    0    0    0    0    0    0    0    0    0    0    0    0 
1362225049	    929522	   8   96   12   12   20   14   11   12   16    8   23    9    0    0    0    0    0    0    0    0    0    0    0    0    0    0    0    0    0    0 
1362225050	     29603	   8   96   12   12   20   14   11   12   16    8   23    9    0    0    0    0    0    0    0    0    0    0    0    0    0    0    0    0    0    0 
1362225050	    129651	   8   96   12   12   20   14   11   12   16    8   23    9    0    0    0    0    0    0    0    0    0    0    0    0    0    0    0    0    0    0 
1362225050	    229697	   8   96   12   12   20   14   11   12   16    8   23    9    0    0    0    0    0    0    0    0    0    0    0    0    0    0    0    0    0    0 
1362225050	    329684	   8   96   12   12   20   14   11   12   16    8   23    9    0    0    0    0    0    0    0    0    0    0    0    0    0    0    0    0    0    0 
1362225050	    429736	   8   96   12   12   20   14   11   12   16    8   23    9    0    0    0    0    0    0    0    0    0    0    0    0    0    0    0    0    0    0 
1362225050	    529814	   8   96   12   12   20   14   11   12   16    8   23    9    0    0    0    0    0    0    0    0    0    0    0    0    0    0    0    0    0    0 
1362225050	    629867	   8   96   12   12   20   14   11   12   16    8   23    9    0    0    0    0    0    0    0    0    0    0    0    0    0    0    0    0    0    0 
1362225050	    729903	   8   96   12   12   20   14   11   12   16    8   23    9    0    0    0    0    0    0    0    0    0    0    0    0    0    0    0    0    0    0 
1362225050	    829919	   8   96   12   12   20   14   11   12   16    8   23    9    0    0    0    0    0    0    0    0    0    0    0    0    0    0    0    0    0    0 
1362225050	    929965	   8   96   13   12   20   14   11   12   16    8   23    9    0    0    0    0    0    0    0    0    0    0    0    0    0    0    0    0    0    0 
1362225051	     30019	   8   96   12   12   20   14   11   12   16    8   22    9    0    0    0    0    0    0    0    0    0    0    0    0    0    0    0    0    0    0 
1362225051	    130082	   8   96   12   12   20   14   11   12   16    8   23    9    0    0    0    0    0    0    0    0    0    0    0    0    0    0    0    0    0    0 
1362225051	    230145	   8   96   12   12   20   14   11   12   16    8   23    9    0    0    0    0    0    0    0    0    0    0    0    0    0    0    0    0    0    0 
1362225051	    330180	   8   96   12   12   20   14   11   12   16    8   23    9    0    0    0    0    0    0    0    0    0    0    0    0    0    0    0    0    0    0 
1362225051	    430231	   8   96   12   12   20   14   11   12   16    8   23    9    0    0    0    0    0    0    0    0    0    0    0    0    0    0    0    0    0    0 
1362225051	    530248	   8   96   12   12   20   14   11   12   16    8   23    9    0    0    0    0    0    0    0    0    0    0    0    0    0    0    0    0    0    0 
1362225051	    630298	   8   96   12   12   20   14   11   12   16    8   23    9    0    0    0    0    0    0    0    0    0    0    0    0    0    0    0    0    0    0 
1362225051	    730342	   8   96   12   12   20   14   11   12   16    8   23    9    0    0    0    0    0    0    0    0    0    0    0    0    0    0    0    0    0    0 
1362225051	    830391	   8   96   12   12   20   14   11   12   16    8   23    9    0    0    0    0    0    0    0    0    0    0    0    0    0    0    0    0    0    0 
1362225051	    930404	   8   96   12   12   20   14   11   12   16    8   23    9    0    0    0    0    0    0    0    0    0    0    0    0    0    0    0    0    0    0 
1362225052	     30464	   8   96   12   12   20   14   11   12   16    8   23    9    0    0    0    0    0    0    0    0    0    0    0    0    0    0    0    0    0    0 
1362225052	    130509	   8   96   12   12   20   14   11   12   16    8   23    9    0    0    0    0    0    0    0    0    0    0    0    0    0    0    0    0    0    0 
1362225052	    230560	   8   96   12   12   20   14   11   12   16    8   22    9    0    0    0    0    0    0    0    0    0    0    0    0    0    0    0    0    0    0 
1362225052	    330607	   8   96   12   12   20   14   11   12   16    8   23    9    0    0    0    0    0    0    0    0    0    0    0    0    0    0    0    0    0    0 
1362225052	    430658	   8   96   12   12   20   14   11   12   16    8   23    9    0    0    0    0    0    0    0    0    0    0    0    0    0    0    0    0    0    0 
1362225052	    530699	   8   96   12   12   20   14   11   12   16    8   23    9    0    0    0    0    0    0    0    0    0    0    0    0    0    0    0    0    0    0 
1362225052	    630696	   8   96   12   12   20   14   11   12   16    8   23    9    0    0    0    0    0    0    0    0    0    0    0    0    0    0    0    0    0    0 
1362225052	    730743	   8   96   12   12   20   14   11   12   16    8   23    9    0    0    0    0    0    0    0    0    0    0    0    0    0    0    0    0    0    0 
1362225052	    830830	   8   96   12   12   20   14   11   12   16    8   23    9    0    0    0    0    0    0    0    0    0    0    0    0    0    0    0    0    0    0 
1362225052	    930871	   8   96   12   12   20   14   11   12   16    8   23    9    0    0    0    0    0    0    0    0    0    0    0    0    0    0    0    0    0    0 
1362225053	     30878	   8   96   12   12   20   14   11   12   16    8   23    9    0    0    0    0    0    0    0    0    0    0    0    0    0    0    0    0    0    0 
1362225053	    130936	   8   96   12   12   20   14   11   12   16    8   23    9    0    0    0    0    0    0    0    0    0    0    0    0    0    0    0    0    0    0 
1362225053	    230998	   8   96   12   12   20   14   11   12   16    8   23    9    0    0    0    0    0    0    0    0    0    0    0    0    0    0    0    0    0    0 
1362225053	    331034	   8   96   12   12   20   14   11   12   16    8   23    9    0    0    0    0    0    0    0    0    0    0    0    0    0    0    0    0    0    0 
1362225053	    431082	   8   96   12   12   20   14   11   12   16    8   23    9    0    0    0    0    0    0    0    0    0    0    0    0    0    0    0    0    0    0 
1362225053	    531098	   8   96   12   12   20   14   11   12   16    8   23    9    0    0    0    0    0    0    0    0    0    0    0    0    0    0    0    0    0    0 
1362225053	    631152	   8   96   12   12   20   14   11   12   16    8   23    9    0    0    0    0    0    0    0    0    0    0    0    0    0    0    0    0    0    0 
1362225053	    731205	   8   96   12   12   20   14   11   12   16    8   23    9    0    0    0    0    0    0    0    0    0    0    0    0    0    0    0    0    0    0 
1362225053	    831253	   8   96   12   12   20   14   11   12   16    8   23    9    0    0    0    0    0    0    0    0    0    0    0    0    0    0    0    0    0    0 
1362225053	    931302	   8   96   12   12   20   14   11   12   16    8   23    9    0    0    0    0    0    0    0    0    0    0    0    0    0    0    0    0    0    0 
1362225054	     31314	   8   96   12   12   20   14   11   12   16    8   23    9    0    0    0    0    0    0    0    0    0    0    0    0    0    0    0    0    0    0 
1362225054	    131357	   8   96   12   12   20   14   11   12   16    8   23    9    0    0    0    0    0    0    0    0    0    0    0    0    0    0    0    0    0    0 
1362225054	    231408	   8   96   12   12   20   14   11   12   16    8   23    9    0    0    0    0    0    0    0    0    0    0    0    0    0    0    0    0    0    0 
