1362223465	    537222	   8   96   12   12   20   14   11   12   16    8   23    9    0    0    0    0    0    0    0    0    0    0    0    0    0    0    0    0    0    0 
1362223465	    637304	   8   96   12   12   20   14   11   12   16    8   23    9    0    0    0    0    0    0    0    0    0    0    0    0    0    0    0    0    0    0 
1362223465	    737341	   8   96   12   12   20   14   11   12   16    8   23    9    0    0    0    0    0    0    0    0    0    0    0    0    0    0    0    0    0    0 
1362223465	    837370	   8   96   12   12   20   14   11   12   16    8   23    9    0    0    0    0    0    0    0    0    0    0    0    0    0    0    0    0    0    0 
1362223465	    937398	   8   96   12   12   20   14   11   12   16    8   23    9    0    0    0    0    0    0    0    0    0    0    0    0    0    0    0    0    0    0 
1362223466	     37462	   8   96   12   12   20   14   11   12   16    8   23    9    0    0    0    0    0    0    0    0    0    0    0    0    0    0    0    0    0    0 
1362223466	    137476	   8   96   12   12   20   14   11   12   16    8   23    9    0    0    0    0    0    0    0    0    0    0    0    0    0    0    0    0    0    0 
1362223466	    237510	   8   96   12   12   20   14   11   12   16    8   23    9    0    0    0    0    0    0    0    0    0    0    0    0    0    0    0    0    0    0 
1362223466	    337579	   8   96   12   12   20   14   11   12   16    8   23    9    0    0    0    0    0    0    0    0    0    0    0    0    0    0    0    0    0    0 
1362223466	    437619	   8   96   12   12   20   14   11   12   16    8   23    9    0    0    0    0    0    0    0    0    0    0    0    0    0    0    0    0    0    0 
1362223466	    537699	   8   96   12   12   20   14   11   12   16    8   23    9    0    0    0    0    0    0    0    0    0    0    0    0    0    0    0    0    0    0 
1362223466	    637695	   8   96   12   12   20   14   11   12   16    8   23    9    0    0    0    0    0    0    0    0    0    0    0    0    0    0    0    0    0    0 
1362223466	    737734	   8   96   12   12   20   14   11   12   16    8   23    9    0    0    0    0    0    0    0    0    0    0    0    0    0    0    0    0    0    0 
1362223466	    837811	   8   96   12   12   20   14   11   12   16    8   23    9    0    0    0    0    0    0    0    0    0    0    0    0    0    0    0    0    0    0 
1362223466	    937867	   8   96   12   12   20   14   11   12   16    8   23    9    0    0    0    0    0    0    0    0    0    0    0    0    0    0    0    0    0    0 
1362223467	     37884	   8   96   12   12   20   14   11   12   16    8   23    9    0    0    0    0    0    0    0    0    0    0    0    0    0    0    0    0    0    0 
1362223467	    137845	   8   96   12   12   20   14   11   12   16    8   23    9    0    0    0    0    0    0    0    0    0    0    0    0    0    0    0    0    0    0 
1362223467	    237994	   8   96   12   12   20   14   11   12   16    8   23    9    0    0    0    0    0    0    0    0    0    0    0    0    0    0    0    0    0    0 
1362223467	    338006	   8   96   12   12   20   14   11   12   16    8   23    9    0    0    0    0    0    0    0    0    0    0    0    0    0    0    0    0    0    0 
1362223467	    438043	   8   96   12   12   20   14   11   12   16    8   23    9    0    0    0    0    0    0    0    0    0    0    0    0    0    0    0    0    0    0 
1362223467	    538072	   8   96   12   12   20   14   11   12   16    8   23    9    0    0    0    0    0    0    0    0    0    0    0    0    0    0    0    0    0    0 
1362223467	    638124	   8   96   12   12   20   14   11   12   16    8   23    9    0    0    0    0    0    0    0    0    0    0    0    0    0    0    0    0    0    0 
1362223467	    738146	   8   96   12   12   20   14   11   12   16    8   23    9    0    0    0    0    0    0    0    0    0    0    0    0    0    0    0    0    0    0 
1362223467	    838255	   8   96   12   12   20   14   11   12   16    8   23    9    0    0    0    0    0    0    0    0    0    0    0    0    0    0    0    0    0    0 
1362223467	    938242	   8   96   12   12   20   14   11   12   16    8   23    9    0    0    0    0    0    0    0    0    0    0    0    0    0    0    0    0    0    0 
1362223468	     38333	   8   96   12   12   20   14   11   12   16    8   23    9    0    0    0    0    0    0    0    0    0    0    0    0    0    0    0    0    0    0 
1362223468	    138337	   8   96   12   12   20   14   11   12   16    8   22    9    0    0    0    0    0    0    0    0    0    0    0    0    0    0    0    0    0    0 
1362223468	    238386	   8   96   12   12   20   14   11   12   16    8   23    9    0    0    0    0    0    0    0    0    0    0    0    0    0    0    0    0    0    0 
1362223468	    338443	   8   96   12   12   20   14   11   12   16    8   23    9    0    0    0    0    0    0    0    0    0    0    0    0    0    0    0    0    0    0 
1362223468	    438495	   8   96   12   12   20   14   11   12   16    8   23    9    0    0    0    0    0    0    0    0    0    0    0    0    0    0    0    0    0    0 
1362223468	    538548	   8   96   12   12   20   14   11   12   16    8   23    9    0    0    0    0    0    0    0    0    0    0    0    0    0    0    0    0    0    0 
1362223468	    638587	   8   96   12   12   20   14   11   12   16    8   23    9    0    0    0    0    0    0    0    0    0    0    0    0    0    0    0    0    0    0 
1362223468	    738633	   8   96   12   12   20   14   11   12   16    8   23    9    0    0    0    0    0    0    0    0    0    0    0    0    0    0    0    0    0    0 
1362223468	    838656	   8   96   12   12   20   14   11   12   16    8   23    9    0    0    0    0    0    0    0    0    0    0    0    0    0    0    0    0    0    0 
1362223468	    938694	   8   96   12   12   20   14   11   12   16    8   23    9    0    0    0    0    0    0    0    0    0    0    0    0    0    0    0    0    0    0 
1362223469	     38753	   8   96   12   12   20   14   11   12   16    8   23    9    0    0    0    0    0    0    0    0    0    0    0    0    0    0    0    0    0    0 
1362223469	    138781	   8   96   12   12   20   14   11   12   16    8   23    9    0    0    0    0    0    0    0    0    0    0    0    0    0    0    0    0    0    0 
1362223469	    238821	   8   96   12   12   20   14   11   12   16    8   23    9    0    0    0    0    0    0    0    0    0    0    0    0    0    0    0    0    0    0 
1362223469	    338900	   8   96   12   12   20   14   11   12   16    8   23    9    0    0    0    0    0    0    0    0    0    0    0    0    0    0    0    0    0    0 
1362223469	    438926	   8   96   12   12   20   14   11   12   16    8   23    9    0    0    0    0    0    0    0    0    0    0    0    0    0    0    0    0    0    0 
1362223469	    538971	   8   96   12   12   20   14   11   12   16    8   23    9    0    0    0    0    0    0    0    0    0    0    0    0    0    0    0    0    0    0 
1362223469	    638992	   8   96   12   12   20   14   11   12   16    8   23    9    0    0    0    0    0    0    0    0    0    0    0    0    0    0    0    0    0    0 
1362223469	    739028	   8   96   12   12   20   14   11   12   16    8   23    9    0    0    0    0    0    0    0    0    0    0    0    0    0    0    0    0    0    0 
1362223469	    839116	   8   96   12   12   20   14   11   12   16    8   23    9    0    0    0    0    0    0    0    0    0    0    0    0    0    0    0    0    0    0 
1362223469	    939128	   8   96   12   12   20   14   11   12   16    8   23    9    0    0    0    0    0    0    0    0    0    0    0    0    0    0    0    0    0    0 
1362223470	     39194	   8   96   12   12   20   14   11   12   16    8   23    9    0    0    0    0    0    0    0    0    0    0    0    0    0    0    0    0    0    0 
1362223470	    139241	   8   96   12   12   20   14   11   12   16    8   23    9    0    0    0    0    0    0    0    0    0    0    0    0    0    0    0    0    0    0 
1362223470	    239287	   8   96   12   12   20   14   11   12   16    8   23    9    0    0    0    0    0    0    0    0    0    0    0    0    0    0    0    0    0    0 
1362223470	    339330	   8   96   12   12   20   14   11   12   16    8   23    9    0    0    0    0    0    0    0    0    0    0    0    0    0    0    0    0    0    0 
1362223470	    439359	   8   96   12   12   20   14   11   12   16    8   23    9    0    0    0    0    0    0    0    0    0    0    0    0    0    0    0    0    0    0 
1362223470	    539435	   8   96   12   12   20   14   11   12   16    8   23    9    0    0    0    0    0    0    0    0    0    0    0    0    0    0    0    0    0    0 
1362223470	    639418	   8   96   12   12   20   14   11   12   16    8   23    9    0    0    0    0    0    0    0    0    0    0    0    0    0    0    0    0    0    0 
1362223470	    739504	   8   96   12   12   20   14   11   12   16    8   23    9    0    0    0    0    0    0    0    0    0    0    0    0    0    0    0    0    0    0 
1362223470	    839539	   8   96   12   12   20   14   11   12   16    8   23    9    0    0    0    0    0    0    0    0    0    0    0    0    0    0    0    0    0    0 
1362223470	    939585	   8   96   12   12   20   14   11   12   16    8   23    9    0    0    0    0    0    0    0    0    0    0    0    0    0    0    0    0    0    0 
1362223471	     39643	   8   96   12   12   20   14   11   12   16    8   23    9    0    0    0    0    0    0    0    0    0    0    0    0    0    0    0    0    0    0 
1362223471	    139668	   8   96   12   12   20   14   11   12   16    8   23    9    0    0    0    0    0    0    0    0    0    0    0    0    0    0    0    0    0    0 
1362223471	    239704	   8   96   12   12   20   14   11   12   16    8   23    9    0    0    0    0    0    0    0    0    0    0    0    0    0    0    0    0    0    0 
1362223471	    339751	   8   96   12   12   20   14   11   12   16    8   23    9    0    0    0    0    0    0    0    0    0    0    0    0    0    0    0    0    0    0 
1362223471	    439772	   8   96   12   12   20   14   11   12   16    8   23    9    0    0    0    0    0    0    0    0    0    0    0    0    0    0    0    0    0    0 
1362223471	    539826	   8   96   12   12   20   14   11   12   16    8   23    9    0    0    0    0    0    0    0    0    0    0    0    0    0    0    0    0    0    0 
1362223471	    639898	   8   96   12   12   20   14   11   12   16    8   23    9    0    0    0    0    0    0    0    0    0    0    0    0    0    0    0    0    0    0 
1362223471	    739929	   8   96   12   12   20   14   11   12   16    8   23    9    0    0    0    0    0    0    0    0    0    0    0    0    0    0    0    0    0    0 
1362223471	    839967	   8   96   12   12   20   14   11   12   16    8   23    9    0    0    0    0    0    0    0    0    0    0    0    0    0    0    0    0    0    0 
1362223471	    939985	   8   96   12   12   20   14   11   12   16    8   23    9    0    0    0    0    0    0    0    0    0    0    0    0    0    0    0    0    0    0 
1362223472	     40051	   8   96   12   12   20   14   11   12   16    8   23    9    0    0    0    0    0    0    0    0    0    0    0    0    0    0    0    0    0    0 
1362223472	    140068	   8   96   12   12   20   14   11   12   16    8   23    9    0    0    0    0    0    0    0    0    0    0    0    0    0    0    0    0    0    0 
1362223472	    240121	   8   96   12   12   20   14   11   12   16    8   23    9    0    0    0    0    0    0    0    0    0    0    0    0    0    0    0    0    0    0 
1362223472	    340216	   8   96   12   12   20   14   11   12   16    8   23    9    0    0    0    0    0    0    0    0    0    0    0    0    0    0    0    0    0    0 
1362223472	    440235	   8   96   12   12   20   14   11   12   16    8   23    9    0    0    0    0    0    0    0    0    0    0    0    0    0    0    0    0    0    0 
1362223472	    540276	   8   96   12   12   20   14   11   12   16    8   23    9    0    0    0    0    0    0    0    0    0    0    0    0    0    0    0    0    0    0 
1362223472	    640300	   8   96   12   12   20   14   11   12   16    8   23    9    0    0    0    0    0    0    0    0    0    0    0    0    0    0    0    0    0    0 
1362223472	    740382	   8   96   12   12   20   14   11   12   16    8   23    9    0    0    0    0    0    0    0    0    0    0    0    0    0    0    0    0    0    0 
1362223472	    840404	   8   96   12   12   20   14   11   12   16    8   23    9    0    0    0    0    0    0    0    0    0    0    0    0    0    0    0    0    0    0 
1362223472	    940445	   8   96   12   12   20   14   11   12   16    8   23    9    0    0    0    0    0    0    0    0    0    0    0    0    0    0    0    0    0    0 
1362223473	     40510	   8   96   12   12   20   14   11   12   16    8   23    9    0    0    0    0    0    0    0    0    0    0    0    0    0    0    0    0    0    0 
1362223473	    140569	   8   96   12   12   20   14   11   12   16    8   23    9    0    0    0    0    0    0    0    0    0    0    0    0    0    0    0    0    0    0 
1362223473	    240599	   8   96   12   12   20   14   11   12   16    8   23    9    0    0    0    0    0    0    0    0    0    0    0    0    0    0    0    0    0    0 
1362223473	    340641	   8   96   12   12   20   14   11   12   16    8   23    9    0    0    0    0    0    0    0    0    0    0    0    0    0    0    0    0    0    0 
1362223473	    440662	   8   96   12   12   20   14   11   12   16    8   23    9    0    0    0    0    0    0    0    0    0    0    0    0    0    0    0    0    0    0 
1362223473	    540711	   8   96   12   12   20   14   11   12   16    8   23    9    0    0    0    0    0    0    0    0    0    0    0    0    0    0    0    0    0    0 
1362223473	    640744	   8   96   12   12   20   14   11   12   16    8   23    9    0    0    0    0    0    0    0    0    0    0    0    0    0    0    0    0    0    0 
1362223473	    740778	   8   96   12   12   20   14   11   12   16    8   23    9    0    0    0    0    0    0    0    0    0    0    0    0    0    0    0    0    0    0 
1362223473	    840824	   8   96   12   12   20   14   11   12   16    8   23    9    0    0    0    0    0    0    0    0    0    0    0    0    0    0    0    0    0    0 
1362223473	    940906	   8   96   12   12   20   14   11   12   16    8   23    9    0    0    0    0    0    0    0    0    0    0    0    0    0    0    0    0    0    0 
1362223474	     40958	   8   96   12   12   20   14   11   12   16    8   23    9    0    0    0    0    0    0    0    0    0    0    0    0    0    0    0    0    0    0 
1362223474	    140951	   8   96   12   12   20   14   11   12   16    8   23    9    0    0    0    0    0    0    0    0    0    0    0    0    0    0    0    0    0    0 
1362223474	    241000	   8   96   12   12   20   14   11   12   16    8   23    9    0    0    0    0    0    0    0    0    0    0    0    0    0    0    0    0    0    0 
1362223474	    341074	   8   96   12   12   20   14   11   12   16    8   23    9    0    0    0    0    0    0    0    0    0    0    0    0    0    0    0    0    0    0 
1362223474	    441123	   8   96   12   12   20   14   11   12   16    8   23    9    0    0    0    0    0    0    0    0    0    0    0    0    0    0    0    0    0    0 
1362223474	    541123	   8   96   12   12   20   14   11   12   16    8   23    9    0    0    0    0    0    0    0    0    0    0    0    0    0    0    0    0    0    0 
1362223474	    641201	   8   96   12   12   20   14   11   12   16    8   23    9    0    0    0    0    0    0    0    0    0    0    0    0    0    0    0    0    0    0 
1362223474	    741244	   8   96   12   12   20   14   11   12   16    8   23    9    0    0    0    0    0    0    0    0    0    0    0    0    0    0    0    0    0    0 
1362223474	    841290	   8   96   12   12   20   14   11   12   16    8   23    9    0    0    0    0    0    0    0    0    0    0    0    0    0    0    0    0    0    0 
1362223474	    941306	   8   96   12   12   20   14   11   12   16    8   23    9    0    0    0    0    0    0    0    0    0    0    0    0    0    0    0    0    0    0 
1362223475	     41391	   8   96   12   12   20   14   11   12   16    8   23    9    0    0    0    0    0    0    0    0    0    0    0    0    0    0    0    0    0    0 
1362223475	    141406	   8   96   12   12   20   14   11   12   16    8   23    9    0    0    0    0    0    0    0    0    0    0    0    0    0    0    0    0    0    0 
1362223475	    241488	   8   96   12   12   20   14   11   12   16    8   23    9    0    0    0    0    0    0    0    0    0    0    0    0    0    0    0    0    0    0 
1362223475	    341508	   8   96   12   12   20   14   11   12   16    8   23    9    0    0    0    0    0    0    0    0    0    0    0    0    0    0    0    0    0    0 
1362223475	    441548	   8   96   12   12   20   14   11   12   16    8   23    9    0    0    0    0    0    0    0    0    0    0    0    0    0    0    0    0    0    0 
