1362223426	    620502	   8   96   12   12   20   14   11   12   16    8   23    9    0    0    0    0    0    0    0    0    0    0    0    0    0    0    0    0    0    0 
1362223426	    720550	   8   96   12   12   20   14   11   12   16    8   23    9    0    0    0    0    0    0    0    0    0    0    0    0    0    0    0    0    0    0 
1362223426	    820602	   8   96   12   12   20   14   11   12   16    8   23    9    0    0    0    0    0    0    0    0    0    0    0    0    0    0    0    0    0    0 
1362223426	    920630	   8   96   12   12   20   14   11   12   16    8   23    9    0    0    0    0    0    0    0    0    0    0    0    0    0    0    0    0    0    0 
1362223427	     20665	   8   96   12   12   20   14   11   12   16    8   23    9    0    0    0    0    0    0    0    0    0    0    0    0    0    0    0    0    0    0 
1362223427	    120713	   8   96   12   12   20   14   11   12   16    8   23    9    0    0    0    0    0    0    0    0    0    0    0    0    0    0    0    0    0    0 
1362223427	    220762	   8   96   12   12   20   14   11   12   16    8   23    9    0    0    0    0    0    0    0    0    0    0    0    0    0    0    0    0    0    0 
1362223427	    320797	   8   96   12   12   20   14   11   12   16    8   23    9    0    0    0    0    0    0    0    0    0    0    0    0    0    0    0    0    0    0 
1362223427	    420845	   8   96   12   12   20   14   11   12   16    8   23    9    0    0    0    0    0    0    0    0    0    0    0    0    0    0    0    0    0    0 
1362223427	    520891	   8   96   12   12   20   14   11   12   16    8   23    9    0    0    0    0    0    0    0    0    0    0    0    0    0    0    0    0    0    0 
1362223427	    620913	   8   96   12   12   20   14   11   12   16    8   23    9    0    0    0    0    0    0    0    0    0    0    0    0    0    0    0    0    0    0 
1362223427	    720955	   8   96   12   12   20   14   11   12   16    8   23    9    0    0    0    0    0    0    0    0    0    0    0    0    0    0    0    0    0    0 
1362223427	    820979	   8   96   12   12   20   14   11   12   16    8   23    9    0    0    0    0    0    0    0    0    0    0    0    0    0    0    0    0    0    0 
1362223427	    921069	   8   96   12   12   20   14   11   12   16    8   23    9    0    0    0    0    0    0    0    0    0    0    0    0    0    0    0    0    0    0 
1362223428	     21093	   8   96   12   12   20   14   11   12   16    8   23    9    0    0    0    0    0    0    0    0    0    0    0    0    0    0    0    0    0    0 
1362223428	    121113	   8   96   12   12   20   14   11   12   16    8   23    9    0    0    0    0    0    0    0    0    0    0    0    0    0    0    0    0    0    0 
1362223428	    221151	   8   96   12   12   20   14   11   12   16    8   23    9    0    0    0    0    0    0    0    0    0    0    0    0    0    0    0    0    0    0 
1362223428	    321203	   8   96   12   12   20   14   11   12   16    8   23    9    0    0    0    0    0    0    0    0    0    0    0    0    0    0    0    0    0    0 
1362223428	    421300	   8   96   12   12   20   14   11   12   16    8   23    9    0    0    0    0    0    0    0    0    0    0    0    0    0    0    0    0    0    0 
1362223428	    521142	   8   96   12   12   20   14   11   12   16    8   23    9    0    0    0    0    0    0    0    0    0    0    0    0    0    0    0    0    0    0 
1362223428	    621152	   8   96   12   12   20   14   11   12   16    8   23    9    0    0    0    0    0    0    0    0    0    0    0    0    0    0    0    0    0    0 
1362223428	    721150	   8   96   12   12   20   14   11   12   16    8   23    9    0    0    0    0    0    0    0    0    0    0    0    0    0    0    0    0    0    0 
1362223428	    821225	   8   96   12   12   20   14   11   12   16    8   23    9    0    0    0    0    0    0    0    0    0    0    0    0    0    0    0    0    0    0 
1362223428	    921246	   8   96   12   12   20   14   11   12   16    8   23    9    0    0    0    0    0    0    0    0    0    0    0    0    0    0    0    0    0    0 
1362223429	     21307	   8   96   12   12   20   14   11   12   16    8   23    9    0    0    0    0    0    0    0    0    0    0    0    0    0    0    0    0    0    0 
1362223429	    121308	   8   96   12   12   20   14   11   12   16    8   23    9    0    0    0    0    0    0    0    0    0    0    0    0    0    0    0    0    0    0 
1362223429	    221359	   8   96   12   12   20   14   11   12   16    8   23    9    0    0    0    0    0    0    0    0    0    0    0    0    0    0    0    0    0    0 
1362223429	    321431	   8   96   12   12   20   14   11   12   16    8   23    9    0    0    0    0    0    0    0    0    0    0    0    0    0    0    0    0    0    0 
1362223429	    421451	   8   96   12   12   20   14   11   12   16    8   23    9    0    0    0    0    0    0    0    0    0    0    0    0    0    0    0    0    0    0 
1362223429	    521505	   8   96   12   12   20   14   11   12   16    8   22    9    0    0    0    0    0    0    0    0    0    0    0    0    0    0    0    0    0    0 
1362223429	    621554	   8   96   12   12   20   14   11   12   16    8   23    9    0    0    0    0    0    0    0    0    0    0    0    0    0    0    0    0    0    0 
1362223429	    721626	   8   96   12   12   20   14   11   12   16    8   23    9    0    0    0    0    0    0    0    0    0    0    0    0    0    0    0    0    0    0 
1362223429	    821650	   8   96   12   12   20   14   11   12   16    8   23    9    0    0    0    0    0    0    0    0    0    0    0    0    0    0    0    0    0    0 
1362223429	    921698	   8   96   12   12   20   14   11   12   16    8   23    9    0    0    0    0    0    0    0    0    0    0    0    0    0    0    0    0    0    0 
1362223430	     21759	   8   96   12   12   20   14   11   12   16    8   23    9    0    0    0    0    0    0    0    0    0    0    0    0    0    0    0    0    0    0 
1362223430	    121762	   8   96   12   12   20   14   11   12   16    8   23    9    0    0    0    0    0    0    0    0    0    0    0    0    0    0    0    0    0    0 
1362223430	    221787	   8   96   12   12   20   14   11   12   16    8   23    9    0    0    0    0    0    0    0    0    0    0    0    0    0    0    0    0    0    0 
1362223430	    321846	   8   96   12   12   20   14   11   12   16    8   23    9    0    0    0    0    0    0    0    0    0    0    0    0    0    0    0    0    0    0 
1362223430	    421920	   8   96   12   12   20   14   11   12   16    8   23    9    0    0    0    0    0    0    0    0    0    0    0    0    0    0    0    0    0    0 
1362223430	    521944	   8   96   12   12   20   14   11   12   16    8   23    9    0    0    0    0    0    0    0    0    0    0    0    0    0    0    0    0    0    0 
1362223430	    621988	   8   96   12   12   20   14   11   12   16    8   23    9    0    0    0    0    0    0    0    0    0    0    0    0    0    0    0    0    0    0 
1362223430	    722057	   8   96   12   12   20   14   11   12   16    8   23    9    0    0    0    0    0    0    0    0    0    0    0    0    0    0    0    0    0    0 
1362223430	    822066	   8   96   12   12   20   14   11   12   16    8   23    9    0    0    0    0    0    0    0    0    0    0    0    0    0    0    0    0    0    0 
1362223430	    922096	   8   96   12   12   20   14   11   12   16    8   23    9    0    0    0    0    0    0    0    0    0    0    0    0    0    0    0    0    0    0 
1362223431	     22175	   8   96   12   12   20   14   11   12   16    8   23    9    0    0    0    0    0    0    0    0    0    0    0    0    0    0    0    0    0    0 
1362223431	    122194	   8   96   12   12   20   14   11   12   16    8   23    9    0    0    0    0    0    0    0    0    0    0    0    0    0    0    0    0    0    0 
1362223431	    222246	   8   96   12   12   20   14   11   12   16    8   23    9    0    0    0    0    0    0    0    0    0    0    0    0    0    0    0    0    0    0 
1362223431	    322325	   8   96   12   12   20   14   11   12   16    8   23    9    0    0    0    0    0    0    0    0    0    0    0    0    0    0    0    0    0    0 
1362223431	    422320	   8   96   12   12   20   14   11   12   16    8   23    9    0    0    0    0    0    0    0    0    0    0    0    0    0    0    0    0    0    0 
1362223431	    522356	   8   96   12   12   20   14   11   12   16    8   23    9    0    0    0    0    0    0    0    0    0    0    0    0    0    0    0    0    0    0 
1362223431	    622437	   8   96   12   12   20   14   11   12   16    8   23    9    0    0    0    0    0    0    0    0    0    0    0    0    0    0    0    0    0    0 
1362223431	    722452	   8   96   12   12   20   14   11   12   16    8   23    9    0    0    0    0    0    0    0    0    0    0    0    0    0    0    0    0    0    0 
1362223431	    822533	   8   96   12   12   20   14   11   12   16    8   23    9    0    0    0    0    0    0    0    0    0    0    0    0    0    0    0    0    0    0 
1362223431	    922558	   8   96   12   12   20   14   11   12   16    8   23    9    0    0    0    0    0    0    0    0    0    0    0    0    0    0    0    0    0    0 
1362223432	     22600	   8   96   12   12   20   14   11   12   16    8   23    9    0    0    0    0    0    0    0    0    0    0    0    0    0    0    0    0    0    0 
1362223432	    122651	   8   96   12   12   20   14   11   12   16    8   23    9    0    0    0    0    0    0    0    0    0    0    0    0    0    0    0    0    0    0 
1362223432	    222706	   8   96   12   12   20   14   11   12   16    8   23    9    0    0    0    0    0    0    0    0    0    0    0    0    0    0    0    0    0    0 
1362223432	    322728	   8   96   12   12   20   14   11   12   16    8   23    9    0    0    0    0    0    0    0    0    0    0    0    0    0    0    0    0    0    0 
1362223432	    422751	   8   96   12   12   20   14   11   12   16    8   23    9    0    0    0    0    0    0    0    0    0    0    0    0    0    0    0    0    0    0 
1362223432	    522852	   8   96   12   12   20   14   11   12   16    8   23    9    0    0    0    0    0    0    0    0    0    0    0    0    0    0    0    0    0    0 
1362223432	    622837	   8   96   12   12   20   14   11   12   16    8   23    9    0    0    0    0    0    0    0    0    0    0    0    0    0    0    0    0    0    0 
1362223432	    722921	   8   96   12   12   20   14   11   12   16    8   23    9    0    0    0    0    0    0    0    0    0    0    0    0    0    0    0    0    0    0 
1362223432	    822928	   8   96   12   12   20   14   11   12   16    8   23    9    0    0    0    0    0    0    0    0    0    0    0    0    0    0    0    0    0    0 
1362223432	    923008	   8   96   12   12   20   14   11   12   16    8   23    9    0    0    0    0    0    0    0    0    0    0    0    0    0    0    0    0    0    0 
1362223433	     23031	   8   96   12   12   20   14   11   12   16    8   23    9    0    0    0    0    0    0    0    0    0    0    0    0    0    0    0    0    0    0 
1362223433	    123086	   8   96   12   12   20   14   11   12   16    8   23    9    0    0    0    0    0    0    0    0    0    0    0    0    0    0    0    0    0    0 
1362223433	    223096	   8   96   12   12   20   14   11   12   16    8   23    9    0    0    0    0    0    0    0    0    0    0    0    0    0    0    0    0    0    0 
1362223433	    323174	   8   96   12   12   20   14   11   12   16    8   23    9    0    0    0    0    0    0    0    0    0    0    0    0    0    0    0    0    0    0 
1362223433	    423196	   8   96   12   12   20   14   11   12   16    8   23    9    0    0    0    0    0    0    0    0    0    0    0    0    0    0    0    0    0    0 
1362223433	    523257	   8   96   12   12   20   14   11   12   16    8   23    9    0    0    0    0    0    0    0    0    0    0    0    0    0    0    0    0    0    0 
1362223433	    623328	   8   96   12   12   20   14   11   12   16    8   23    9    0    0    0    0    0    0    0    0    0    0    0    0    0    0    0    0    0    0 
1362223433	    723336	   8   96   12   12   20   14   11   12   16    8   23    9    0    0    0    0    0    0    0    0    0    0    0    0    0    0    0    0    0    0 
1362223433	    823406	   8   96   12   12   20   14   11   12   16    8   23    9    0    0    0    0    0    0    0    0    0    0    0    0    0    0    0    0    0    0 
1362223433	    923432	   8   96   12   12   20   14   11   12   16    8   23    9    0    0    0    0    0    0    0    0    0    0    0    0    0    0    0    0    0    0 
1362223434	     23498	   8   96   12   12   20   14   11   12   16    8   23    9    0    0    0    0    0    0    0    0    0    0    0    0    0    0    0    0    0    0 
1362223434	    123509	   8   96   12   12   20   14   11   12   16    8   23    9    0    0    0    0    0    0    0    0    0    0    0    0    0    0    0    0    0    0 
1362223434	    223540	   8   96   12   12   20   14   11   12   16    8   23    9    0    0    0    0    0    0    0    0    0    0    0    0    0    0    0    0    0    0 
1362223434	    323637	   8   96   12   12   20   14   11   12   16    8   23    9    0    0    0    0    0    0    0    0    0    0    0    0    0    0    0    0    0    0 
1362223434	    423660	   8   96   12   12   20   14   11   12   16    8   23    9    0    0    0    0    0    0    0    0    0    0    0    0    0    0    0    0    0    0 
1362223434	    523674	   8   96   12   12   20   14   11   12   16    8   23    9    0    0    0    0    0    0    0    0    0    0    0    0    0    0    0    0    0    0 
1362223434	    623762	   8   96   12   12   20   14   11   12   16    8   23    9    0    0    0    0    0    0    0    0    0    0    0    0    0    0    0    0    0    0 
1362223434	    723807	   8   96   12   12   20   14   11   12   16    8   23    9    0    0    0    0    0    0    0    0    0    0    0    0    0    0    0    0    0    0 
1362223434	    823855	   8   96   12   12   20   14   11   12   16    8   23    9    0    0    0    0    0    0    0    0    0    0    0    0    0    0    0    0    0    0 
1362223434	    923896	   8   96   12   12   20   14   11   12   16    8   23    9    0    0    0    0    0    0    0    0    0    0    0    0    0    0    0    0    0    0 
1362223435	     23921	   8   96   12   12   20   14   11   12   16    8   23    9    0    0    0    0    0    0    0    0    0    0    0    0    0    0    0    0    0    0 
1362223435	    123936	   8   96   12   12   20   14   11   12   16    8   23    9    0    0    0    0    0    0    0    0    0    0    0    0    0    0    0    0    0    0 
1362223435	    224004	   8   96   12   12   20   14   11   12   16    8   23    9    0    0    0    0    0    0    0    0    0    0    0    0    0    0    0    0    0    0 
1362223435	    324048	   8   96   12   12   20   14   11   12   16    8   23    9    0    0    0    0    0    0    0    0    0    0    0    0    0    0    0    0    0    0 
1362223435	    424067	   8   96   12   12   20   14   11   12   16    8   23    9    0    0    0    0    0    0    0    0    0    0    0    0    0    0    0    0    0    0 
1362223435	    524149	   8   96   12   12   20   14   11   12   16    8   23    9    0    0    0    0    0    0    0    0    0    0    0    0    0    0    0    0    0    0 
1362223435	    624156	   8   96   12   12   20   14   11   12   16    8   23    9    0    0    0    0    0    0    0    0    0    0    0    0    0    0    0    0    0    0 
1362223435	    724202	   8   96   12   12   20   14   11   12   16    8   23    9    0    0    0    0    0    0    0    0    0    0    0    0    0    0    0    0    0    0 
1362223435	    824281	   8   96   12   12   20   14   11   12   16    8   23    9    0    0    0    0    0    0    0    0    0    0    0    0    0    0    0    0    0    0 
1362223435	    924297	   8   96   12   12   20   14   11   12   16    8   23    9    0    0    0    0    0    0    0    0    0    0    0    0    0    0    0    0    0    0 
1362223436	     24352	   8   96   12   12   20   14   11   12   16    8   23    9    0    0    0    0    0    0    0    0    0    0    0    0    0    0    0    0    0    0 
1362223436	    124360	   8   96   12   12   20   14   11   12   16    8   23    9    0    0    0    0    0    0    0    0    0    0    0    0    0    0    0    0    0    0 
1362223436	    224440	   8   96   12   12   20   14   11   12   16    8   23    9    0    0    0    0    0    0    0    0    0    0    0    0    0    0    0    0    0    0 
1362223436	    324499	   8   96   12   12   20   14   11   12   16    8   23    9    0    0    0    0    0    0    0    0    0    0    0    0    0    0    0    0    0    0 
1362223436	    424530	   8   96   12   12   20   14   11   12   16    8   23    9    0    0    0    0    0    0    0    0    0    0    0    0    0    0    0    0    0    0 
1362223436	    524575	   8   96   12   12   20   14   11   12   16    8   23    9    0    0    0    0    0    0    0    0    0    0    0    0    0    0    0    0    0    0 
