 154 1362629576      91753 2 8 40.0 50.0 
 154 1362629576     101896 2 8 40.0 50.0 
 154 1362629576     111871 2 8 40.0 50.0 
 154 1362629576     121890 2 8 40.0 50.0 
 154 1362629576     131885 2 8 40.0 50.0 
 154 1362629576     141829 2 8 40.0 50.0 
 154 1362629576     151855 2 8 40.0 50.0 
 154 1362629576     161865 2 8 40.0 50.0 
 154 1362629576     171919 2 8 40.0 50.0 
 154 1362629576     181888 2 8 40.0 50.0 
 154 1362629576     191877 2 8 40.0 50.0 
 154 1362629576     201835 2 8 40.0 50.0 
 154 1362629576     211868 2 8 40.0 50.0 
 154 1362629576     221981 2 8 40.0 50.0 
 154 1362629576     231945 2 8 40.0 50.0 
 154 1362629576     241827 2 8 40.0 50.0 
 154 1362629576     251929 2 8 40.0 50.0 
 153 1362629576     261928 2 8 40.0 50.0 
 154 1362629576     271877 2 8 40.0 50.0 
 154 1362629576     281865 2 8 40.0 50.0 
 154 1362629576     291869 2 8 40.0 50.0 
 154 1362629576     301875 2 8 40.0 50.0 
 154 1362629576     311884 2 8 40.0 50.0 
 154 1362629576     321888 2 8 40.0 50.0 
 154 1362629576     331871 2 8 40.0 50.0 
 154 1362629576     341945 2 8 40.0 50.0 
 154 1362629576     351939 2 8 40.0 50.0 
 154 1362629576     361949 2 8 40.0 50.0 
 154 1362629576     371948 2 8 40.0 50.0 
 154 1362629576     381923 2 8 40.0 50.0 
 154 1362629576     391924 2 8 40.0 50.0 
 154 1362629576     401919 2 8 40.0 50.0 
 154 1362629576     411994 2 8 40.0 50.0 
 154 1362629576     421997 2 8 40.0 50.0 
 154 1362629576     431942 2 8 40.0 50.0 
 154 1362629576     441968 2 8 40.0 50.0 
 154 1362629576     451973 2 8 40.0 50.0 
 154 1362629576     461969 2 8 40.0 50.0 
 154 1362629576     471965 2 8 40.0 50.0 
 154 1362629576     482018 2 8 40.0 50.0 
 154 1362629576     492031 2 8 40.0 50.0 
 154 1362629576     502049 2 8 40.0 50.0 
 154 1362629576     512057 2 8 40.0 50.0 
 155 1362629576     521997 2 8 40.0 50.0 
 154 1362629576     532008 2 8 40.0 50.0 
 154 1362629576     542027 2 8 40.0 50.0 
 154 1362629576     552047 2 8 40.0 50.0 
 155 1362629576     562061 2 8 40.0 50.0 
 154 1362629576     572060 2 8 40.0 50.0 
 154 1362629576     582072 2 8 40.0 50.0 
 153 1362629576     592079 2 8 40.0 50.0 
 154 1362629576     602090 2 8 40.0 50.0 
 154 1362629576     612094 2 8 40.0 50.0 
 154 1362629576     622106 2 8 40.0 50.0 
 154 1362629576     632118 2 8 40.0 50.0 
 154 1362629576     642101 2 8 40.0 50.0 
 155 1362629576     652096 2 8 40.0 50.0 
 154 1362629576     662108 2 8 40.0 50.0 
 154 1362629576     672118 2 8 40.0 50.0 
 154 1362629576     682114 2 8 40.0 50.0 
 154 1362629576     692178 2 8 40.0 50.0 
 154 1362629576     702121 2 8 40.0 50.0 
 154 1362629576     712123 2 8 40.0 50.0 
 154 1362629576     722134 2 8 40.0 50.0 
 154 1362629576     732207 2 8 40.0 50.0 
 154 1362629576     742209 2 8 40.0 50.0 
 154 1362629576     752208 2 8 40.0 50.0 
 154 1362629576     762226 2 8 40.0 50.0 
 154 1362629576     772225 2 8 40.0 50.0 
 154 1362629576     782229 2 8 40.0 50.0 
 154 1362629576     792246 2 8 40.0 50.0 
 154 1362629576     802189 2 8 40.0 50.0 
 154 1362629576     812193 2 8 40.0 50.0 
 154 1362629576     822235 2 8 40.0 50.0 
 154 1362629576     832240 2 8 40.0 50.0 
 154 1362629576     842263 2 8 40.0 50.0 
 154 1362629576     852268 2 8 40.0 50.0 
 154 1362629576     862294 2 8 40.0 50.0 
 154 1362629576     872233 2 8 40.0 50.0 
 154 1362629576     882246 2 8 40.0 50.0 
 154 1362629576     892252 2 8 40.0 50.0 
 154 1362629576     902259 2 8 40.0 50.0 
 154 1362629576     912258 2 8 40.0 50.0 
 154 1362629576     922273 2 8 40.0 50.0 
 154 1362629576     932290 2 8 40.0 50.0 
 154 1362629576     942310 2 8 40.0 50.0 
 154 1362629576     952319 2 8 40.0 50.0 
 154 1362629576     962322 2 8 40.0 50.0 
 154 1362629576     972334 2 8 40.0 50.0 
 154 1362629576     982348 2 8 40.0 50.0 
 154 1362629576     992346 2 8 40.0 50.0 
 154 1362629577       2331 2 8 40.0 50.0 
 154 1362629577      12354 2 8 40.0 50.0 
 154 1362629577      22383 2 8 40.0 50.0 
 154 1362629577      32354 2 8 40.0 50.0 
 154 1362629577      42383 2 8 40.0 50.0 
 154 1362629577      52363 2 8 40.0 50.0 
 154 1362629577      62376 2 8 40.0 50.0 
 154 1362629577      72425 2 8 40.0 50.0 
 154 1362629577      82437 2 8 40.0 50.0 
