 153 1362622946     297466 0 6 40.0 50.0 
 153 1362622946     307480 0 6 40.0 50.0 
 153 1362622946     317479 0 6 40.0 50.0 
 153 1362622946     327506 0 6 40.0 50.0 
 153 1362622946     337594 0 6 40.0 50.0 
 153 1362622946     347490 0 6 40.0 50.0 
 153 1362622946     357587 0 6 40.0 50.0 
 153 1362622946     367572 0 6 40.0 50.0 
 153 1362622946     377583 0 6 40.0 50.0 
 153 1362622946     387540 0 6 40.0 50.0 
 153 1362622946     397501 0 6 40.0 50.0 
 152 1362622946     407589 0 6 40.0 50.0 
 153 1362622946     417601 0 6 40.0 50.0 
 153 1362622946     427605 0 6 40.0 50.0 
 153 1362622946     437513 0 6 40.0 50.0 
 153 1362622946     447500 0 6 40.0 50.0 
 153 1362622946     457518 0 6 40.0 50.0 
 153 1362622946     467546 0 6 40.0 50.0 
 153 1362622946     477520 0 6 40.0 50.0 
 153 1362622946     487557 0 6 40.0 50.0 
 153 1362622946     497530 0 6 40.0 50.0 
 153 1362622946     507557 0 6 40.0 50.0 
 153 1362622946     517591 0 6 40.0 50.0 
 153 1362622946     527588 0 6 40.0 50.0 
 153 1362622946     537621 0 6 40.0 50.0 
 153 1362622946     547616 0 6 40.0 50.0 
 153 1362622946     557634 0 6 40.0 50.0 
 153 1362622946     567605 0 6 40.0 50.0 
 153 1362622946     577619 0 6 40.0 50.0 
 153 1362622946     587596 0 6 40.0 50.0 
 152 1362622946     597650 0 6 40.0 50.0 
 154 1362622946     607617 0 6 40.0 50.0 
 153 1362622946     617653 0 6 40.0 50.0 
 153 1362622946     627664 0 6 40.0 50.0 
 153 1362622946     637676 0 6 40.0 50.0 
 153 1362622946     647629 0 6 40.0 50.0 
 152 1362622946     657661 0 6 40.0 50.0 
 154 1362622946     667704 0 6 40.0 50.0 
 153 1362622946     677715 0 6 40.0 50.0 
 152 1362622946     687670 0 6 40.0 50.0 
 153 1362622946     697696 0 6 40.0 50.0 
 153 1362622946     707670 0 6 40.0 50.0 
 153 1362622946     717696 0 6 40.0 50.0 
 152 1362622946     727708 0 6 40.0 50.0 
 153 1362622946     737724 0 6 40.0 50.0 
 153 1362622946     747750 0 6 40.0 50.0 
 153 1362622946     757733 0 6 40.0 50.0 
 152 1362622946     767774 0 6 40.0 50.0 
 153 1362622946     777718 0 6 40.0 50.0 
 153 1362622946     787747 0 6 40.0 50.0 
 153 1362622946     797730 0 6 40.0 50.0 
 153 1362622946     807765 0 6 40.0 50.0 
 153 1362622946     817808 0 6 40.0 50.0 
 153 1362622946     827803 0 6 40.0 50.0 
 153 1362622946     837755 0 6 40.0 50.0 
 152 1362622946     847794 0 6 40.0 50.0 
 153 1362622946     857832 0 6 40.0 50.0 
 153 1362622946     867778 0 6 40.0 50.0 
 153 1362622946     877803 0 6 40.0 50.0 
 153 1362622946     887853 0 6 40.0 50.0 
 153 1362622946     897824 0 6 40.0 50.0 
 152 1362622946     907850 0 6 40.0 50.0 
 153 1362622946     917821 0 6 40.0 50.0 
 153 1362622946     927834 0 6 40.0 50.0 
 153 1362622946     937869 0 6 40.0 50.0 
 153 1362622946     947836 0 6 40.0 50.0 
 153 1362622946     957883 0 6 40.0 50.0 
 153 1362622946     967838 0 6 40.0 50.0 
 153 1362622946     977864 0 6 40.0 50.0 
 153 1362622946     987885 0 6 40.0 50.0 
 153 1362622946     997910 0 6 40.0 50.0 
 153 1362622947       7917 0 6 40.0 50.0 
 153 1362622947      17889 0 6 40.0 50.0 
 153 1362622947      27929 0 6 40.0 50.0 
 153 1362622947      37933 0 6 40.0 50.0 
 154 1362622947      47928 0 6 40.0 50.0 
 153 1362622947      57912 0 6 40.0 50.0 
 153 1362622947      67968 0 6 40.0 50.0 
 153 1362622947      77948 0 6 40.0 50.0 
 154 1362622947      87933 0 6 40.0 50.0 
 152 1362622947      97983 0 6 40.0 50.0 
 153 1362622947     107962 0 6 40.0 50.0 
 153 1362622947     117951 0 6 40.0 50.0 
 152 1362622947     127953 0 6 40.0 50.0 
 153 1362622947     137986 0 6 40.0 50.0 
 153 1362622947     147983 0 6 40.0 50.0 
 152 1362622947     157996 0 6 40.0 50.0 
 153 1362622947     168015 0 6 40.0 50.0 
 153 1362622947     178035 0 6 40.0 50.0 
 153 1362622947     188002 0 6 40.0 50.0 
 153 1362622947     198051 0 6 40.0 50.0 
 152 1362622947     208022 0 6 40.0 50.0 
 153 1362622947     218048 0 6 40.0 50.0 
 153 1362622947     228020 0 6 40.0 50.0 
 152 1362622947     238060 0 6 40.0 50.0 
 152 1362622947     248038 0 6 40.0 50.0 
 153 1362622947     258080 0 6 40.0 50.0 
 153 1362622947     268038 0 6 40.0 50.0 
 153 1362622947     278071 0 6 40.0 50.0 
 153 1362622947     288100 0 6 40.0 50.0 
 152 1362622947     298079 0 6 40.0 50.0 
 153 1362622947     308110 0 6 40.0 50.0 
 154 1362622947     318136 0 6 40.0 50.0 
 152 1362622947     328087 0 6 40.0 50.0 
 153 1362622947     338151 0 6 40.0 50.0 
 153 1362622947     348114 0 6 40.0 50.0 
 153 1362622947     358134 0 6 40.0 50.0 
 153 1362622947     368168 0 6 40.0 50.0 
 153 1362622947     378139 0 6 40.0 50.0 
 153 1362622947     388178 0 6 40.0 50.0 
 153 1362622947     398142 0 6 40.0 50.0 
 153 1362622947     408176 0 6 40.0 50.0 
 153 1362622947     418155 0 6 40.0 50.0 
 153 1362622947     428191 0 6 40.0 50.0 
 152 1362622947     438162 0 6 40.0 50.0 
 153 1362622947     448211 0 6 40.0 50.0 
 153 1362622947     458162 0 6 40.0 50.0 
 152 1362622947     468244 0 6 40.0 50.0 
 153 1362622947     478186 0 6 40.0 50.0 
 153 1362622947     488225 0 6 40.0 50.0 
 153 1362622947     498250 0 6 40.0 50.0 
 153 1362622947     508232 0 6 40.0 50.0 
 153 1362622947     518267 0 6 40.0 50.0 
 153 1362622947     528251 0 6 40.0 50.0 
 153 1362622947     538228 0 6 40.0 50.0 
 153 1362622947     548269 0 6 40.0 50.0 
 153 1362622947     558278 0 6 40.0 50.0 
 153 1362622947     568294 0 6 40.0 50.0 
 153 1362622947     578262 0 6 40.0 50.0 
 153 1362622947     588292 0 6 40.0 50.0 
 153 1362622947     598258 0 6 40.0 50.0 
 153 1362622947     608330 0 6 40.0 50.0 
 153 1362622947     618318 0 6 40.0 50.0 
 153 1362622947     628277 0 6 40.0 50.0 
 153 1362622947     638315 0 6 40.0 50.0 
 153 1362622947     648347 0 6 40.0 50.0 
 153 1362622947     658303 0 6 40.0 50.0 
 153 1362622947     668328 0 6 40.0 50.0 
 153 1362622947     678375 0 6 40.0 50.0 
 152 1362622947     688335 0 6 40.0 50.0 
 153 1362622947     698367 0 6 40.0 50.0 
 153 1362622947     708343 0 6 40.0 50.0 
 153 1362622947     718386 0 6 40.0 50.0 
 153 1362622947     728347 0 6 40.0 50.0 
 153 1362622947     738383 0 6 40.0 50.0 
 152 1362622947     748357 0 6 40.0 50.0 
 154 1362622947     758401 0 6 40.0 50.0 
 152 1362622947     768374 0 6 40.0 50.0 
 153 1362622947     778402 0 6 40.0 50.0 
 153 1362622947     788437 0 6 40.0 50.0 
 153 1362622947     798448 0 6 40.0 50.0 
 153 1362622947     808422 0 6 40.0 50.0 
 153 1362622947     818443 0 6 40.0 50.0 
 153 1362622947     828450 0 6 40.0 50.0 
 154 1362622947     838456 0 6 40.0 50.0 
 153 1362622947     848432 0 6 40.0 50.0 
 153 1362622947     858458 0 6 40.0 50.0 
 153 1362622947     868489 0 6 40.0 50.0 
 153 1362622947     878496 0 6 40.0 50.0 
 153 1362622947     888454 0 6 40.0 50.0 
 152 1362622947     898477 0 6 40.0 50.0 
 153 1362622947     908495 0 6 40.0 50.0 
 153 1362622947     918529 0 6 40.0 50.0 
 153 1362622947     928507 0 6 40.0 50.0 
 153 1362622947     938524 0 6 40.0 50.0 
 153 1362622947     948552 0 6 40.0 50.0 
 152 1362622947     958518 0 6 40.0 50.0 
 153 1362622947     968569 0 6 40.0 50.0 
 152 1362622947     978517 0 6 40.0 50.0 
 153 1362622947     988546 0 6 40.0 50.0 
 152 1362622947     998577 0 6 40.0 50.0 
 153 1362622948       8541 0 6 40.0 50.0 
 152 1362622948      18571 0 6 40.0 50.0 
 153 1362622948      28583 0 6 40.0 50.0 
 153 1362622948      38560 0 6 40.0 50.0 
 153 1362622948      48577 0 6 40.0 50.0 
 153 1362622948      58590 0 6 40.0 50.0 
 153 1362622948      68607 0 6 40.0 50.0 
 153 1362622948      78628 0 6 40.0 50.0 
 153 1362622948      88645 0 6 40.0 50.0 
 153 1362622948      98610 0 6 40.0 50.0 
 153 1362622948     108640 0 6 40.0 50.0 
 153 1362622948     118619 0 6 40.0 50.0 
 152 1362622948     128640 0 6 40.0 50.0 
 153 1362622948     138619 0 6 40.0 50.0 
 153 1362622948     148668 0 6 40.0 50.0 
 153 1362622948     158625 0 6 40.0 50.0 
 153 1362622948     168633 0 6 40.0 50.0 
 153 1362622948     178666 0 6 40.0 50.0 
 152 1362622948     188667 0 6 40.0 50.0 
 153 1362622948     198698 0 6 40.0 50.0 
 153 1362622948     208670 0 6 40.0 50.0 
 154 1362622948     218730 0 6 40.0 50.0 
 152 1362622948     228693 0 6 40.0 50.0 
 153 1362622948     238729 0 6 40.0 50.0 
 153 1362622948     248707 0 6 40.0 50.0 
 153 1362622948     258754 0 6 40.0 50.0 
 153 1362622948     268713 0 6 40.0 50.0 
 153 1362622948     278749 0 6 40.0 50.0 
 153 1362622948     288775 0 6 40.0 50.0 
 153 1362622948     298757 0 6 40.0 50.0 
 153 1362622948     308790 0 6 40.0 50.0 
 152 1362622948     318755 0 6 40.0 50.0 
 153 1362622948     328793 0 6 40.0 50.0 
 153 1362622948     338747 0 6 40.0 50.0 
 153 1362622948     348779 0 6 40.0 50.0 
 153 1362622948     358815 0 6 40.0 50.0 
 153 1362622948     368767 0 6 40.0 50.0 
 153 1362622948     378814 0 6 40.0 50.0 
 153 1362622948     388803 0 6 40.0 50.0 
 152 1362622948     398853 0 6 40.0 50.0 
 153 1362622948     408840 0 6 40.0 50.0 
 153 1362622948     418809 0 6 40.0 50.0 
 153 1362622948     428859 0 6 40.0 50.0 
 153 1362622948     438842 0 6 40.0 50.0 
 153 1362622948     448856 0 6 40.0 50.0 
 153 1362622948     458834 0 6 40.0 50.0 
 154 1362622948     468845 0 6 40.0 50.0 
 153 1362622948     478886 0 6 40.0 50.0 
 153 1362622948     488869 0 6 40.0 50.0 
 153 1362622948     498896 0 6 40.0 50.0 
 153 1362622948     508868 0 6 40.0 50.0 
 153 1362622948     518911 0 6 40.0 50.0 
 153 1362622948     528903 0 6 40.0 50.0 
 153 1362622948     538933 0 6 40.0 50.0 
 153 1362622948     548916 0 6 40.0 50.0 
 153 1362622948     558896 0 6 40.0 50.0 
 152 1362622948     568957 0 6 40.0 50.0 
 153 1362622948     578924 0 6 40.0 50.0 
 153 1362622948     588954 0 6 40.0 50.0 
 152 1362622948     598947 0 6 40.0 50.0 
 153 1362622948     608945 0 6 40.0 50.0 
 153 1362622948     618992 0 6 40.0 50.0 
 153 1362622948     628969 0 6 40.0 50.0 
 153 1362622948     638962 0 6 40.0 50.0 
 152 1362622948     649009 0 6 40.0 50.0 
 153 1362622948     659012 0 6 40.0 50.0 
 153 1362622948     669023 0 6 40.0 50.0 
 153 1362622948     679002 0 6 40.0 50.0 
 153 1362622948     688981 0 6 40.0 50.0 
 153 1362622948     699029 0 6 40.0 50.0 
 153 1362622948     709027 0 6 40.0 50.0 
 153 1362622948     719001 0 6 40.0 50.0 
 153 1362622948     729035 0 6 40.0 50.0 
 153 1362622948     739012 0 6 40.0 50.0 
 153 1362622948     749067 0 6 40.0 50.0 
 152 1362622948     759037 0 6 40.0 50.0 
 153 1362622948     769080 0 6 40.0 50.0 
 153 1362622948     779042 0 6 40.0 50.0 
 153 1362622948     789097 0 6 40.0 50.0 
 153 1362622948     799061 0 6 40.0 50.0 
 153 1362622948     809106 0 6 40.0 50.0 
 153 1362622948     819062 0 6 40.0 50.0 
 153 1362622948     829123 0 6 40.0 50.0 
 153 1362622948     839098 0 6 40.0 50.0 
 153 1362622948     849142 0 6 40.0 50.0 
 153 1362622948     859119 0 6 40.0 50.0 
 153 1362622948     869091 0 6 40.0 50.0 
 153 1362622948     879155 0 6 40.0 50.0 
 153 1362622948     889162 0 6 40.0 50.0 
 152 1362622948     899133 0 6 40.0 50.0 
 153 1362622948     909180 0 6 40.0 50.0 
 153 1362622948     919147 0 6 40.0 50.0 
 153 1362622948     929195 0 6 40.0 50.0 
 153 1362622948     939155 0 6 40.0 50.0 
 153 1362622948     949208 0 6 40.0 50.0 
 153 1362622948     959177 0 6 40.0 50.0 
 153 1362622948     969178 0 6 40.0 50.0 
 153 1362622948     979215 0 6 40.0 50.0 
 153 1362622948     989175 0 6 40.0 50.0 
 153 1362622948     999234 0 6 40.0 50.0 
 153 1362622949       9228 0 6 40.0 50.0 
 153 1362622949      19203 0 6 40.0 50.0 
 152 1362622949      29206 0 6 40.0 50.0 
 153 1362622949      39223 0 6 40.0 50.0 
 153 1362622949      49221 0 6 40.0 50.0 
 153 1362622949      59279 0 6 40.0 50.0 
 153 1362622949      69266 0 6 40.0 50.0 
 153 1362622949      79281 0 6 40.0 50.0 
 153 1362622949      89276 0 6 40.0 50.0 
 153 1362622949      99263 0 6 40.0 50.0 
 152 1362622949     109274 0 6 40.0 50.0 
 153 1362622949     119291 0 6 40.0 50.0 
 153 1362622949     129299 0 6 40.0 50.0 
 153 1362622949     139330 0 6 40.0 50.0 
 153 1362622949     149286 0 6 40.0 50.0 
 153 1362622949     159308 0 6 40.0 50.0 
 153 1362622949     169309 0 6 40.0 50.0 
 153 1362622949     179325 0 6 40.0 50.0 
 153 1362622949     189343 0 6 40.0 50.0 
 153 1362622949     199365 0 6 40.0 50.0 
 153 1362622949     209380 0 6 40.0 50.0 
 153 1362622949     219369 0 6 40.0 50.0 
 153 1362622949     229398 0 6 40.0 50.0 
 153 1362622949     239363 0 6 40.0 50.0 
 153 1362622949     249399 0 6 40.0 50.0 
 152 1362622949     259387 0 6 40.0 50.0 
 153 1362622949     269426 0 6 40.0 50.0 
 152 1362622949     279404 0 6 40.0 50.0 
 153 1362622949     289377 0 6 40.0 50.0 
 153 1362622949     299420 0 6 40.0 50.0 
 153 1362622949     309388 0 6 40.0 50.0 
 153 1362622949     319422 0 6 40.0 50.0 
 153 1362622949     329460 0 6 40.0 50.0 
 153 1362622949     339449 0 6 40.0 50.0 
 153 1362622949     349438 0 6 40.0 50.0 
 153 1362622949     359486 0 6 40.0 50.0 
 153 1362622949     369450 0 6 40.0 50.0 
 153 1362622949     379480 0 6 40.0 50.0 
 152 1362622949     389460 0 6 40.0 50.0 
 153 1362622949     399501 0 6 40.0 50.0 
 153 1362622949     409470 0 6 40.0 50.0 
 153 1362622949     419504 0 6 40.0 50.0 
 153 1362622949     429527 0 6 40.0 50.0 
 153 1362622949     439503 0 6 40.0 50.0 
 152 1362622949     449475 0 6 40.0 50.0 
 154 1362622949     459506 0 6 40.0 50.0 
 153 1362622949     469506 0 6 40.0 50.0 
 154 1362622949     479556 0 6 40.0 50.0 
 153 1362622949     489534 0 6 40.0 50.0 
 153 1362622949     499570 0 6 40.0 50.0 
 153 1362622949     509533 0 6 40.0 50.0 
 153 1362622949     519525 0 6 40.0 50.0 
 153 1362622949     529567 0 6 40.0 50.0 
 153 1362622949     539560 0 6 40.0 50.0 
 153 1362622949     549551 0 6 40.0 50.0 
 152 1362622949     559584 0 6 40.0 50.0 
 153 1362622949     569562 0 6 40.0 50.0 
 153 1362622949     579615 0 6 40.0 50.0 
 153 1362622949     589591 0 6 40.0 50.0 
 153 1362622949     599625 0 6 40.0 50.0 
 153 1362622949     609610 0 6 40.0 50.0 
 153 1362622949     619607 0 6 40.0 50.0 
 153 1362622949     629618 0 6 40.0 50.0 
 152 1362622949     639634 0 6 40.0 50.0 
 153 1362622949     649616 0 6 40.0 50.0 
 153 1362622949     659641 0 6 40.0 50.0 
 153 1362622949     669668 0 6 40.0 50.0 
 153 1362622949     679674 0 6 40.0 50.0 
 153 1362622949     689663 0 6 40.0 50.0 
 153 1362622949     699643 0 6 40.0 50.0 
 154 1362622949     709634 0 6 40.0 50.0 
 153 1362622949     719654 0 6 40.0 50.0 
 153 1362622949     729670 0 6 40.0 50.0 
 153 1362622949     739700 0 6 40.0 50.0 
 153 1362622949     749656 0 6 40.0 50.0 
 153 1362622949     759722 0 6 40.0 50.0 
 153 1362622949     769707 0 6 40.0 50.0 
 152 1362622949     779692 0 6 40.0 50.0 
 152 1362622949     789717 0 6 40.0 50.0 
 153 1362622949     799702 0 6 40.0 50.0 
 152 1362622949     809733 0 6 40.0 50.0 
 153 1362622949     819739 0 6 40.0 50.0 
 153 1362622949     829734 0 6 40.0 50.0 
 153 1362622949     839774 0 6 40.0 50.0 
 152 1362622949     849776 0 6 40.0 50.0 
 153 1362622949     859757 0 6 40.0 50.0 
 153 1362622949     869777 0 6 40.0 50.0 
 153 1362622949     879761 0 6 40.0 50.0 
 153 1362622949     889758 0 6 40.0 50.0 
 153 1362622949     899784 0 6 40.0 50.0 
 154 1362622949     909811 0 6 40.0 50.0 
 152 1362622949     919773 0 6 40.0 50.0 
 153 1362622949     929812 0 6 40.0 50.0 
 153 1362622949     939822 0 6 40.0 50.0 
 153 1362622949     949804 0 6 40.0 50.0 
 153 1362622949     959843 0 6 40.0 50.0 
 153 1362622949     969861 0 6 40.0 50.0 
 152 1362622949     979831 0 6 40.0 50.0 
 154 1362622949     989866 0 6 40.0 50.0 
 152 1362622949     999876 0 6 40.0 50.0 
 153 1362622950       9875 0 6 40.0 50.0 
 152 1362622950      19894 0 6 40.0 50.0 
 153 1362622950      29864 0 6 40.0 50.0 
 153 1362622950      39871 0 6 40.0 50.0 
 153 1362622950      49911 0 6 40.0 50.0 
 152 1362622950      59909 0 6 40.0 50.0 
 153 1362622950      69903 0 6 40.0 50.0 
 153 1362622950      79907 0 6 40.0 50.0 
 152 1362622950      89896 0 6 40.0 50.0 
 153 1362622950      99901 0 6 40.0 50.0 
 153 1362622950     109917 0 6 40.0 50.0 
 153 1362622950     119900 0 6 40.0 50.0 
 153 1362622950     129915 0 6 40.0 50.0 
 153 1362622950     139953 0 6 40.0 50.0 
 152 1362622950     149972 0 6 40.0 50.0 
 153 1362622950     159971 0 6 40.0 50.0 
 153 1362622950     169983 0 6 40.0 50.0 
 153 1362622950     179939 0 6 40.0 50.0 
 152 1362622950     189960 0 6 40.0 50.0 
 153 1362622950     199976 0 6 40.0 50.0 
 153 1362622950     210005 0 6 40.0 50.0 
 153 1362622950     220012 0 6 40.0 50.0 
 153 1362622950     230006 0 6 40.0 50.0 
 153 1362622950     240021 0 6 40.0 50.0 
 153 1362622950     250035 0 6 40.0 50.0 
 153 1362622950     260035 0 6 40.0 50.0 
 153 1362622950     270049 0 6 40.0 50.0 
 153 1362622950     280010 0 6 40.0 50.0 
 153 1362622950     290072 0 6 40.0 50.0 
 152 1362622950     300050 0 6 40.0 50.0 
 153 1362622950     310062 0 6 40.0 50.0 
 153 1362622950     320069 0 6 40.0 50.0 
 153 1362622950     330038 0 6 40.0 50.0 
 153 1362622950     340069 0 6 40.0 50.0 
 154 1362622950     350099 0 6 40.0 50.0 
 153 1362622950     360069 0 6 40.0 50.0 
 153 1362622950     370072 0 6 40.0 50.0 
 153 1362622950     380121 0 6 40.0 50.0 
 153 1362622950     390129 0 6 40.0 50.0 
 153 1362622950     400102 0 6 40.0 50.0 
 152 1362622950     410104 0 6 40.0 50.0 
 153 1362622950     420130 0 6 40.0 50.0 
 153 1362622950     430147 0 6 40.0 50.0 
 153 1362622950     440147 0 6 40.0 50.0 
 152 1362622950     450176 0 6 40.0 50.0 
 153 1362622950     460183 0 6 40.0 50.0 
 153 1362622950     470148 0 6 40.0 50.0 
 153 1362622950     480159 0 6 40.0 50.0 
 153 1362622950     490149 0 6 40.0 50.0 
 153 1362622950     500211 0 6 40.0 50.0 
 153 1362622950     510180 0 6 40.0 50.0 
 153 1362622950     520213 0 6 40.0 50.0 
 152 1362622950     530230 0 6 40.0 50.0 
 153 1362622950     540183 0 6 40.0 50.0 
 152 1362622950     550207 0 6 40.0 50.0 
 153 1362622950     560230 0 6 40.0 50.0 
 153 1362622950     570241 0 6 40.0 50.0 
 153 1362622950     580256 0 6 40.0 50.0 
 153 1362622950     590234 0 6 40.0 50.0 
 153 1362622950     600261 0 6 40.0 50.0 
 153 1362622950     610221 0 6 40.0 50.0 
 153 1362622950     620283 0 6 40.0 50.0 
 153 1362622950     630295 0 6 40.0 50.0 
 152 1362622950     640272 0 6 40.0 50.0 
 153 1362622950     650306 0 6 40.0 50.0 
 153 1362622950     660312 0 6 40.0 50.0 
 153 1362622950     670322 0 6 40.0 50.0 
 153 1362622950     680293 0 6 40.0 50.0 
 153 1362622950     690307 0 6 40.0 50.0 
 153 1362622950     700315 0 6 40.0 50.0 
 153 1362622950     710328 0 6 40.0 50.0 
 153 1362622950     720330 0 6 40.0 50.0 
 153 1362622950     730338 0 6 40.0 50.0 
 153 1362622950     740312 0 6 40.0 50.0 
 153 1362622950     750354 0 6 40.0 50.0 
 153 1362622950     760360 0 6 40.0 50.0 
 153 1362622950     770377 0 6 40.0 50.0 
 154 1362622950     780391 0 6 40.0 50.0 
 153 1362622950     790353 0 6 40.0 50.0 
 153 1362622950     800409 0 6 40.0 50.0 
 153 1362622950     810372 0 6 40.0 50.0 
 153 1362622950     820393 0 6 40.0 50.0 
 152 1362622950     830412 0 6 40.0 50.0 
 153 1362622950     840429 0 6 40.0 50.0 
 153 1362622950     850380 0 6 40.0 50.0 
 153 1362622950     860414 0 6 40.0 50.0 
 153 1362622950     870442 0 6 40.0 50.0 
 154 1362622950     880417 0 6 40.0 50.0 
 153 1362622950     890436 0 6 40.0 50.0 
 153 1362622950     900464 0 6 40.0 50.0 
 152 1362622950     910479 0 6 40.0 50.0 
 153 1362622950     920471 0 6 40.0 50.0 
 153 1362622950     930478 0 6 40.0 50.0 
 153 1362622950     940477 0 6 40.0 50.0 
 152 1362622950     950474 0 6 40.0 50.0 
 153 1362622950     960490 0 6 40.0 50.0 
 153 1362622950     970476 0 6 40.0 50.0 
 153 1362622950     980493 0 6 40.0 50.0 
 153 1362622950     990570 0 6 40.0 50.0 
 153 1362622951        545 0 6 40.0 50.0 
 153 1362622951      10509 0 6 40.0 50.0 
 152 1362622951      20539 0 6 40.0 50.0 
 153 1362622951      30522 0 6 40.0 50.0 
 153 1362622951      40511 0 6 40.0 50.0 
 153 1362622951      50568 0 6 40.0 50.0 
 152 1362622951      60548 0 6 40.0 50.0 
 154 1362622951      70556 0 6 40.0 50.0 
 153 1362622951      80587 0 6 40.0 50.0 
 153 1362622951      90543 0 6 40.0 50.0 
 153 1362622951     100593 0 6 40.0 50.0 
 153 1362622951     110597 0 6 40.0 50.0 
 153 1362622951     120576 0 6 40.0 50.0 
 153 1362622951     130605 0 6 40.0 50.0 
 153 1362622951     140619 0 6 40.0 50.0 
 153 1362622951     150594 0 6 40.0 50.0 
 153 1362622951     160616 0 6 40.0 50.0 
 153 1362622951     170653 0 6 40.0 50.0 
 153 1362622951     180615 0 6 40.0 50.0 
 153 1362622951     190611 0 6 40.0 50.0 
 153 1362622951     200641 0 6 40.0 50.0 
 153 1362622951     210639 0 6 40.0 50.0 
 153 1362622951     220674 0 6 40.0 50.0 
 152 1362622951     230692 0 6 40.0 50.0 
 153 1362622951     240685 0 6 40.0 50.0 
 153 1362622951     250686 0 6 40.0 50.0 
 154 1362622951     260697 0 6 40.0 50.0 
 152 1362622951     270680 0 6 40.0 50.0 
 153 1362622951     280681 0 6 40.0 50.0 
 153 1362622951     290704 0 6 40.0 50.0 
 153 1362622951     300707 0 6 40.0 50.0 
 153 1362622951     310699 0 6 40.0 50.0 
 152 1362622951     320697 0 6 40.0 50.0 
 153 1362622951     330709 0 6 40.0 50.0 
 152 1362622951     340729 0 6 40.0 50.0 
 153 1362622951     350718 0 6 40.0 50.0 
 153 1362622951     360762 0 6 40.0 50.0 
 153 1362622951     370756 0 6 40.0 50.0 
 152 1362622951     380759 0 6 40.0 50.0 
 153 1362622951     390774 0 6 40.0 50.0 
 153 1362622951     400789 0 6 40.0 50.0 
 154 1362622951     410783 0 6 40.0 50.0 
 153 1362622951     420801 0 6 40.0 50.0 
 153 1362622951     430808 0 6 40.0 50.0 
 152 1362622951     440792 0 6 40.0 50.0 
 154 1362622951     450835 0 6 40.0 50.0 
 153 1362622951     460818 0 6 40.0 50.0 
 153 1362622951     470823 0 6 40.0 50.0 
 152 1362622951     480835 0 6 40.0 50.0 
 153 1362622951     490811 0 6 40.0 50.0 
 153 1362622951     500856 0 6 40.0 50.0 
 153 1362622951     510869 0 6 40.0 50.0 
 153 1362622951     520836 0 6 40.0 50.0 
 153 1362622951     530891 0 6 40.0 50.0 
 153 1362622951     540888 0 6 40.0 50.0 
 153 1362622951     550878 0 6 40.0 50.0 
 153 1362622951     560871 0 6 40.0 50.0 
 153 1362622951     570950 0 6 40.0 50.0 
 153 1362622951     580863 0 6 40.0 50.0 
 152 1362622951     590886 0 6 40.0 50.0 
 153 1362622951     600879 0 6 40.0 50.0 
 152 1362622951     610920 0 6 40.0 50.0 
 153 1362622951     620953 0 6 40.0 50.0 
 152 1362622951     630916 0 6 40.0 50.0 
 153 1362622951     640938 0 6 40.0 50.0 
 153 1362622951     650925 0 6 40.0 50.0 
 153 1362622951     660939 0 6 40.0 50.0 
 152 1362622951     670963 0 6 40.0 50.0 
 153 1362622951     680974 0 6 40.0 50.0 
 153 1362622951     690962 0 6 40.0 50.0 
 153 1362622951     700982 0 6 40.0 50.0 
 153 1362622951     710952 0 6 40.0 50.0 
 153 1362622951     720959 0 6 40.0 50.0 
 153 1362622951     730981 0 6 40.0 50.0 
 153 1362622951     741019 0 6 40.0 50.0 
 154 1362622951     751029 0 6 40.0 50.0 
 153 1362622951     761005 0 6 40.0 50.0 
 153 1362622951     771008 0 6 40.0 50.0 
 152 1362622951     781055 0 6 40.0 50.0 
 153 1362622951     791011 0 6 40.0 50.0 
 153 1362622951     801019 0 6 40.0 50.0 
 153 1362622951     811038 0 6 40.0 50.0 
 153 1362622951     821077 0 6 40.0 50.0 
 153 1362622951     831072 0 6 40.0 50.0 
 153 1362622951     841035 0 6 40.0 50.0 
 153 1362622951     851058 0 6 40.0 50.0 
 153 1362622951     861064 0 6 40.0 50.0 
 153 1362622951     871057 0 6 40.0 50.0 
 153 1362622951     881062 0 6 40.0 50.0 
 153 1362622951     891087 0 6 40.0 50.0 
 152 1362622951     901086 0 6 40.0 50.0 
 152 1362622951     911093 0 6 40.0 50.0 
 153 1362622951     921118 0 6 40.0 50.0 
 153 1362622951     931098 0 6 40.0 50.0 
 153 1362622951     941129 0 6 40.0 50.0 
 153 1362622951     951143 0 6 40.0 50.0 
 153 1362622951     961154 0 6 40.0 50.0 
 152 1362622951     971181 0 6 40.0 50.0 
 153 1362622951     981148 0 6 40.0 50.0 
 153 1362622951     991159 0 6 40.0 50.0 
 152 1362622952       1153 0 6 40.0 50.0 
 152 1362622952      11155 0 6 40.0 50.0 
 153 1362622952      21198 0 6 40.0 50.0 
 153 1362622952      31219 0 6 40.0 50.0 
 153 1362622952      41204 0 6 40.0 50.0 
 153 1362622952      51197 0 6 40.0 50.0 
 152 1362622952      61217 0 6 40.0 50.0 
 153 1362622952      71229 0 6 40.0 50.0 
 153 1362622952      81206 0 6 40.0 50.0 
 153 1362622952      91233 0 6 40.0 50.0 
 153 1362622952     101213 0 6 40.0 50.0 
 153 1362622952     111230 0 6 40.0 50.0 
 152 1362622952     121239 0 6 40.0 50.0 
 153 1362622952     131278 0 6 40.0 50.0 
 152 1362622952     141262 0 6 40.0 50.0 
 153 1362622952     151249 0 6 40.0 50.0 
 153 1362622952     161301 0 6 40.0 50.0 
 153 1362622952     171311 0 6 40.0 50.0 
 152 1362622952     181285 0 6 40.0 50.0 
 152 1362622952     191277 0 6 40.0 50.0 
 153 1362622952     201337 0 6 40.0 50.0 
 153 1362622952     211299 0 6 40.0 50.0 
 153 1362622952     221301 0 6 40.0 50.0 
 153 1362622952     231332 0 6 40.0 50.0 
 153 1362622952     241336 0 6 40.0 50.0 
 153 1362622952     251344 0 6 40.0 50.0 
 153 1362622952     261342 0 6 40.0 50.0 
 153 1362622952     271328 0 6 40.0 50.0 
 152 1362622952     281352 0 6 40.0 50.0 
 152 1362622952     291339 0 6 40.0 50.0 
 153 1362622952     301372 0 6 40.0 50.0 
 153 1362622952     311360 0 6 40.0 50.0 
 153 1362622952     321377 0 6 40.0 50.0 
 152 1362622952     331373 0 6 40.0 50.0 
 153 1362622952     341395 0 6 40.0 50.0 
 152 1362622952     351386 0 6 40.0 50.0 
 153 1362622952     361389 0 6 40.0 50.0 
 153 1362622952     371432 0 6 40.0 50.0 
 153 1362622952     381393 0 6 40.0 50.0 
 153 1362622952     391461 0 6 40.0 50.0 
 153 1362622952     401455 0 6 40.0 50.0 
 153 1362622952     411435 0 6 40.0 50.0 
 153 1362622952     421455 0 6 40.0 50.0 
 153 1362622952     431428 0 6 40.0 50.0 
 153 1362622952     441440 0 6 40.0 50.0 
 153 1362622952     451477 0 6 40.0 50.0 
 153 1362622952     461463 0 6 40.0 50.0 
 153 1362622952     471484 0 6 40.0 50.0 
 152 1362622952     481495 0 6 40.0 50.0 
 153 1362622952     491508 0 6 40.0 50.0 
 153 1362622952     501513 0 6 40.0 50.0 
 153 1362622952     511506 0 6 40.0 50.0 
 152 1362622952     521485 0 6 40.0 50.0 
 153 1362622952     531499 0 6 40.0 50.0 
 152 1362622952     541500 0 6 40.0 50.0 
 152 1362622952     551547 0 6 40.0 50.0 
 153 1362622952     561510 0 6 40.0 50.0 
 153 1362622952     571579 0 6 40.0 50.0 
 153 1362622952     581561 0 6 40.0 50.0 
 152 1362622952     591567 0 6 40.0 50.0 
 152 1362622952     601574 0 6 40.0 50.0 
 152 1362622952     611550 0 6 40.0 50.0 
 153 1362622952     621591 0 6 40.0 50.0 
 153 1362622952     631588 0 6 40.0 50.0 
 153 1362622952     641594 0 6 40.0 50.0 
 153 1362622952     651601 0 6 40.0 50.0 
 154 1362622952     661588 0 6 40.0 50.0 
 153 1362622952     671598 0 6 40.0 50.0 
 153 1362622952     681636 0 6 40.0 50.0 
 152 1362622952     691655 0 6 40.0 50.0 
 153 1362622952     701664 0 6 40.0 50.0 
 153 1362622952     711625 0 6 40.0 50.0 
 153 1362622952     721616 0 6 40.0 50.0 
 153 1362622952     731675 0 6 40.0 50.0 
 153 1362622952     741663 0 6 40.0 50.0 
 153 1362622952     751648 0 6 40.0 50.0 
 153 1362622952     761647 0 6 40.0 50.0 
 153 1362622952     771687 0 6 40.0 50.0 
 153 1362622952     781702 0 6 40.0 50.0 
 153 1362622952     791661 0 6 40.0 50.0 
 152 1362622952     801676 0 6 40.0 50.0 
 153 1362622952     811734 0 6 40.0 50.0 
 153 1362622952     821735 0 6 40.0 50.0 
 153 1362622952     831734 0 6 40.0 50.0 
 152 1362622952     841752 0 6 40.0 50.0 
 153 1362622952     851753 0 6 40.0 50.0 
 153 1362622952     861718 0 6 40.0 50.0 
 153 1362622952     871731 0 6 40.0 50.0 
 152 1362622952     881778 0 6 40.0 50.0 
 152 1362622952     891772 0 6 40.0 50.0 
 152 1362622952     901775 0 6 40.0 50.0 
 153 1362622952     911790 0 6 40.0 50.0 
 153 1362622952     921793 0 6 40.0 50.0 
 153 1362622952     931811 0 6 40.0 50.0 
 153 1362622952     941821 0 6 40.0 50.0 
 153 1362622952     951803 0 6 40.0 50.0 
 153 1362622952     961786 0 6 40.0 50.0 
 153 1362622952     971791 0 6 40.0 50.0 
 153 1362622952     981816 0 6 40.0 50.0 
 153 1362622952     991803 0 6 40.0 50.0 
 153 1362622953       1843 0 6 40.0 50.0 
 153 1362622953      11827 0 6 40.0 50.0 
 153 1362622953      21833 0 6 40.0 50.0 
 153 1362622953      31879 0 6 40.0 50.0 
 153 1362622953      41849 0 6 40.0 50.0 
 152 1362622953      51833 0 6 40.0 50.0 
 153 1362622953      61877 0 6 40.0 50.0 
 153 1362622953      71856 0 6 40.0 50.0 
 154 1362622953      81871 0 6 40.0 50.0 
 153 1362622953      91965 0 6 40.0 50.0 
 153 1362622953     101894 0 6 40.0 50.0 
 153 1362622953     111909 0 6 40.0 50.0 
 153 1362622953     121882 0 6 40.0 50.0 
 153 1362622953     131895 0 6 40.0 50.0 
 153 1362622953     141943 0 6 40.0 50.0 
 153 1362622953     151927 0 6 40.0 50.0 
 153 1362622953     161963 0 6 40.0 50.0 
 153 1362622953     171949 0 6 40.0 50.0 
 153 1362622953     181921 0 6 40.0 50.0 
 153 1362622953     191973 0 6 40.0 50.0 
 152 1362622953     201951 0 6 40.0 50.0 
 153 1362622953     211943 0 6 40.0 50.0 
 153 1362622953     221984 0 6 40.0 50.0 
 154 1362622953     231974 0 6 40.0 50.0 
 153 1362622953     242002 0 6 40.0 50.0 
 153 1362622953     252017 0 6 40.0 50.0 
 153 1362622953     262006 0 6 40.0 50.0 
 153 1362622953     271998 0 6 40.0 50.0 
 153 1362622953     282047 0 6 40.0 50.0 
 153 1362622953     292051 0 6 40.0 50.0 
 153 1362622953     302056 0 6 40.0 50.0 
 153 1362622953     312055 0 6 40.0 50.0 
 153 1362622953     322053 0 6 40.0 50.0 
 153 1362622953     332079 0 6 40.0 50.0 
 153 1362622953     342039 0 6 40.0 50.0 
 152 1362622953     352063 0 6 40.0 50.0 
 153 1362622953     362098 0 6 40.0 50.0 
 153 1362622953     372073 0 6 40.0 50.0 
 153 1362622953     382063 0 6 40.0 50.0 
 152 1362622953     392092 0 6 40.0 50.0 
 153 1362622953     402132 0 6 40.0 50.0 
 152 1362622953     412128 0 6 40.0 50.0 
 153 1362622953     422102 0 6 40.0 50.0 
 153 1362622953     432111 0 6 40.0 50.0 
 153 1362622953     442122 0 6 40.0 50.0 
 153 1362622953     452116 0 6 40.0 50.0 
 153 1362622953     462153 0 6 40.0 50.0 
 153 1362622953     472173 0 6 40.0 50.0 
 153 1362622953     482135 0 6 40.0 50.0 
 153 1362622953     492174 0 6 40.0 50.0 
 153 1362622953     502151 0 6 40.0 50.0 
 153 1362622953     512154 0 6 40.0 50.0 
 153 1362622953     522166 0 6 40.0 50.0 
 153 1362622953     532153 0 6 40.0 50.0 
 153 1362622953     542202 0 6 40.0 50.0 
 153 1362622953     552201 0 6 40.0 50.0 
 153 1362622953     562209 0 6 40.0 50.0 
 153 1362622953     572241 0 6 40.0 50.0 
 152 1362622953     582202 0 6 40.0 50.0 
 153 1362622953     592240 0 6 40.0 50.0 
 152 1362622953     602200 0 6 40.0 50.0 
 153 1362622953     612220 0 6 40.0 50.0 
 152 1362622953     622230 0 6 40.0 50.0 
 153 1362622953     632224 0 6 40.0 50.0 
 153 1362622953     642239 0 6 40.0 50.0 
 153 1362622953     652269 0 6 40.0 50.0 
 153 1362622953     662299 0 6 40.0 50.0 
 153 1362622953     672277 0 6 40.0 50.0 
 152 1362622953     682301 0 6 40.0 50.0 
 153 1362622953     692309 0 6 40.0 50.0 
 153 1362622953     702278 0 6 40.0 50.0 
 153 1362622953     712291 0 6 40.0 50.0 
 153 1362622953     722333 0 6 40.0 50.0 
 153 1362622953     732311 0 6 40.0 50.0 
 154 1362622953     742294 0 6 40.0 50.0 
 153 1362622953     752351 0 6 40.0 50.0 
 153 1362622953     762330 0 6 40.0 50.0 
 152 1362622953     772357 0 6 40.0 50.0 
 153 1362622953     782345 0 6 40.0 50.0 
 153 1362622953     792375 0 6 40.0 50.0 
 153 1362622953     802360 0 6 40.0 50.0 
 152 1362622953     812383 0 6 40.0 50.0 
 153 1362622953     822394 0 6 40.0 50.0 
 153 1362622953     832413 0 6 40.0 50.0 
 153 1362622953     842378 0 6 40.0 50.0 
 153 1362622953     852379 0 6 40.0 50.0 
 152 1362622953     862404 0 6 40.0 50.0 
 153 1362622953     872414 0 6 40.0 50.0 
 153 1362622953     882412 0 6 40.0 50.0 
 153 1362622953     892399 0 6 40.0 50.0 
 153 1362622953     902423 0 6 40.0 50.0 
 153 1362622953     912461 0 6 40.0 50.0 
 152 1362622953     922424 0 6 40.0 50.0 
 153 1362622953     932438 0 6 40.0 50.0 
 152 1362622953     942428 0 6 40.0 50.0 
 153 1362622953     952440 0 6 40.0 50.0 
 153 1362622953     962499 0 6 40.0 50.0 
 153 1362622953     972454 0 6 40.0 50.0 
 153 1362622953     982477 0 6 40.0 50.0 
 153 1362622953     992467 0 6 40.0 50.0 
 153 1362622954       2512 0 6 40.0 50.0 
 153 1362622954      12489 0 6 40.0 50.0 
 153 1362622954      22502 0 6 40.0 50.0 
 152 1362622954      32515 0 6 40.0 50.0 
 153 1362622954      42515 0 6 40.0 50.0 
 153 1362622954      52513 0 6 40.0 50.0 
 153 1362622954      62562 0 6 40.0 50.0 
 152 1362622954      72548 0 6 40.0 50.0 
 154 1362622954      82566 0 6 40.0 50.0 
 153 1362622954      92545 0 6 40.0 50.0 
 153 1362622954     102572 0 6 40.0 50.0 
 153 1362622954     112597 0 6 40.0 50.0 
 153 1362622954     122552 0 6 40.0 50.0 
 153 1362622954     132571 0 6 40.0 50.0 
 153 1362622954     142584 0 6 40.0 50.0 
 152 1362622954     152603 0 6 40.0 50.0 
 153 1362622954     162608 0 6 40.0 50.0 
 153 1362622954     172595 0 6 40.0 50.0 
 153 1362622954     182613 0 6 40.0 50.0 
 152 1362622954     192611 0 6 40.0 50.0 
 153 1362622954     202596 0 6 40.0 50.0 
 153 1362622954     212619 0 6 40.0 50.0 
 154 1362622954     222632 0 6 40.0 50.0 
 153 1362622954     232662 0 6 40.0 50.0 
 152 1362622954     242621 0 6 40.0 50.0 
 153 1362622954     252642 0 6 40.0 50.0 
 153 1362622954     262693 0 6 40.0 50.0 
 153 1362622954     272692 0 6 40.0 50.0 
 152 1362622954     282660 0 6 40.0 50.0 
 153 1362622954     292661 0 6 40.0 50.0 
 152 1362622954     302692 0 6 40.0 50.0 
 153 1362622954     312711 0 6 40.0 50.0 
 153 1362622954     322681 0 6 40.0 50.0 
 153 1362622954     332684 0 6 40.0 50.0 
 153 1362622954     342690 0 6 40.0 50.0 
 153 1362622954     352701 0 6 40.0 50.0 
 153 1362622954     362745 0 6 40.0 50.0 
 153 1362622954     372722 0 6 40.0 50.0 
 153 1362622954     382718 0 6 40.0 50.0 
 153 1362622954     392749 0 6 40.0 50.0 
 153 1362622954     402754 0 6 40.0 50.0 
 152 1362622954     412764 0 6 40.0 50.0 
 153 1362622954     422758 0 6 40.0 50.0 
 152 1362622954     432783 0 6 40.0 50.0 
 153 1362622954     442782 0 6 40.0 50.0 
 152 1362622954     452779 0 6 40.0 50.0 
 153 1362622954     462772 0 6 40.0 50.0 
 153 1362622954     472802 0 6 40.0 50.0 
 153 1362622954     482820 0 6 40.0 50.0 
 153 1362622954     492849 0 6 40.0 50.0 
 153 1362622954     502826 0 6 40.0 50.0 
 153 1362622954     512828 0 6 40.0 50.0 
 153 1362622954     522833 0 6 40.0 50.0 
 153 1362622954     532850 0 6 40.0 50.0 
 153 1362622954     542861 0 6 40.0 50.0 
 153 1362622954     552826 0 6 40.0 50.0 
 153 1362622954     562846 0 6 40.0 50.0 
 153 1362622954     572856 0 6 40.0 50.0 
 153 1362622954     582877 0 6 40.0 50.0 
 153 1362622954     592860 0 6 40.0 50.0 
 153 1362622954     602867 0 6 40.0 50.0 
 153 1362622954     612930 0 6 40.0 50.0 
 152 1362622954     622904 0 6 40.0 50.0 
 153 1362622954     632918 0 6 40.0 50.0 
 153 1362622954     642941 0 6 40.0 50.0 
 153 1362622954     652939 0 6 40.0 50.0 
 153 1362622954     662924 0 6 40.0 50.0 
 153 1362622954     672931 0 6 40.0 50.0 
 153 1362622954     682924 0 6 40.0 50.0 
 153 1362622954     692973 0 6 40.0 50.0 
 153 1362622954     702981 0 6 40.0 50.0 
 152 1362622954     712983 0 6 40.0 50.0 
 153 1362622954     722990 0 6 40.0 50.0 
 153 1362622954     732989 0 6 40.0 50.0 
 153 1362622954     742978 0 6 40.0 50.0 
 153 1362622954     753007 0 6 40.0 50.0 
 153 1362622954     763004 0 6 40.0 50.0 
 153 1362622954     772973 0 6 40.0 50.0 
 153 1362622954     783023 0 6 40.0 50.0 
 152 1362622954     792984 0 6 40.0 50.0 
 153 1362622954     803042 0 6 40.0 50.0 
 152 1362622954     813010 0 6 40.0 50.0 
 153 1362622954     823008 0 6 40.0 50.0 
 152 1362622954     833011 0 6 40.0 50.0 
 153 1362622954     843065 0 6 40.0 50.0 
 153 1362622954     853075 0 6 40.0 50.0 
 153 1362622954     863088 0 6 40.0 50.0 
 153 1362622954     873072 0 6 40.0 50.0 
 153 1362622954     883071 0 6 40.0 50.0 
 153 1362622954     893055 0 6 40.0 50.0 
 153 1362622954     903078 0 6 40.0 50.0 
 153 1362622954     913085 0 6 40.0 50.0 
 152 1362622954     923084 0 6 40.0 50.0 
 153 1362622954     933078 0 6 40.0 50.0 
 152 1362622954     943126 0 6 40.0 50.0 
 154 1362622954     953092 0 6 40.0 50.0 
 153 1362622954     963109 0 6 40.0 50.0 
 153 1362622954     973141 0 6 40.0 50.0 
 152 1362622954     983143 0 6 40.0 50.0 
 153 1362622954     993157 0 6 40.0 50.0 
 152 1362622955       3140 0 6 40.0 50.0 
 153 1362622955      13143 0 6 40.0 50.0 
 153 1362622955      23152 0 6 40.0 50.0 
 153 1362622955      33169 0 6 40.0 50.0 
 153 1362622955      43190 0 6 40.0 50.0 
 153 1362622955      53172 0 6 40.0 50.0 
 153 1362622955      63207 0 6 40.0 50.0 
 152 1362622955      73187 0 6 40.0 50.0 
 153 1362622955      83232 0 6 40.0 50.0 
 153 1362622955      93220 0 6 40.0 50.0 
 153 1362622955     103219 0 6 40.0 50.0 
 153 1362622955     113255 0 6 40.0 50.0 
 152 1362622955     123213 0 6 40.0 50.0 
 152 1362622955     133252 0 6 40.0 50.0 
 153 1362622955     143250 0 6 40.0 50.0 
 153 1362622955     153285 0 6 40.0 50.0 
 153 1362622955     163240 0 6 40.0 50.0 
 152 1362622955     173281 0 6 40.0 50.0 
 153 1362622955     183256 0 6 40.0 50.0 
 153 1362622955     193285 0 6 40.0 50.0 
 153 1362622955     203264 0 6 40.0 50.0 
 153 1362622955     213279 0 6 40.0 50.0 
 153 1362622955     223280 0 6 40.0 50.0 
 153 1362622955     233327 0 6 40.0 50.0 
 153 1362622955     243318 0 6 40.0 50.0 
 153 1362622955     253321 0 6 40.0 50.0 
 153 1362622955     263324 0 6 40.0 50.0 
 153 1362622955     273347 0 6 40.0 50.0 
 153 1362622955     283342 0 6 40.0 50.0 
 153 1362622955     293349 0 6 40.0 50.0 
 153 1362622955     303339 0 6 40.0 50.0 
 153 1362622955     313364 0 6 40.0 50.0 
 153 1362622955     323373 0 6 40.0 50.0 
 153 1362622955     333376 0 6 40.0 50.0 
 153 1362622955     343369 0 6 40.0 50.0 
 153 1362622955     353388 0 6 40.0 50.0 
 153 1362622955     363362 0 6 40.0 50.0 
 153 1362622955     373427 0 6 40.0 50.0 
 152 1362622955     383396 0 6 40.0 50.0 
 153 1362622955     393437 0 6 40.0 50.0 
 153 1362622955     403446 0 6 40.0 50.0 
 153 1362622955     413430 0 6 40.0 50.0 
 153 1362622955     423458 0 6 40.0 50.0 
 153 1362622955     433445 0 6 40.0 50.0 
 153 1362622955     443437 0 6 40.0 50.0 
 153 1362622955     453460 0 6 40.0 50.0 
 153 1362622955     463444 0 6 40.0 50.0 
 153 1362622955     473480 0 6 40.0 50.0 
 154 1362622955     483486 0 6 40.0 50.0 
 153 1362622955     493455 0 6 40.0 50.0 
 153 1362622955     503456 0 6 40.0 50.0 
 153 1362622955     513479 0 6 40.0 50.0 
 153 1362622955     523479 0 6 40.0 50.0 
 153 1362622955     533528 0 6 40.0 50.0 
 153 1362622955     543540 0 6 40.0 50.0 
 152 1362622955     553511 0 6 40.0 50.0 
 153 1362622955     563494 0 6 40.0 50.0 
 152 1362622955     573508 0 6 40.0 50.0 
 153 1362622955     583548 0 6 40.0 50.0 
 152 1362622955     593544 0 6 40.0 50.0 
 153 1362622955     603564 0 6 40.0 50.0 
 153 1362622955     613542 0 6 40.0 50.0 
 153 1362622955     623558 0 6 40.0 50.0 
 153 1362622955     633577 0 6 40.0 50.0 
 153 1362622955     643598 0 6 40.0 50.0 
 153 1362622955     653598 0 6 40.0 50.0 
 153 1362622955     663614 0 6 40.0 50.0 
 153 1362622955     673578 0 6 40.0 50.0 
 153 1362622955     683622 0 6 40.0 50.0 
 153 1362622955     693580 0 6 40.0 50.0 
 153 1362622955     703629 0 6 40.0 50.0 
 153 1362622955     713645 0 6 40.0 50.0 
 153 1362622955     723611 0 6 40.0 50.0 
 153 1362622955     733633 0 6 40.0 50.0 
 153 1362622955     743637 0 6 40.0 50.0 
 153 1362622955     753664 0 6 40.0 50.0 
 153 1362622955     763663 0 6 40.0 50.0 
 153 1362622955     773696 0 6 40.0 50.0 
 153 1362622955     783688 0 6 40.0 50.0 
 153 1362622955     793648 0 6 40.0 50.0 
 153 1362622955     803669 0 6 40.0 50.0 
 153 1362622955     813685 0 6 40.0 50.0 
 152 1362622955     823694 0 6 40.0 50.0 
 153 1362622955     833687 0 6 40.0 50.0 
 153 1362622955     843690 0 6 40.0 50.0 
 153 1362622955     853723 0 6 40.0 50.0 
 153 1362622955     863734 0 6 40.0 50.0 
 153 1362622955     873738 0 6 40.0 50.0 
 153 1362622955     883723 0 6 40.0 50.0 
 153 1362622955     893716 0 6 40.0 50.0 
 153 1362622955     903753 0 6 40.0 50.0 
 153 1362622955     913761 0 6 40.0 50.0 
 153 1362622955     923760 0 6 40.0 50.0 
 153 1362622955     933755 0 6 40.0 50.0 
 153 1362622955     943762 0 6 40.0 50.0 
 153 1362622955     953773 0 6 40.0 50.0 
 153 1362622955     963808 0 6 40.0 50.0 
 153 1362622955     973817 0 6 40.0 50.0 
 153 1362622955     983803 0 6 40.0 50.0 
 153 1362622955     993839 0 6 40.0 50.0 
 153 1362622956       3791 0 6 40.0 50.0 
 153 1362622956      13796 0 6 40.0 50.0 
 153 1362622956      23818 0 6 40.0 50.0 
 153 1362622956      33845 0 6 40.0 50.0 
 153 1362622956      43852 0 6 40.0 50.0 
 153 1362622956      53841 0 6 40.0 50.0 
 153 1362622956      63856 0 6 40.0 50.0 
 153 1362622956      73852 0 6 40.0 50.0 
 153 1362622956      83889 0 6 40.0 50.0 
 153 1362622956      93847 0 6 40.0 50.0 
 153 1362622956     103880 0 6 40.0 50.0 
 153 1362622956     113896 0 6 40.0 50.0 
 153 1362622956     123866 0 6 40.0 50.0 
 152 1362622956     133910 0 6 40.0 50.0 
 153 1362622956     143940 0 6 40.0 50.0 
 153 1362622956     153939 0 6 40.0 50.0 
 153 1362622956     163904 0 6 40.0 50.0 
 153 1362622956     173904 0 6 40.0 50.0 
 152 1362622956     183966 0 6 40.0 50.0 
 153 1362622956     193914 0 6 40.0 50.0 
 153 1362622956     203944 0 6 40.0 50.0 
 153 1362622956     213946 0 6 40.0 50.0 
 153 1362622956     223984 0 6 40.0 50.0 
 153 1362622956     233981 0 6 40.0 50.0 
 153 1362622956     243958 0 6 40.0 50.0 
 153 1362622956     253953 0 6 40.0 50.0 
 152 1362622956     263983 0 6 40.0 50.0 
 153 1362622956     273976 0 6 40.0 50.0 
 153 1362622956     283981 0 6 40.0 50.0 
 153 1362622956     294025 0 6 40.0 50.0 
