 572 1362624978     440383 1 8 40.0 150.0 
 572 1362624978     450422 1 8 40.0 150.0 
 572 1362624978     460445 1 8 40.0 150.0 
 572 1362624978     470369 1 8 40.0 150.0 
 572 1362624978     480421 1 8 40.0 150.0 
 572 1362624978     490346 1 8 40.0 150.0 
 572 1362624978     500399 1 8 40.0 150.0 
 572 1362624978     510400 1 8 40.0 150.0 
 572 1362624978     520427 1 8 40.0 150.0 
 573 1362624978     530415 1 8 40.0 150.0 
 572 1362624978     540422 1 8 40.0 150.0 
 572 1362624978     550398 1 8 40.0 150.0 
 572 1362624978     560473 1 8 40.0 150.0 
 572 1362624978     570483 1 8 40.0 150.0 
 573 1362624978     580508 1 8 40.0 150.0 
 572 1362624978     590510 1 8 40.0 150.0 
 572 1362624978     600474 1 8 40.0 150.0 
 572 1362624978     610489 1 8 40.0 150.0 
 572 1362624978     620507 1 8 40.0 150.0 
 573 1362624978     630482 1 8 40.0 150.0 
 572 1362624978     640445 1 8 40.0 150.0 
 573 1362624978     650563 1 8 40.0 150.0 
 572 1362624978     660570 1 8 40.0 150.0 
 572 1362624978     671049 1 8 40.0 150.0 
 572 1362624978     680756 1 8 40.0 150.0 
 572 1362624978     690470 1 8 40.0 150.0 
 571 1362624978     700455 1 8 40.0 150.0 
 573 1362624978     710486 1 8 40.0 150.0 
 572 1362624978     720519 1 8 40.0 150.0 
 572 1362624978     730509 1 8 40.0 150.0 
 572 1362624978     740493 1 8 40.0 150.0 
 572 1362624978     750544 1 8 40.0 150.0 
 573 1362624978     760532 1 8 40.0 150.0 
 572 1362624978     770504 1 8 40.0 150.0 
 572 1362624978     780552 1 8 40.0 150.0 
 572 1362624978     790540 1 8 40.0 150.0 
 572 1362624978     800579 1 8 40.0 150.0 
 573 1362624978     810564 1 8 40.0 150.0 
 573 1362624978     820531 1 8 40.0 150.0 
 572 1362624978     830575 1 8 40.0 150.0 
 572 1362624978     840604 1 8 40.0 150.0 
 572 1362624978     850586 1 8 40.0 150.0 
 573 1362624978     860556 1 8 40.0 150.0 
 572 1362624978     870609 1 8 40.0 150.0 
 572 1362624978     880596 1 8 40.0 150.0 
 572 1362624978     890576 1 8 40.0 150.0 
 572 1362624978     900634 1 8 40.0 150.0 
 572 1362624978     910619 1 8 40.0 150.0 
 573 1362624978     920592 1 8 40.0 150.0 
 572 1362624978     930634 1 8 40.0 150.0 
 574 1362624978     940657 1 8 40.0 150.0 
 572 1362624978     950653 1 8 40.0 150.0 
 572 1362624978     960622 1 8 40.0 150.0 
 572 1362624978     970691 1 8 40.0 150.0 
 573 1362624978     980673 1 8 40.0 150.0 
 572 1362624978     990644 1 8 40.0 150.0 
 572 1362624979        680 1 8 40.0 150.0 
 572 1362624979      10720 1 8 40.0 150.0 
 573 1362624979      20716 1 8 40.0 150.0 
 572 1362624979      30710 1 8 40.0 150.0 
 573 1362624979      40714 1 8 40.0 150.0 
 572 1362624979      50699 1 8 40.0 150.0 
 573 1362624979      60702 1 8 40.0 150.0 
 572 1362624979      70702 1 8 40.0 150.0 
 572 1362624979      80766 1 8 40.0 150.0 
 572 1362624979      90752 1 8 40.0 150.0 
 572 1362624979     100761 1 8 40.0 150.0 
 571 1362624979     110775 1 8 40.0 150.0 
 572 1362624979     120739 1 8 40.0 150.0 
 572 1362624979     130747 1 8 40.0 150.0 
 573 1362624979     140781 1 8 40.0 150.0 
 572 1362624979     150802 1 8 40.0 150.0 
 573 1362624979     160763 1 8 40.0 150.0 
 572 1362624979     170781 1 8 40.0 150.0 
 572 1362624979     180800 1 8 40.0 150.0 
 572 1362624979     190825 1 8 40.0 150.0 
 572 1362624979     200788 1 8 40.0 150.0 
 572 1362624979     210846 1 8 40.0 150.0 
 573 1362624979     220808 1 8 40.0 150.0 
 572 1362624979     230859 1 8 40.0 150.0 
 572 1362624979     240824 1 8 40.0 150.0 
 572 1362624979     250867 1 8 40.0 150.0 
 572 1362624979     260862 1 8 40.0 150.0 
 572 1362624979     270873 1 8 40.0 150.0 
 572 1362624979     280845 1 8 40.0 150.0 
 572 1362624979     290869 1 8 40.0 150.0 
 572 1362624979     300854 1 8 40.0 150.0 
 573 1362624979     310905 1 8 40.0 150.0 
 573 1362624979     320867 1 8 40.0 150.0 
 572 1362624979     330919 1 8 40.0 150.0 
 572 1362624979     340884 1 8 40.0 150.0 
 572 1362624979     350939 1 8 40.0 150.0 
 573 1362624979     360933 1 8 40.0 150.0 
 572 1362624979     370899 1 8 40.0 150.0 
 573 1362624979     380897 1 8 40.0 150.0 
 573 1362624979     390951 1 8 40.0 150.0 
 573 1362624979     400956 1 8 40.0 150.0 
 572 1362624979     410918 1 8 40.0 150.0 
 573 1362624979     420958 1 8 40.0 150.0 
 572 1362624979     430937 1 8 40.0 150.0 
