 281 1362622712     513001 0 4 40.0 100.0 
 282 1362622712     523037 0 4 40.0 100.0 
 281 1362622712     533034 0 4 40.0 100.0 
 281 1362622712     543040 0 4 40.0 100.0 
 282 1362622712     553060 0 4 40.0 100.0 
 281 1362622712     563033 0 4 40.0 100.0 
 281 1362622712     573031 0 4 40.0 100.0 
 281 1362622712     583069 0 4 40.0 100.0 
 281 1362622712     593047 0 4 40.0 100.0 
 281 1362622712     603074 0 4 40.0 100.0 
 282 1362622712     613040 0 4 40.0 100.0 
 281 1362622712     623106 0 4 40.0 100.0 
 281 1362622712     633054 0 4 40.0 100.0 
 281 1362622712     643087 0 4 40.0 100.0 
 281 1362622712     653118 0 4 40.0 100.0 
 281 1362622712     663069 0 4 40.0 100.0 
 281 1362622712     673071 0 4 40.0 100.0 
 282 1362622712     683085 0 4 40.0 100.0 
 281 1362622712     693119 0 4 40.0 100.0 
 281 1362622712     703131 0 4 40.0 100.0 
 281 1362622712     713166 0 4 40.0 100.0 
 281 1362622712     723160 0 4 40.0 100.0 
 281 1362622712     733119 0 4 40.0 100.0 
 281 1362622712     743161 0 4 40.0 100.0 
 281 1362622712     753179 0 4 40.0 100.0 
 281 1362622712     763133 0 4 40.0 100.0 
 281 1362622712     773140 0 4 40.0 100.0 
 282 1362622712     783170 0 4 40.0 100.0 
 281 1362622712     793194 0 4 40.0 100.0 
 281 1362622712     803223 0 4 40.0 100.0 
 281 1362622712     813170 0 4 40.0 100.0 
 281 1362622712     823183 0 4 40.0 100.0 
 281 1362622712     833203 0 4 40.0 100.0 
 281 1362622712     843236 0 4 40.0 100.0 
 281 1362622712     853251 0 4 40.0 100.0 
 281 1362622712     863226 0 4 40.0 100.0 
 281 1362622712     873234 0 4 40.0 100.0 
 281 1362622712     883253 0 4 40.0 100.0 
 281 1362622712     893262 0 4 40.0 100.0 
 281 1362622712     903276 0 4 40.0 100.0 
 281 1362622712     913240 0 4 40.0 100.0 
 282 1362622712     923301 0 4 40.0 100.0 
 281 1362622712     933258 0 4 40.0 100.0 
 281 1362622712     943294 0 4 40.0 100.0 
 280 1362622712     953308 0 4 40.0 100.0 
 282 1362622712     963327 0 4 40.0 100.0 
 281 1362622712     973328 0 4 40.0 100.0 
 281 1362622712     983282 0 4 40.0 100.0 
 281 1362622712     993295 0 4 40.0 100.0 
 281 1362622713       3355 0 4 40.0 100.0 
 282 1362622713      13366 0 4 40.0 100.0 
 281 1362622713      23310 0 4 40.0 100.0 
 282 1362622713      33366 0 4 40.0 100.0 
 281 1362622713      43354 0 4 40.0 100.0 
 282 1362622713      53333 0 4 40.0 100.0 
 281 1362622713      63389 0 4 40.0 100.0 
 282 1362622713      73368 0 4 40.0 100.0 
 280 1362622713      83355 0 4 40.0 100.0 
 282 1362622713      93397 0 4 40.0 100.0 
 280 1362622713     103380 0 4 40.0 100.0 
 281 1362622713     113379 0 4 40.0 100.0 
 282 1362622713     123380 0 4 40.0 100.0 
 282 1362622713     133380 0 4 40.0 100.0 
 282 1362622713     143445 0 4 40.0 100.0 
 281 1362622713     153445 0 4 40.0 100.0 
 282 1362622713     163456 0 4 40.0 100.0 
 281 1362622713     173455 0 4 40.0 100.0 
 281 1362622713     183470 0 4 40.0 100.0 
 281 1362622713     193472 0 4 40.0 100.0 
 281 1362622713     203485 0 4 40.0 100.0 
 281 1362622713     213444 0 4 40.0 100.0 
 281 1362622713     223466 0 4 40.0 100.0 
 281 1362622713     233487 0 4 40.0 100.0 
 282 1362622713     243457 0 4 40.0 100.0 
 281 1362622713     253485 0 4 40.0 100.0 
 282 1362622713     263518 0 4 40.0 100.0 
 281 1362622713     273472 0 4 40.0 100.0 
 282 1362622713     283504 0 4 40.0 100.0 
 280 1362622713     293487 0 4 40.0 100.0 
 281 1362622713     303544 0 4 40.0 100.0 
 281 1362622713     313514 0 4 40.0 100.0 
 281 1362622713     323539 0 4 40.0 100.0 
 281 1362622713     333554 0 4 40.0 100.0 
 282 1362622713     343586 0 4 40.0 100.0 
 281 1362622713     353535 0 4 40.0 100.0 
 282 1362622713     363552 0 4 40.0 100.0 
 282 1362622713     373585 0 4 40.0 100.0 
 281 1362622713     383551 0 4 40.0 100.0 
 282 1362622713     393587 0 4 40.0 100.0 
 281 1362622713     403566 0 4 40.0 100.0 
 282 1362622713     413595 0 4 40.0 100.0 
 281 1362622713     423630 0 4 40.0 100.0 
 281 1362622713     433592 0 4 40.0 100.0 
 281 1362622713     443627 0 4 40.0 100.0 
 281 1362622713     453593 0 4 40.0 100.0 
 282 1362622713     463639 0 4 40.0 100.0 
 282 1362622713     473616 0 4 40.0 100.0 
 281 1362622713     483641 0 4 40.0 100.0 
 282 1362622713     493617 0 4 40.0 100.0 
 281 1362622713     503655 0 4 40.0 100.0 
 282 1362622713     513694 0 4 40.0 100.0 
 281 1362622713     523642 0 4 40.0 100.0 
 282 1362622713     533666 0 4 40.0 100.0 
 281 1362622713     543707 0 4 40.0 100.0 
 282 1362622713     553672 0 4 40.0 100.0 
 281 1362622713     563698 0 4 40.0 100.0 
 281 1362622713     573722 0 4 40.0 100.0 
 281 1362622713     583680 0 4 40.0 100.0 
 281 1362622713     593703 0 4 40.0 100.0 
 282 1362622713     603731 0 4 40.0 100.0 
 281 1362622713     613696 0 4 40.0 100.0 
 282 1362622713     623730 0 4 40.0 100.0 
 281 1362622713     633763 0 4 40.0 100.0 
 281 1362622713     643714 0 4 40.0 100.0 
 281 1362622713     653737 0 4 40.0 100.0 
 281 1362622713     663760 0 4 40.0 100.0 
 281 1362622713     673769 0 4 40.0 100.0 
 281 1362622713     683789 0 4 40.0 100.0 
 281 1362622713     693806 0 4 40.0 100.0 
 282 1362622713     703776 0 4 40.0 100.0 
 282 1362622713     713807 0 4 40.0 100.0 
 282 1362622713     723820 0 4 40.0 100.0 
 281 1362622713     733779 0 4 40.0 100.0 
 282 1362622713     743808 0 4 40.0 100.0 
 280 1362622713     753833 0 4 40.0 100.0 
 282 1362622713     763797 0 4 40.0 100.0 
 281 1362622713     773822 0 4 40.0 100.0 
 281 1362622713     783865 0 4 40.0 100.0 
 281 1362622713     793816 0 4 40.0 100.0 
 282 1362622713     803842 0 4 40.0 100.0 
 281 1362622713     813866 0 4 40.0 100.0 
 281 1362622713     823831 0 4 40.0 100.0 
 281 1362622713     833862 0 4 40.0 100.0 
 281 1362622713     843895 0 4 40.0 100.0 
 281 1362622713     853853 0 4 40.0 100.0 
 281 1362622713     863875 0 4 40.0 100.0 
 281 1362622713     873899 0 4 40.0 100.0 
 280 1362622713     883932 0 4 40.0 100.0 
 282 1362622713     893891 0 4 40.0 100.0 
 281 1362622713     903918 0 4 40.0 100.0 
 281 1362622713     913937 0 4 40.0 100.0 
 281 1362622713     923915 0 4 40.0 100.0 
 281 1362622713     933944 0 4 40.0 100.0 
 281 1362622713     943974 0 4 40.0 100.0 
 281 1362622713     953923 0 4 40.0 100.0 
 281 1362622713     963947 0 4 40.0 100.0 
 282 1362622713     973957 0 4 40.0 100.0 
 282 1362622713     983974 0 4 40.0 100.0 
 281 1362622713     994006 0 4 40.0 100.0 
 281 1362622714       3994 0 4 40.0 100.0 
 282 1362622714      14005 0 4 40.0 100.0 
 281 1362622714      23973 0 4 40.0 100.0 
 281 1362622714      33995 0 4 40.0 100.0 
 280 1362622714      44019 0 4 40.0 100.0 
 281 1362622714      54049 0 4 40.0 100.0 
 281 1362622714      64007 0 4 40.0 100.0 
 282 1362622714      74025 0 4 40.0 100.0 
 281 1362622714      84048 0 4 40.0 100.0 
 281 1362622714      94070 0 4 40.0 100.0 
 281 1362622714     104020 0 4 40.0 100.0 
 281 1362622714     114041 0 4 40.0 100.0 
 281 1362622714     124054 0 4 40.0 100.0 
 281 1362622714     134094 0 4 40.0 100.0 
 281 1362622714     144051 0 4 40.0 100.0 
 281 1362622714     154065 0 4 40.0 100.0 
 282 1362622714     164097 0 4 40.0 100.0 
 281 1362622714     174128 0 4 40.0 100.0 
 280 1362622714     184109 0 4 40.0 100.0 
 282 1362622714     194078 0 4 40.0 100.0 
 282 1362622714     204109 0 4 40.0 100.0 
 281 1362622714     214137 0 4 40.0 100.0 
 282 1362622714     224157 0 4 40.0 100.0 
 281 1362622714     234122 0 4 40.0 100.0 
 281 1362622714     244146 0 4 40.0 100.0 
 281 1362622714     254185 0 4 40.0 100.0 
 282 1362622714     264144 0 4 40.0 100.0 
 280 1362622714     274164 0 4 40.0 100.0 
 282 1362622714     284196 0 4 40.0 100.0 
 281 1362622714     294166 0 4 40.0 100.0 
 281 1362622714     304194 0 4 40.0 100.0 
 281 1362622714     314224 0 4 40.0 100.0 
 281 1362622714     324191 0 4 40.0 100.0 
 281 1362622714     334233 0 4 40.0 100.0 
 282 1362622714     344188 0 4 40.0 100.0 
 282 1362622714     354217 0 4 40.0 100.0 
 281 1362622714     364256 0 4 40.0 100.0 
 281 1362622714     374206 0 4 40.0 100.0 
 281 1362622714     384242 0 4 40.0 100.0 
 281 1362622714     394248 0 4 40.0 100.0 
 281 1362622714     404256 0 4 40.0 100.0 
 281 1362622714     414220 0 4 40.0 100.0 
 281 1362622714     424237 0 4 40.0 100.0 
 281 1362622714     434250 0 4 40.0 100.0 
 281 1362622714     444257 0 4 40.0 100.0 
 281 1362622714     454268 0 4 40.0 100.0 
 281 1362622714     464263 0 4 40.0 100.0 
 282 1362622714     474311 0 4 40.0 100.0 
 281 1362622714     484309 0 4 40.0 100.0 
 282 1362622714     494275 0 4 40.0 100.0 
 281 1362622714     504283 0 4 40.0 100.0 
 281 1362622714     514303 0 4 40.0 100.0 
 282 1362622714     524311 0 4 40.0 100.0 
 282 1362622714     534353 0 4 40.0 100.0 
 281 1362622714     544354 0 4 40.0 100.0 
 282 1362622714     554341 0 4 40.0 100.0 
 282 1362622714     564362 0 4 40.0 100.0 
 282 1362622714     574315 0 4 40.0 100.0 
 281 1362622714     584362 0 4 40.0 100.0 
 281 1362622714     594381 0 4 40.0 100.0 
 281 1362622714     604383 0 4 40.0 100.0 
 281 1362622714     614369 0 4 40.0 100.0 
 282 1362622714     624386 0 4 40.0 100.0 
 281 1362622714     634376 0 4 40.0 100.0 
 281 1362622714     644422 0 4 40.0 100.0 
 281 1362622714     654383 0 4 40.0 100.0 
 281 1362622714     664418 0 4 40.0 100.0 
 281 1362622714     674382 0 4 40.0 100.0 
 282 1362622714     684420 0 4 40.0 100.0 
 281 1362622714     694457 0 4 40.0 100.0 
 281 1362622714     704463 0 4 40.0 100.0 
 282 1362622714     714446 0 4 40.0 100.0 
 281 1362622714     724433 0 4 40.0 100.0 
 281 1362622714     734436 0 4 40.0 100.0 
 282 1362622714     744427 0 4 40.0 100.0 
 281 1362622714     754486 0 4 40.0 100.0 
 282 1362622714     764463 0 4 40.0 100.0 
 281 1362622714     774492 0 4 40.0 100.0 
 281 1362622714     784452 0 4 40.0 100.0 
 281 1362622714     794488 0 4 40.0 100.0 
 282 1362622714     804476 0 4 40.0 100.0 
 281 1362622714     814519 0 4 40.0 100.0 
 282 1362622714     824536 0 4 40.0 100.0 
 281 1362622714     834519 0 4 40.0 100.0 
 281 1362622714     844554 0 4 40.0 100.0 
 281 1362622714     854500 0 4 40.0 100.0 
 281 1362622714     864538 0 4 40.0 100.0 
 281 1362622714     874526 0 4 40.0 100.0 
 281 1362622714     884579 0 4 40.0 100.0 
 282 1362622714     894527 0 4 40.0 100.0 
 281 1362622714     904584 0 4 40.0 100.0 
 281 1362622714     914570 0 4 40.0 100.0 
 281 1362622714     924572 0 4 40.0 100.0 
 281 1362622714     934590 0 4 40.0 100.0 
 281 1362622714     944585 0 4 40.0 100.0 
 282 1362622714     954575 0 4 40.0 100.0 
 281 1362622714     964616 0 4 40.0 100.0 
 281 1362622714     974590 0 4 40.0 100.0 
 281 1362622714     984586 0 4 40.0 100.0 
 281 1362622714     994592 0 4 40.0 100.0 
 281 1362622715       4602 0 4 40.0 100.0 
 282 1362622715      14653 0 4 40.0 100.0 
 281 1362622715      24644 0 4 40.0 100.0 
 282 1362622715      34658 0 4 40.0 100.0 
 281 1362622715      44656 0 4 40.0 100.0 
 282 1362622715      54650 0 4 40.0 100.0 
 281 1362622715      64665 0 4 40.0 100.0 
 282 1362622715      74659 0 4 40.0 100.0 
 281 1362622715      84682 0 4 40.0 100.0 
 282 1362622715      94684 0 4 40.0 100.0 
 282 1362622715     104661 0 4 40.0 100.0 
 281 1362622715     114708 0 4 40.0 100.0 
 282 1362622715     124692 0 4 40.0 100.0 
 281 1362622715     134700 0 4 40.0 100.0 
 282 1362622715     144735 0 4 40.0 100.0 
 281 1362622715     154698 0 4 40.0 100.0 
 282 1362622715     164745 0 4 40.0 100.0 
 280 1362622715     174733 0 4 40.0 100.0 
 282 1362622715     184752 0 4 40.0 100.0 
 282 1362622715     194744 0 4 40.0 100.0 
 281 1362622715     204751 0 4 40.0 100.0 
 281 1362622715     214774 0 4 40.0 100.0 
 282 1362622715     224745 0 4 40.0 100.0 
 281 1362622715     234764 0 4 40.0 100.0 
 282 1362622715     244804 0 4 40.0 100.0 
 281 1362622715     254808 0 4 40.0 100.0 
 282 1362622715     264830 0 4 40.0 100.0 
 281 1362622715     274816 0 4 40.0 100.0 
 282 1362622715     284823 0 4 40.0 100.0 
 281 1362622715     294837 0 4 40.0 100.0 
 282 1362622715     304855 0 4 40.0 100.0 
 282 1362622715     314836 0 4 40.0 100.0 
 281 1362622715     324826 0 4 40.0 100.0 
 281 1362622715     334840 0 4 40.0 100.0 
 282 1362622715     344828 0 4 40.0 100.0 
 281 1362622715     354855 0 4 40.0 100.0 
 281 1362622715     364886 0 4 40.0 100.0 
 281 1362622715     374849 0 4 40.0 100.0 
 281 1362622715     384853 0 4 40.0 100.0 
 281 1362622715     394915 0 4 40.0 100.0 
 281 1362622715     404878 0 4 40.0 100.0 
 281 1362622715     414887 0 4 40.0 100.0 
 281 1362622715     424876 0 4 40.0 100.0 
 282 1362622715     434925 0 4 40.0 100.0 
 281 1362622715     444935 0 4 40.0 100.0 
 281 1362622715     454941 0 4 40.0 100.0 
 281 1362622715     464928 0 4 40.0 100.0 
 282 1362622715     474948 0 4 40.0 100.0 
 281 1362622715     484947 0 4 40.0 100.0 
 282 1362622715     494982 0 4 40.0 100.0 
 280 1362622715     504946 0 4 40.0 100.0 
 281 1362622715     514979 0 4 40.0 100.0 
 282 1362622715     524946 0 4 40.0 100.0 
 281 1362622715     534951 0 4 40.0 100.0 
 282 1362622715     544975 0 4 40.0 100.0 
 282 1362622715     554968 0 4 40.0 100.0 
 282 1362622715     565013 0 4 40.0 100.0 
 282 1362622715     575002 0 4 40.0 100.0 
 282 1362622715     585013 0 4 40.0 100.0 
 281 1362622715     595046 0 4 40.0 100.0 
 281 1362622715     605032 0 4 40.0 100.0 
 282 1362622715     615014 0 4 40.0 100.0 
 281 1362622715     625007 0 4 40.0 100.0 
 282 1362622715     635044 0 4 40.0 100.0 
 282 1362622715     645048 0 4 40.0 100.0 
 282 1362622715     655081 0 4 40.0 100.0 
 282 1362622715     665052 0 4 40.0 100.0 
 281 1362622715     675067 0 4 40.0 100.0 
 281 1362622715     685098 0 4 40.0 100.0 
 282 1362622715     695062 0 4 40.0 100.0 
 281 1362622715     705103 0 4 40.0 100.0 
 280 1362622715     715071 0 4 40.0 100.0 
 282 1362622715     725097 0 4 40.0 100.0 
 281 1362622715     735117 0 4 40.0 100.0 
 281 1362622715     745149 0 4 40.0 100.0 
 281 1362622715     755111 0 4 40.0 100.0 
 281 1362622715     765108 0 4 40.0 100.0 
 280 1362622715     775120 0 4 40.0 100.0 
 282 1362622715     785172 0 4 40.0 100.0 
 281 1362622715     795150 0 4 40.0 100.0 
 281 1362622715     805144 0 4 40.0 100.0 
 281 1362622715     815161 0 4 40.0 100.0 
 281 1362622715     825143 0 4 40.0 100.0 
 281 1362622715     835183 0 4 40.0 100.0 
 281 1362622715     845156 0 4 40.0 100.0 
 281 1362622715     855196 0 4 40.0 100.0 
 281 1362622715     865197 0 4 40.0 100.0 
 282 1362622715     875227 0 4 40.0 100.0 
 281 1362622715     885185 0 4 40.0 100.0 
 281 1362622715     895224 0 4 40.0 100.0 
 281 1362622715     905221 0 4 40.0 100.0 
 282 1362622715     915243 0 4 40.0 100.0 
 281 1362622715     925210 0 4 40.0 100.0 
 282 1362622715     935234 0 4 40.0 100.0 
 281 1362622715     945252 0 4 40.0 100.0 
 281 1362622715     955257 0 4 40.0 100.0 
 281 1362622715     965252 0 4 40.0 100.0 
 282 1362622715     975243 0 4 40.0 100.0 
 281 1362622715     985282 0 4 40.0 100.0 
 282 1362622715     995296 0 4 40.0 100.0 
 281 1362622716       5317 0 4 40.0 100.0 
 281 1362622716      15305 0 4 40.0 100.0 
 281 1362622716      25292 0 4 40.0 100.0 
 281 1362622716      35340 0 4 40.0 100.0 
 281 1362622716      45321 0 4 40.0 100.0 
 281 1362622716      55332 0 4 40.0 100.0 
 282 1362622716      65321 0 4 40.0 100.0 
 281 1362622716      75316 0 4 40.0 100.0 
 281 1362622716      85368 0 4 40.0 100.0 
 281 1362622716      95353 0 4 40.0 100.0 
 282 1362622716     105375 0 4 40.0 100.0 
 282 1362622716     115357 0 4 40.0 100.0 
 282 1362622716     125386 0 4 40.0 100.0 
 281 1362622716     135374 0 4 40.0 100.0 
 282 1362622716     145382 0 4 40.0 100.0 
 282 1362622716     155397 0 4 40.0 100.0 
 282 1362622716     165378 0 4 40.0 100.0 
 281 1362622716     175382 0 4 40.0 100.0 
 282 1362622716     185387 0 4 40.0 100.0 
 281 1362622716     195435 0 4 40.0 100.0 
 282 1362622716     205422 0 4 40.0 100.0 
 281 1362622716     215440 0 4 40.0 100.0 
 282 1362622716     225465 0 4 40.0 100.0 
 281 1362622716     235436 0 4 40.0 100.0 
 282 1362622716     245471 0 4 40.0 100.0 
 281 1362622716     255461 0 4 40.0 100.0 
 281 1362622716     265485 0 4 40.0 100.0 
 281 1362622716     275464 0 4 40.0 100.0 
 281 1362622716     285489 0 4 40.0 100.0 
 282 1362622716     295505 0 4 40.0 100.0 
 281 1362622716     305501 0 4 40.0 100.0 
 282 1362622716     315489 0 4 40.0 100.0 
 281 1362622716     325532 0 4 40.0 100.0 
 281 1362622716     335494 0 4 40.0 100.0 
 281 1362622716     345514 0 4 40.0 100.0 
 281 1362622716     355523 0 4 40.0 100.0 
 281 1362622716     365538 0 4 40.0 100.0 
 282 1362622716     375514 0 4 40.0 100.0 
 281 1362622716     385519 0 4 40.0 100.0 
 282 1362622716     395539 0 4 40.0 100.0 
 282 1362622716     405534 0 4 40.0 100.0 
 281 1362622716     415569 0 4 40.0 100.0 
 281 1362622716     425561 0 4 40.0 100.0 
 281 1362622716     435599 0 4 40.0 100.0 
 281 1362622716     445595 0 4 40.0 100.0 
 281 1362622716     455612 0 4 40.0 100.0 
 281 1362622716     465577 0 4 40.0 100.0 
 282 1362622716     475621 0 4 40.0 100.0 
 281 1362622716     485581 0 4 40.0 100.0 
 282 1362622716     495631 0 4 40.0 100.0 
 282 1362622716     505594 0 4 40.0 100.0 
 281 1362622716     515634 0 4 40.0 100.0 
 281 1362622716     525641 0 4 40.0 100.0 
 281 1362622716     535672 0 4 40.0 100.0 
 281 1362622716     545649 0 4 40.0 100.0 
 281 1362622716     555650 0 4 40.0 100.0 
 281 1362622716     565672 0 4 40.0 100.0 
 281 1362622716     575643 0 4 40.0 100.0 
 281 1362622716     585672 0 4 40.0 100.0 
 281 1362622716     595670 0 4 40.0 100.0 
 281 1362622716     605670 0 4 40.0 100.0 
 281 1362622716     615688 0 4 40.0 100.0 
 282 1362622716     625722 0 4 40.0 100.0 
 281 1362622716     635688 0 4 40.0 100.0 
 282 1362622716     645686 0 4 40.0 100.0 
 281 1362622716     655716 0 4 40.0 100.0 
 281 1362622716     665726 0 4 40.0 100.0 
 282 1362622716     675756 0 4 40.0 100.0 
 281 1362622716     685717 0 4 40.0 100.0 
 282 1362622716     695731 0 4 40.0 100.0 
 282 1362622716     705779 0 4 40.0 100.0 
 281 1362622716     715742 0 4 40.0 100.0 
 282 1362622716     725760 0 4 40.0 100.0 
 282 1362622716     735774 0 4 40.0 100.0 
 281 1362622716     745755 0 4 40.0 100.0 
 281 1362622716     755781 0 4 40.0 100.0 
 281 1362622716     765817 0 4 40.0 100.0 
 282 1362622716     775774 0 4 40.0 100.0 
 281 1362622716     785834 0 4 40.0 100.0 
 282 1362622716     795835 0 4 40.0 100.0 
 282 1362622716     805835 0 4 40.0 100.0 
 282 1362622716     815793 0 4 40.0 100.0 
 280 1362622716     825824 0 4 40.0 100.0 
 282 1362622716     835851 0 4 40.0 100.0 
 282 1362622716     845851 0 4 40.0 100.0 
 281 1362622716     855837 0 4 40.0 100.0 
 281 1362622716     865877 0 4 40.0 100.0 
 282 1362622716     875872 0 4 40.0 100.0 
 281 1362622716     885843 0 4 40.0 100.0 
 281 1362622716     895857 0 4 40.0 100.0 
 282 1362622716     905881 0 4 40.0 100.0 
 281 1362622716     915875 0 4 40.0 100.0 
 282 1362622716     925873 0 4 40.0 100.0 
 281 1362622716     935888 0 4 40.0 100.0 
 281 1362622716     945925 0 4 40.0 100.0 
 281 1362622716     955930 0 4 40.0 100.0 
 281 1362622716     965932 0 4 40.0 100.0 
 281 1362622716     975958 0 4 40.0 100.0 
 282 1362622716     985928 0 4 40.0 100.0 
 281 1362622716     995946 0 4 40.0 100.0 
 282 1362622717       5934 0 4 40.0 100.0 
 281 1362622717      15951 0 4 40.0 100.0 
 281 1362622717      25996 0 4 40.0 100.0 
 281 1362622717      35949 0 4 40.0 100.0 
 282 1362622717      45979 0 4 40.0 100.0 
 282 1362622717      56013 0 4 40.0 100.0 
 281 1362622717      65978 0 4 40.0 100.0 
 281 1362622717      76024 0 4 40.0 100.0 
 281 1362622717      86024 0 4 40.0 100.0 
 281 1362622717      95983 0 4 40.0 100.0 
 282 1362622717     106041 0 4 40.0 100.0 
 282 1362622717     115997 0 4 40.0 100.0 
 282 1362622717     126043 0 4 40.0 100.0 
 282 1362622717     136026 0 4 40.0 100.0 
 281 1362622717     146068 0 4 40.0 100.0 
 282 1362622717     156067 0 4 40.0 100.0 
 281 1362622717     166043 0 4 40.0 100.0 
 282 1362622717     176095 0 4 40.0 100.0 
 280 1362622717     186059 0 4 40.0 100.0 
 281 1362622717     196081 0 4 40.0 100.0 
 282 1362622717     206057 0 4 40.0 100.0 
 281 1362622717     216059 0 4 40.0 100.0 
 281 1362622717     226084 0 4 40.0 100.0 
 282 1362622717     236106 0 4 40.0 100.0 
 281 1362622717     246130 0 4 40.0 100.0 
 281 1362622717     256139 0 4 40.0 100.0 
 282 1362622717     266147 0 4 40.0 100.0 
 282 1362622717     276098 0 4 40.0 100.0 
 282 1362622717     286157 0 4 40.0 100.0 
 282 1362622717     296140 0 4 40.0 100.0 
 282 1362622717     306167 0 4 40.0 100.0 
 282 1362622717     316179 0 4 40.0 100.0 
 281 1362622717     326159 0 4 40.0 100.0 
 281 1362622717     336150 0 4 40.0 100.0 
 281 1362622717     346193 0 4 40.0 100.0 
 281 1362622717     356176 0 4 40.0 100.0 
 281 1362622717     366185 0 4 40.0 100.0 
 281 1362622717     376195 0 4 40.0 100.0 
 281 1362622717     386179 0 4 40.0 100.0 
 282 1362622717     396195 0 4 40.0 100.0 
 281 1362622717     406210 0 4 40.0 100.0 
 282 1362622717     416202 0 4 40.0 100.0 
 281 1362622717     426207 0 4 40.0 100.0 
 282 1362622717     436245 0 4 40.0 100.0 
 281 1362622717     446264 0 4 40.0 100.0 
 281 1362622717     456228 0 4 40.0 100.0 
 282 1362622717     466286 0 4 40.0 100.0 
 281 1362622717     476232 0 4 40.0 100.0 
 283 1362622717     486246 0 4 40.0 100.0 
 281 1362622717     496301 0 4 40.0 100.0 
 281 1362622717     506300 0 4 40.0 100.0 
 281 1362622717     516258 0 4 40.0 100.0 
 282 1362622717     526323 0 4 40.0 100.0 
 281 1362622717     536311 0 4 40.0 100.0 
 282 1362622717     546275 0 4 40.0 100.0 
 282 1362622717     556336 0 4 40.0 100.0 
 282 1362622717     566312 0 4 40.0 100.0 
 281 1362622717     576345 0 4 40.0 100.0 
 281 1362622717     586318 0 4 40.0 100.0 
 281 1362622717     596372 0 4 40.0 100.0 
 281 1362622717     606337 0 4 40.0 100.0 
 282 1362622717     616323 0 4 40.0 100.0 
 281 1362622717     626369 0 4 40.0 100.0 
 282 1362622717     636398 0 4 40.0 100.0 
 281 1362622717     646346 0 4 40.0 100.0 
 281 1362622717     656403 0 4 40.0 100.0 
 281 1362622717     666419 0 4 40.0 100.0 
 281 1362622717     676391 0 4 40.0 100.0 
 281 1362622717     686378 0 4 40.0 100.0 
 282 1362622717     696437 0 4 40.0 100.0 
 281 1362622717     706431 0 4 40.0 100.0 
 282 1362622717     716423 0 4 40.0 100.0 
 281 1362622717     726399 0 4 40.0 100.0 
 281 1362622717     736412 0 4 40.0 100.0 
 281 1362622717     746421 0 4 40.0 100.0 
 281 1362622717     756448 0 4 40.0 100.0 
 281 1362622717     766444 0 4 40.0 100.0 
 281 1362622717     776434 0 4 40.0 100.0 
 281 1362622717     786476 0 4 40.0 100.0 
 281 1362622717     796492 0 4 40.0 100.0 
 281 1362622717     806456 0 4 40.0 100.0 
 282 1362622717     816465 0 4 40.0 100.0 
 281 1362622717     826495 0 4 40.0 100.0 
 282 1362622717     836500 0 4 40.0 100.0 
 281 1362622717     846482 0 4 40.0 100.0 
 281 1362622717     856505 0 4 40.0 100.0 
 281 1362622717     866545 0 4 40.0 100.0 
 281 1362622717     876509 0 4 40.0 100.0 
 281 1362622717     886550 0 4 40.0 100.0 
 281 1362622717     896566 0 4 40.0 100.0 
 281 1362622717     906524 0 4 40.0 100.0 
 282 1362622717     916540 0 4 40.0 100.0 
 281 1362622717     926561 0 4 40.0 100.0 
 281 1362622717     936596 0 4 40.0 100.0 
 282 1362622717     946545 0 4 40.0 100.0 
 281 1362622717     956575 0 4 40.0 100.0 
 282 1362622717     966602 0 4 40.0 100.0 
 282 1362622717     976581 0 4 40.0 100.0 
 281 1362622717     986576 0 4 40.0 100.0 
 281 1362622717     996615 0 4 40.0 100.0 
 281 1362622718       6627 0 4 40.0 100.0 
 281 1362622718      16640 0 4 40.0 100.0 
 282 1362622718      26602 0 4 40.0 100.0 
 281 1362622718      36623 0 4 40.0 100.0 
 282 1362622718      46656 0 4 40.0 100.0 
 281 1362622718      56668 0 4 40.0 100.0 
 281 1362622718      66662 0 4 40.0 100.0 
 282 1362622718      76647 0 4 40.0 100.0 
 281 1362622718      86641 0 4 40.0 100.0 
 282 1362622718      96685 0 4 40.0 100.0 
 281 1362622718     106700 0 4 40.0 100.0 
 282 1362622718     116700 0 4 40.0 100.0 
 281 1362622718     126713 0 4 40.0 100.0 
 281 1362622718     136724 0 4 40.0 100.0 
 281 1362622718     146737 0 4 40.0 100.0 
 281 1362622718     156680 0 4 40.0 100.0 
 281 1362622718     166719 0 4 40.0 100.0 
 282 1362622718     176730 0 4 40.0 100.0 
 281 1362622718     186726 0 4 40.0 100.0 
 282 1362622718     196767 0 4 40.0 100.0 
 281 1362622718     206777 0 4 40.0 100.0 
 282 1362622718     216775 0 4 40.0 100.0 
 281 1362622718     226751 0 4 40.0 100.0 
 282 1362622718     236746 0 4 40.0 100.0 
 282 1362622718     246806 0 4 40.0 100.0 
 281 1362622718     256755 0 4 40.0 100.0 
 281 1362622718     266792 0 4 40.0 100.0 
 281 1362622718     276825 0 4 40.0 100.0 
 281 1362622718     286820 0 4 40.0 100.0 
 281 1362622718     296808 0 4 40.0 100.0 
 282 1362622718     306804 0 4 40.0 100.0 
 281 1362622718     316812 0 4 40.0 100.0 
 281 1362622718     326858 0 4 40.0 100.0 
 281 1362622718     336823 0 4 40.0 100.0 
 282 1362622718     346843 0 4 40.0 100.0 
 281 1362622718     356840 0 4 40.0 100.0 
 282 1362622718     366836 0 4 40.0 100.0 
 281 1362622718     376885 0 4 40.0 100.0 
 282 1362622718     386874 0 4 40.0 100.0 
 281 1362622718     396851 0 4 40.0 100.0 
 282 1362622718     406901 0 4 40.0 100.0 
 281 1362622718     416889 0 4 40.0 100.0 
 281 1362622718     426897 0 4 40.0 100.0 
 280 1362622718     436870 0 4 40.0 100.0 
 281 1362622718     446910 0 4 40.0 100.0 
 281 1362622718     456918 0 4 40.0 100.0 
 281 1362622718     466884 0 4 40.0 100.0 
 282 1362622718     476951 0 4 40.0 100.0 
 282 1362622718     486917 0 4 40.0 100.0 
 281 1362622718     496954 0 4 40.0 100.0 
 281 1362622718     506946 0 4 40.0 100.0 
 282 1362622718     516944 0 4 40.0 100.0 
 281 1362622718     526933 0 4 40.0 100.0 
 282 1362622718     536963 0 4 40.0 100.0 
 281 1362622718     546955 0 4 40.0 100.0 
 282 1362622718     556953 0 4 40.0 100.0 
 281 1362622718     566964 0 4 40.0 100.0 
 281 1362622718     577015 0 4 40.0 100.0 
 282 1362622718     587008 0 4 40.0 100.0 
 282 1362622718     597006 0 4 40.0 100.0 
 282 1362622718     606994 0 4 40.0 100.0 
 282 1362622718     617024 0 4 40.0 100.0 
 282 1362622718     627000 0 4 40.0 100.0 
 282 1362622718     637037 0 4 40.0 100.0 
 281 1362622718     647028 0 4 40.0 100.0 
 282 1362622718     657034 0 4 40.0 100.0 
 281 1362622718     667053 0 4 40.0 100.0 
 281 1362622718     677028 0 4 40.0 100.0 
 281 1362622718     687086 0 4 40.0 100.0 
 282 1362622718     697078 0 4 40.0 100.0 
 281 1362622718     707101 0 4 40.0 100.0 
 282 1362622718     717101 0 4 40.0 100.0 
 282 1362622718     727104 0 4 40.0 100.0 
 282 1362622718     737081 0 4 40.0 100.0 
 282 1362622718     747133 0 4 40.0 100.0 
 282 1362622718     757095 0 4 40.0 100.0 
 282 1362622718     767084 0 4 40.0 100.0 
 281 1362622718     777109 0 4 40.0 100.0 
 282 1362622718     787107 0 4 40.0 100.0 
 281 1362622718     797118 0 4 40.0 100.0 
 281 1362622718     807120 0 4 40.0 100.0 
 282 1362622718     817141 0 4 40.0 100.0 
 282 1362622718     827141 0 4 40.0 100.0 
 282 1362622718     837174 0 4 40.0 100.0 
 282 1362622718     847173 0 4 40.0 100.0 
 282 1362622718     857187 0 4 40.0 100.0 
 281 1362622718     867192 0 4 40.0 100.0 
 282 1362622718     877200 0 4 40.0 100.0 
 282 1362622718     887184 0 4 40.0 100.0 
 281 1362622718     897198 0 4 40.0 100.0 
 281 1362622718     907212 0 4 40.0 100.0 
 280 1362622718     917229 0 4 40.0 100.0 
 282 1362622718     927213 0 4 40.0 100.0 
 281 1362622718     937205 0 4 40.0 100.0 
 282 1362622718     947256 0 4 40.0 100.0 
 281 1362622718     957240 0 4 40.0 100.0 
 281 1362622718     967273 0 4 40.0 100.0 
 282 1362622718     977267 0 4 40.0 100.0 
 282 1362622718     987248 0 4 40.0 100.0 
 281 1362622718     997293 0 4 40.0 100.0 
 282 1362622719       7254 0 4 40.0 100.0 
 281 1362622719      17301 0 4 40.0 100.0 
 282 1362622719      27294 0 4 40.0 100.0 
 282 1362622719      37289 0 4 40.0 100.0 
 281 1362622719      47302 0 4 40.0 100.0 
 282 1362622719      57298 0 4 40.0 100.0 
 281 1362622719      67292 0 4 40.0 100.0 
 282 1362622719      77340 0 4 40.0 100.0 
 280 1362622719      87352 0 4 40.0 100.0 
 282 1362622719      97334 0 4 40.0 100.0 
 281 1362622719     107324 0 4 40.0 100.0 
 282 1362622719     117339 0 4 40.0 100.0 
 281 1362622719     127359 0 4 40.0 100.0 
 282 1362622719     137354 0 4 40.0 100.0 
 282 1362622719     147385 0 4 40.0 100.0 
 282 1362622719     157388 0 4 40.0 100.0 
 282 1362622719     167407 0 4 40.0 100.0 
 282 1362622719     177352 0 4 40.0 100.0 
 282 1362622719     187409 0 4 40.0 100.0 
 282 1362622719     197381 0 4 40.0 100.0 
 282 1362622719     207392 0 4 40.0 100.0 
 281 1362622719     217427 0 4 40.0 100.0 
 281 1362622719     227411 0 4 40.0 100.0 
 281 1362622719     237443 0 4 40.0 100.0 
 281 1362622719     247399 0 4 40.0 100.0 
 281 1362622719     257428 0 4 40.0 100.0 
 281 1362622719     267422 0 4 40.0 100.0 
 282 1362622719     277467 0 4 40.0 100.0 
 282 1362622719     287485 0 4 40.0 100.0 
 281 1362622719     297465 0 4 40.0 100.0 
 281 1362622719     307455 0 4 40.0 100.0 
 282 1362622719     317493 0 4 40.0 100.0 
 282 1362622719     327483 0 4 40.0 100.0 
 282 1362622719     337498 0 4 40.0 100.0 
 281 1362622719     347489 0 4 40.0 100.0 
 281 1362622719     357537 0 4 40.0 100.0 
 282 1362622719     367487 0 4 40.0 100.0 
 281 1362622719     377532 0 4 40.0 100.0 
 281 1362622719     387536 0 4 40.0 100.0 
 281 1362622719     397526 0 4 40.0 100.0 
 282 1362622719     407548 0 4 40.0 100.0 
 281 1362622719     417529 0 4 40.0 100.0 
 282 1362622719     427527 0 4 40.0 100.0 
 281 1362622719     437574 0 4 40.0 100.0 
 281 1362622719     447592 0 4 40.0 100.0 
 281 1362622719     457541 0 4 40.0 100.0 
 281 1362622719     467564 0 4 40.0 100.0 
 281 1362622719     477612 0 4 40.0 100.0 
 281 1362622719     487565 0 4 40.0 100.0 
 282 1362622719     497610 0 4 40.0 100.0 
 282 1362622719     507579 0 4 40.0 100.0 
 281 1362622719     517589 0 4 40.0 100.0 
 281 1362622719     527618 0 4 40.0 100.0 
 282 1362622719     537639 0 4 40.0 100.0 
 281 1362622719     547652 0 4 40.0 100.0 
 282 1362622719     557642 0 4 40.0 100.0 
 281 1362622719     567641 0 4 40.0 100.0 
 282 1362622719     577667 0 4 40.0 100.0 
 281 1362622719     587669 0 4 40.0 100.0 
 282 1362622719     597672 0 4 40.0 100.0 
 282 1362622719     607699 0 4 40.0 100.0 
 282 1362622719     617678 0 4 40.0 100.0 
 281 1362622719     627684 0 4 40.0 100.0 
 281 1362622719     637692 0 4 40.0 100.0 
 281 1362622719     647723 0 4 40.0 100.0 
 281 1362622719     657683 0 4 40.0 100.0 
 281 1362622719     667741 0 4 40.0 100.0 
 281 1362622719     677692 0 4 40.0 100.0 
 281 1362622719     687695 0 4 40.0 100.0 
 282 1362622719     697732 0 4 40.0 100.0 
 282 1362622719     707758 0 4 40.0 100.0 
 281 1362622719     717738 0 4 40.0 100.0 
 282 1362622719     727720 0 4 40.0 100.0 
 282 1362622719     737781 0 4 40.0 100.0 
 282 1362622719     747769 0 4 40.0 100.0 
 281 1362622719     757740 0 4 40.0 100.0 
 282 1362622719     767765 0 4 40.0 100.0 
 281 1362622719     777788 0 4 40.0 100.0 
 282 1362622719     787797 0 4 40.0 100.0 
 281 1362622719     797804 0 4 40.0 100.0 
 282 1362622719     807796 0 4 40.0 100.0 
 281 1362622719     817793 0 4 40.0 100.0 
 282 1362622719     827802 0 4 40.0 100.0 
 281 1362622719     837829 0 4 40.0 100.0 
 282 1362622719     847823 0 4 40.0 100.0 
 281 1362622719     857812 0 4 40.0 100.0 
 281 1362622719     867847 0 4 40.0 100.0 
 281 1362622719     877875 0 4 40.0 100.0 
 281 1362622719     887869 0 4 40.0 100.0 
 282 1362622719     897840 0 4 40.0 100.0 
 281 1362622719     907877 0 4 40.0 100.0 
 282 1362622719     917848 0 4 40.0 100.0 
 281 1362622719     927866 0 4 40.0 100.0 
 282 1362622719     937899 0 4 40.0 100.0 
 281 1362622719     947880 0 4 40.0 100.0 
 281 1362622719     957910 0 4 40.0 100.0 
 281 1362622719     967933 0 4 40.0 100.0 
 281 1362622719     977940 0 4 40.0 100.0 
 282 1362622719     987896 0 4 40.0 100.0 
 282 1362622719     997924 0 4 40.0 100.0 
 281 1362622720       7944 0 4 40.0 100.0 
 281 1362622720      17922 0 4 40.0 100.0 
 281 1362622720      27978 0 4 40.0 100.0 
 282 1362622720      37983 0 4 40.0 100.0 
 281 1362622720      47941 0 4 40.0 100.0 
 282 1362622720      57964 0 4 40.0 100.0 
 281 1362622720      67982 0 4 40.0 100.0 
 282 1362622720      77970 0 4 40.0 100.0 
 282 1362622720      87973 0 4 40.0 100.0 
 282 1362622720      97987 0 4 40.0 100.0 
 282 1362622720     108017 0 4 40.0 100.0 
 282 1362622720     118034 0 4 40.0 100.0 
 281 1362622720     128033 0 4 40.0 100.0 
 282 1362622720     137995 0 4 40.0 100.0 
 282 1362622720     148027 0 4 40.0 100.0 
 282 1362622720     158003 0 4 40.0 100.0 
 282 1362622720     168057 0 4 40.0 100.0 
 281 1362622720     178039 0 4 40.0 100.0 
 282 1362622720     188070 0 4 40.0 100.0 
 281 1362622720     198063 0 4 40.0 100.0 
 281 1362622720     208067 0 4 40.0 100.0 
 281 1362622720     218065 0 4 40.0 100.0 
 282 1362622720     228096 0 4 40.0 100.0 
 281 1362622720     238086 0 4 40.0 100.0 
 282 1362622720     248082 0 4 40.0 100.0 
 281 1362622720     258069 0 4 40.0 100.0 
 282 1362622720     268132 0 4 40.0 100.0 
 281 1362622720     278105 0 4 40.0 100.0 
 281 1362622720     288132 0 4 40.0 100.0 
 281 1362622720     298150 0 4 40.0 100.0 
 282 1362622720     308121 0 4 40.0 100.0 
 282 1362622720     318115 0 4 40.0 100.0 
 282 1362622720     328126 0 4 40.0 100.0 
 281 1362622720     338173 0 4 40.0 100.0 
 281 1362622720     348130 0 4 40.0 100.0 
 281 1362622720     358192 0 4 40.0 100.0 
 282 1362622720     368172 0 4 40.0 100.0 
 281 1362622720     378158 0 4 40.0 100.0 
 282 1362622720     388167 0 4 40.0 100.0 
 282 1362622720     398185 0 4 40.0 100.0 
 282 1362622720     408196 0 4 40.0 100.0 
 282 1362622720     418197 0 4 40.0 100.0 
 282 1362622720     428201 0 4 40.0 100.0 
 281 1362622720     438218 0 4 40.0 100.0 
 281 1362622720     448237 0 4 40.0 100.0 
 281 1362622720     458209 0 4 40.0 100.0 
 281 1362622720     468234 0 4 40.0 100.0 
 282 1362622720     478244 0 4 40.0 100.0 
 281 1362622720     488280 0 4 40.0 100.0 
 282 1362622720     498235 0 4 40.0 100.0 
 281 1362622720     508292 0 4 40.0 100.0 
 282 1362622720     518274 0 4 40.0 100.0 
 281 1362622720     528293 0 4 40.0 100.0 
 282 1362622720     538271 0 4 40.0 100.0 
 281 1362622720     548265 0 4 40.0 100.0 
 282 1362622720     558304 0 4 40.0 100.0 
 281 1362622720     568282 0 4 40.0 100.0 
 282 1362622720     578312 0 4 40.0 100.0 
 282 1362622720     588350 0 4 40.0 100.0 
 281 1362622720     598313 0 4 40.0 100.0 
 282 1362622720     608306 0 4 40.0 100.0 
 281 1362622720     618319 0 4 40.0 100.0 
 282 1362622720     628374 0 4 40.0 100.0 
 281 1362622720     638324 0 4 40.0 100.0 
 281 1362622720     648387 0 4 40.0 100.0 
 281 1362622720     658339 0 4 40.0 100.0 
 281 1362622720     668384 0 4 40.0 100.0 
 281 1362622720     678408 0 4 40.0 100.0 
 282 1362622720     688401 0 4 40.0 100.0 
 282 1362622720     698401 0 4 40.0 100.0 
 282 1362622720     708404 0 4 40.0 100.0 
 281 1362622720     718437 0 4 40.0 100.0 
 282 1362622720     728384 0 4 40.0 100.0 
 281 1362622720     738452 0 4 40.0 100.0 
 282 1362622720     748415 0 4 40.0 100.0 
 281 1362622720     758430 0 4 40.0 100.0 
 282 1362622720     768415 0 4 40.0 100.0 
 281 1362622720     778461 0 4 40.0 100.0 
 281 1362622720     788467 0 4 40.0 100.0 
 281 1362622720     798490 0 4 40.0 100.0 
 282 1362622720     808450 0 4 40.0 100.0 
 282 1362622720     818480 0 4 40.0 100.0 
 282 1362622720     828510 0 4 40.0 100.0 
 281 1362622720     838486 0 4 40.0 100.0 
 281 1362622720     848482 0 4 40.0 100.0 
 281 1362622720     858476 0 4 40.0 100.0 
 281 1362622720     868485 0 4 40.0 100.0 
 281 1362622720     878528 0 4 40.0 100.0 
 281 1362622720     888523 0 4 40.0 100.0 
 282 1362622720     898518 0 4 40.0 100.0 
 281 1362622720     908538 0 4 40.0 100.0 
 282 1362622720     918547 0 4 40.0 100.0 
 281 1362622720     928555 0 4 40.0 100.0 
 282 1362622720     938581 0 4 40.0 100.0 
 281 1362622720     948565 0 4 40.0 100.0 
 282 1362622720     958546 0 4 40.0 100.0 
 281 1362622720     968601 0 4 40.0 100.0 
 281 1362622720     978586 0 4 40.0 100.0 
 281 1362622720     988584 0 4 40.0 100.0 
 281 1362622720     998567 0 4 40.0 100.0 
 281 1362622721       8624 0 4 40.0 100.0 
 281 1362622721      18574 0 4 40.0 100.0 
 282 1362622721      28603 0 4 40.0 100.0 
 281 1362622721      38638 0 4 40.0 100.0 
 281 1362622721      48617 0 4 40.0 100.0 
 281 1362622721      58617 0 4 40.0 100.0 
 281 1362622721      68603 0 4 40.0 100.0 
 282 1362622721      78641 0 4 40.0 100.0 
 281 1362622721      88675 0 4 40.0 100.0 
 282 1362622721      98632 0 4 40.0 100.0 
 281 1362622721     108645 0 4 40.0 100.0 
 281 1362622721     118643 0 4 40.0 100.0 
 281 1362622721     128699 0 4 40.0 100.0 
 281 1362622721     138701 0 4 40.0 100.0 
 282 1362622721     148662 0 4 40.0 100.0 
 281 1362622721     158666 0 4 40.0 100.0 
 282 1362622721     168713 0 4 40.0 100.0 
 281 1362622721     178712 0 4 40.0 100.0 
 282 1362622721     188682 0 4 40.0 100.0 
 281 1362622721     198701 0 4 40.0 100.0 
 282 1362622721     208719 0 4 40.0 100.0 
 282 1362622721     218738 0 4 40.0 100.0 
 282 1362622721     228723 0 4 40.0 100.0 
 281 1362622721     238720 0 4 40.0 100.0 
 281 1362622721     248727 0 4 40.0 100.0 
 282 1362622721     258762 0 4 40.0 100.0 
 281 1362622721     268742 0 4 40.0 100.0 
 282 1362622721     278796 0 4 40.0 100.0 
 281 1362622721     288803 0 4 40.0 100.0 
 281 1362622721     298788 0 4 40.0 100.0 
 281 1362622721     308803 0 4 40.0 100.0 
 282 1362622721     318810 0 4 40.0 100.0 
 281 1362622721     328786 0 4 40.0 100.0 
 282 1362622721     338827 0 4 40.0 100.0 
 281 1362622721     348833 0 4 40.0 100.0 
 281 1362622721     358831 0 4 40.0 100.0 
 281 1362622721     368808 0 4 40.0 100.0 
 282 1362622721     378842 0 4 40.0 100.0 
 281 1362622721     388817 0 4 40.0 100.0 
 282 1362622721     398855 0 4 40.0 100.0 
 281 1362622721     408838 0 4 40.0 100.0 
 282 1362622721     418879 0 4 40.0 100.0 
 281 1362622721     428884 0 4 40.0 100.0 
 282 1362622721     438878 0 4 40.0 100.0 
 281 1362622721     448913 0 4 40.0 100.0 
 281 1362622721     458878 0 4 40.0 100.0 
 281 1362622721     468898 0 4 40.0 100.0 
 282 1362622721     478878 0 4 40.0 100.0 
 281 1362622721     488937 0 4 40.0 100.0 
 282 1362622721     498939 0 4 40.0 100.0 
 281 1362622721     508943 0 4 40.0 100.0 
 282 1362622721     518918 0 4 40.0 100.0 
 281 1362622721     528934 0 4 40.0 100.0 
 281 1362622721     538927 0 4 40.0 100.0 
 282 1362622721     548946 0 4 40.0 100.0 
 281 1362622721     558939 0 4 40.0 100.0 
 282 1362622721     568948 0 4 40.0 100.0 
 281 1362622721     578970 0 4 40.0 100.0 
 282 1362622721     588947 0 4 40.0 100.0 
 282 1362622721     598972 0 4 40.0 100.0 
 282 1362622721     609020 0 4 40.0 100.0 
 281 1362622721     618994 0 4 40.0 100.0 
 281 1362622721     629035 0 4 40.0 100.0 
 281 1362622721     639019 0 4 40.0 100.0 
 282 1362622721     649040 0 4 40.0 100.0 
 281 1362622721     659028 0 4 40.0 100.0 
 282 1362622721     669054 0 4 40.0 100.0 
 281 1362622721     679051 0 4 40.0 100.0 
 281 1362622721     689029 0 4 40.0 100.0 
 281 1362622721     699037 0 4 40.0 100.0 
 282 1362622721     709081 0 4 40.0 100.0 
 282 1362622721     719074 0 4 40.0 100.0 
 281 1362622721     729095 0 4 40.0 100.0 
 282 1362622721     739091 0 4 40.0 100.0 
 281 1362622721     749095 0 4 40.0 100.0 
 282 1362622721     759097 0 4 40.0 100.0 
 282 1362622721     769075 0 4 40.0 100.0 
 282 1362622721     779124 0 4 40.0 100.0 
 281 1362622721     789105 0 4 40.0 100.0 
 281 1362622721     799127 0 4 40.0 100.0 
 282 1362622721     809103 0 4 40.0 100.0 
 281 1362622721     819109 0 4 40.0 100.0 
 281 1362622721     829153 0 4 40.0 100.0 
 281 1362622721     839176 0 4 40.0 100.0 
 281 1362622721     849138 0 4 40.0 100.0 
 281 1362622721     859140 0 4 40.0 100.0 
 281 1362622721     869189 0 4 40.0 100.0 
 282 1362622721     879197 0 4 40.0 100.0 
 281 1362622721     889179 0 4 40.0 100.0 
 281 1362622721     899154 0 4 40.0 100.0 
 281 1362622721     909172 0 4 40.0 100.0 
 281 1362622721     919200 0 4 40.0 100.0 
 281 1362622721     929219 0 4 40.0 100.0 
 282 1362622721     939219 0 4 40.0 100.0 
 282 1362622721     949202 0 4 40.0 100.0 
 282 1362622721     959210 0 4 40.0 100.0 
 281 1362622721     969258 0 4 40.0 100.0 
 281 1362622721     979227 0 4 40.0 100.0 
 282 1362622721     989255 0 4 40.0 100.0 
 281 1362622721     999239 0 4 40.0 100.0 
 282 1362622722       9278 0 4 40.0 100.0 
 281 1362622722      19245 0 4 40.0 100.0 
 281 1362622722      29293 0 4 40.0 100.0 
 281 1362622722      39298 0 4 40.0 100.0 
 282 1362622722      49310 0 4 40.0 100.0 
 281 1362622722      59289 0 4 40.0 100.0 
 282 1362622722      69300 0 4 40.0 100.0 
 281 1362622722      79289 0 4 40.0 100.0 
 281 1362622722      89294 0 4 40.0 100.0 
 281 1362622722      99317 0 4 40.0 100.0 
 282 1362622722     109322 0 4 40.0 100.0 
 282 1362622722     119302 0 4 40.0 100.0 
 281 1362622722     129334 0 4 40.0 100.0 
 282 1362622722     139320 0 4 40.0 100.0 
 282 1362622722     149345 0 4 40.0 100.0 
 281 1362622722     159385 0 4 40.0 100.0 
 282 1362622722     169332 0 4 40.0 100.0 
 281 1362622722     179396 0 4 40.0 100.0 
 282 1362622722     189373 0 4 40.0 100.0 
 282 1362622722     199392 0 4 40.0 100.0 
 281 1362622722     209386 0 4 40.0 100.0 
 281 1362622722     219385 0 4 40.0 100.0 
 282 1362622722     229418 0 4 40.0 100.0 
 282 1362622722     239396 0 4 40.0 100.0 
 281 1362622722     249418 0 4 40.0 100.0 
 281 1362622722     259423 0 4 40.0 100.0 
 282 1362622722     269420 0 4 40.0 100.0 
 282 1362622722     279458 0 4 40.0 100.0 
 281 1362622722     289449 0 4 40.0 100.0 
 282 1362622722     299469 0 4 40.0 100.0 
 281 1362622722     309453 0 4 40.0 100.0 
 282 1362622722     319469 0 4 40.0 100.0 
 282 1362622722     329486 0 4 40.0 100.0 
 281 1362622722     339489 0 4 40.0 100.0 
 281 1362622722     349478 0 4 40.0 100.0 
 282 1362622722     359484 0 4 40.0 100.0 
 281 1362622722     369512 0 4 40.0 100.0 
 282 1362622722     379518 0 4 40.0 100.0 
 281 1362622722     389506 0 4 40.0 100.0 
 281 1362622722     399539 0 4 40.0 100.0 
 281 1362622722     409488 0 4 40.0 100.0 
 282 1362622722     419496 0 4 40.0 100.0 
 281 1362622722     429558 0 4 40.0 100.0 
 281 1362622722     439538 0 4 40.0 100.0 
 281 1362622722     449525 0 4 40.0 100.0 
 281 1362622722     459533 0 4 40.0 100.0 
 282 1362622722     469572 0 4 40.0 100.0 
 281 1362622722     479548 0 4 40.0 100.0 
 282 1362622722     489591 0 4 40.0 100.0 
 282 1362622722     499572 0 4 40.0 100.0 
 282 1362622722     509604 0 4 40.0 100.0 
