1998 1362625451     382924 1 11 40.0 50.0 
1999 1362625451     392892 1 11 40.0 50.0 
1998 1362625451     402908 1 11 40.0 50.0 
1998 1362625451     412894 1 11 40.0 50.0 
1998 1362625451     422908 1 11 40.0 50.0 
1997 1362625451     432881 1 11 40.0 50.0 
1998 1362625451     442931 1 11 40.0 50.0 
1998 1362625451     452925 1 11 40.0 50.0 
1998 1362625451     462907 1 11 40.0 50.0 
1998 1362625451     472961 1 11 40.0 50.0 
1998 1362625451     482935 1 11 40.0 50.0 
1998 1362625451     492970 1 11 40.0 50.0 
1998 1362625451     502962 1 11 40.0 50.0 
1997 1362625451     512942 1 11 40.0 50.0 
1998 1362625451     522986 1 11 40.0 50.0 
1998 1362625451     532972 1 11 40.0 50.0 
1998 1362625451     542969 1 11 40.0 50.0 
1999 1362625451     552958 1 11 40.0 50.0 
1998 1362625451     563000 1 11 40.0 50.0 
1998 1362625451     572971 1 11 40.0 50.0 
1998 1362625451     583012 1 11 40.0 50.0 
1997 1362625451     592995 1 11 40.0 50.0 
1998 1362625451     603043 1 11 40.0 50.0 
1997 1362625451     613007 1 11 40.0 50.0 
1998 1362625451     623059 1 11 40.0 50.0 
1998 1362625451     633034 1 11 40.0 50.0 
1997 1362625451     643085 1 11 40.0 50.0 
1998 1362625451     653073 1 11 40.0 50.0 
1998 1362625451     663039 1 11 40.0 50.0 
1998 1362625451     673067 1 11 40.0 50.0 
1998 1362625451     683110 1 11 40.0 50.0 
1998 1362625451     693096 1 11 40.0 50.0 
1998 1362625451     703090 1 11 40.0 50.0 
1998 1362625451     713074 1 11 40.0 50.0 
1998 1362625451     723124 1 11 40.0 50.0 
1997 1362625451     733090 1 11 40.0 50.0 
1998 1362625451     743086 1 11 40.0 50.0 
1998 1362625451     753153 1 11 40.0 50.0 
1998 1362625451     763133 1 11 40.0 50.0 
1998 1362625451     773168 1 11 40.0 50.0 
1998 1362625451     783138 1 11 40.0 50.0 
1997 1362625451     793184 1 11 40.0 50.0 
1998 1362625451     803168 1 11 40.0 50.0 
1997 1362625451     813137 1 11 40.0 50.0 
1998 1362625451     823190 1 11 40.0 50.0 
1998 1362625451     833168 1 11 40.0 50.0 
1998 1362625451     843164 1 11 40.0 50.0 
1998 1362625451     853202 1 11 40.0 50.0 
1999 1362625451     863170 1 11 40.0 50.0 
1998 1362625451     873219 1 11 40.0 50.0 
1997 1362625451     883189 1 11 40.0 50.0 
1997 1362625451     893254 1 11 40.0 50.0 
1998 1362625451     903254 1 11 40.0 50.0 
1998 1362625451     913229 1 11 40.0 50.0 
1999 1362625451     923214 1 11 40.0 50.0 
1998 1362625451     933262 1 11 40.0 50.0 
1998 1362625451     943248 1 11 40.0 50.0 
1997 1362625451     953233 1 11 40.0 50.0 
1999 1362625451     963286 1 11 40.0 50.0 
1998 1362625451     973276 1 11 40.0 50.0 
1998 1362625451     983313 1 11 40.0 50.0 
1998 1362625451     993298 1 11 40.0 50.0 
1998 1362625452       3281 1 11 40.0 50.0 
1998 1362625452      13320 1 11 40.0 50.0 
1998 1362625452      23305 1 11 40.0 50.0 
1997 1362625452      33349 1 11 40.0 50.0 
1998 1362625452      43336 1 11 40.0 50.0 
1997 1362625452      53304 1 11 40.0 50.0 
1998 1362625452      63335 1 11 40.0 50.0 
1998 1362625452      73316 1 11 40.0 50.0 
1998 1362625452      83364 1 11 40.0 50.0 
1998 1362625452      93337 1 11 40.0 50.0 
1998 1362625452     103322 1 11 40.0 50.0 
1998 1362625452     113375 1 11 40.0 50.0 
1998 1362625452     123358 1 11 40.0 50.0 
1998 1362625452     133398 1 11 40.0 50.0 
1998 1362625452     143393 1 11 40.0 50.0 
1998 1362625452     153377 1 11 40.0 50.0 
1998 1362625452     163366 1 11 40.0 50.0 
1998 1362625452     173428 1 11 40.0 50.0 
1998 1362625452     183395 1 11 40.0 50.0 
1996 1362625452     193449 1 11 40.0 50.0 
1998 1362625452     203442 1 11 40.0 50.0 
1997 1362625452     213397 1 11 40.0 50.0 
1998 1362625452     223419 1 11 40.0 50.0 
1998 1362625452     233460 1 11 40.0 50.0 
1998 1362625452     243458 1 11 40.0 50.0 
1998 1362625452     253445 1 11 40.0 50.0 
1998 1362625452     263429 1 11 40.0 50.0 
1997 1362625452     273503 1 11 40.0 50.0 
1998 1362625452     283471 1 11 40.0 50.0 
1998 1362625452     293513 1 11 40.0 50.0 
1998 1362625452     303497 1 11 40.0 50.0 
1998 1362625452     313499 1 11 40.0 50.0 
1998 1362625452     323495 1 11 40.0 50.0 
1998 1362625452     333539 1 11 40.0 50.0 
1998 1362625452     343536 1 11 40.0 50.0 
1998 1362625452     353509 1 11 40.0 50.0 
1998 1362625452     363550 1 11 40.0 50.0 
1998 1362625452     373544 1 11 40.0 50.0 
