 272 1362630363     782938 3 5 40.0 50.0 
 273 1362630363     793019 3 5 40.0 50.0 
 272 1362630363     802976 3 5 40.0 50.0 
 272 1362630363     813075 3 5 40.0 50.0 
 273 1362630363     823027 3 5 40.0 50.0 
 273 1362630363     832979 3 5 40.0 50.0 
 272 1362630363     843044 3 5 40.0 50.0 
 273 1362630363     852996 3 5 40.0 50.0 
 273 1362630363     863035 3 5 40.0 50.0 
 272 1362630363     873054 3 5 40.0 50.0 
 273 1362630363     883037 3 5 40.0 50.0 
 273 1362630363     892989 3 5 40.0 50.0 
 272 1362630363     903003 3 5 40.0 50.0 
 273 1362630363     913019 3 5 40.0 50.0 
 273 1362630363     923108 3 5 40.0 50.0 
 273 1362630363     933062 3 5 40.0 50.0 
 272 1362630363     943005 3 5 40.0 50.0 
 273 1362630363     953048 3 5 40.0 50.0 
 273 1362630363     963109 3 5 40.0 50.0 
 272 1362630363     973181 3 5 40.0 50.0 
 272 1362630363     983194 3 5 40.0 50.0 
 272 1362630363     993280 3 5 40.0 50.0 
 273 1362630364       3033 3 5 40.0 50.0 
 273 1362630364      13057 3 5 40.0 50.0 
 273 1362630364      23076 3 5 40.0 50.0 
 272 1362630364      33057 3 5 40.0 50.0 
 272 1362630364      43064 3 5 40.0 50.0 
 273 1362630364      53072 3 5 40.0 50.0 
 273 1362630364      63067 3 5 40.0 50.0 
 272 1362630364      73076 3 5 40.0 50.0 
 273 1362630364      83133 3 5 40.0 50.0 
 273 1362630364      93134 3 5 40.0 50.0 
 272 1362630364     103153 3 5 40.0 50.0 
 272 1362630364     113159 3 5 40.0 50.0 
 273 1362630364     123100 3 5 40.0 50.0 
 273 1362630364     133159 3 5 40.0 50.0 
 272 1362630364     143180 3 5 40.0 50.0 
 273 1362630364     153163 3 5 40.0 50.0 
 273 1362630364     163165 3 5 40.0 50.0 
 272 1362630364     173163 3 5 40.0 50.0 
 273 1362630364     183167 3 5 40.0 50.0 
 272 1362630364     193182 3 5 40.0 50.0 
 272 1362630364     203175 3 5 40.0 50.0 
 273 1362630364     213166 3 5 40.0 50.0 
 272 1362630364     223220 3 5 40.0 50.0 
 273 1362630364     233190 3 5 40.0 50.0 
 272 1362630364     243201 3 5 40.0 50.0 
 273 1362630364     253205 3 5 40.0 50.0 
 274 1362630364     263224 3 5 40.0 50.0 
 272 1362630364     273235 3 5 40.0 50.0 
 272 1362630364     283243 3 5 40.0 50.0 
 273 1362630364     293265 3 5 40.0 50.0 
 272 1362630364     303288 3 5 40.0 50.0 
 273 1362630364     313229 3 5 40.0 50.0 
 273 1362630364     323287 3 5 40.0 50.0 
 272 1362630364     333289 3 5 40.0 50.0 
 272 1362630364     343282 3 5 40.0 50.0 
 273 1362630364     353292 3 5 40.0 50.0 
 272 1362630364     363287 3 5 40.0 50.0 
 272 1362630364     373292 3 5 40.0 50.0 
 272 1362630364     383280 3 5 40.0 50.0 
 273 1362630364     393287 3 5 40.0 50.0 
 272 1362630364     403299 3 5 40.0 50.0 
 273 1362630364     413338 3 5 40.0 50.0 
 272 1362630364     423334 3 5 40.0 50.0 
 272 1362630364     433364 3 5 40.0 50.0 
 273 1362630364     443348 3 5 40.0 50.0 
 272 1362630364     453360 3 5 40.0 50.0 
 273 1362630364     463368 3 5 40.0 50.0 
 273 1362630364     473374 3 5 40.0 50.0 
 272 1362630364     483385 3 5 40.0 50.0 
 273 1362630364     493372 3 5 40.0 50.0 
 273 1362630364     503415 3 5 40.0 50.0 
 272 1362630364     513428 3 5 40.0 50.0 
 272 1362630364     523413 3 5 40.0 50.0 
 273 1362630364     533436 3 5 40.0 50.0 
 272 1362630364     543444 3 5 40.0 50.0 
 273 1362630364     553448 3 5 40.0 50.0 
 272 1362630364     563462 3 5 40.0 50.0 
 272 1362630364     573455 3 5 40.0 50.0 
 272 1362630364     583466 3 5 40.0 50.0 
 273 1362630364     593465 3 5 40.0 50.0 
 273 1362630364     603418 3 5 40.0 50.0 
 272 1362630364     613427 3 5 40.0 50.0 
 273 1362630364     623494 3 5 40.0 50.0 
 273 1362630364     633495 3 5 40.0 50.0 
 272 1362630364     643507 3 5 40.0 50.0 
 273 1362630364     653515 3 5 40.0 50.0 
 272 1362630364     663462 3 5 40.0 50.0 
 273 1362630364     673518 3 5 40.0 50.0 
 272 1362630364     683533 3 5 40.0 50.0 
 273 1362630364     693530 3 5 40.0 50.0 
 273 1362630364     703548 3 5 40.0 50.0 
 272 1362630364     713557 3 5 40.0 50.0 
 273 1362630364     723555 3 5 40.0 50.0 
 273 1362630364     733552 3 5 40.0 50.0 
 272 1362630364     743509 3 5 40.0 50.0 
 273 1362630364     753519 3 5 40.0 50.0 
 273 1362630364     763537 3 5 40.0 50.0 
 272 1362630364     773546 3 5 40.0 50.0 
