 306 1362623703     877951 0 9 40.0 100.0 
 307 1362623703     887960 0 9 40.0 100.0 
 307 1362623703     897928 0 9 40.0 100.0 
 307 1362623703     907918 0 9 40.0 100.0 
 306 1362623703     917970 0 9 40.0 100.0 
 307 1362623703     927953 0 9 40.0 100.0 
 307 1362623703     937992 0 9 40.0 100.0 
 306 1362623703     947952 0 9 40.0 100.0 
 306 1362623703     957985 0 9 40.0 100.0 
 305 1362623703     968010 0 9 40.0 100.0 
 307 1362623703     977983 0 9 40.0 100.0 
 304 1362623703     988013 0 9 40.0 100.0 
 306 1362623703     997982 0 9 40.0 100.0 
 307 1362623704       8017 0 9 40.0 100.0 
 306 1362623704      17986 0 9 40.0 100.0 
 306 1362623704      28018 0 9 40.0 100.0 
 306 1362623704      38039 0 9 40.0 100.0 
 306 1362623704      48060 0 9 40.0 100.0 
 307 1362623704      58026 0 9 40.0 100.0 
 306 1362623704      68053 0 9 40.0 100.0 
 305 1362623704      78035 0 9 40.0 100.0 
 306 1362623704      88059 0 9 40.0 100.0 
 306 1362623704      98082 0 9 40.0 100.0 
 306 1362623704     108045 0 9 40.0 100.0 
 305 1362623704     118082 0 9 40.0 100.0 
 306 1362623704     128085 0 9 40.0 100.0 
 305 1362623704     138069 0 9 40.0 100.0 
 306 1362623704     148092 0 9 40.0 100.0 
 305 1362623704     158137 0 9 40.0 100.0 
 307 1362623704     168111 0 9 40.0 100.0 
 306 1362623704     178151 0 9 40.0 100.0 
 307 1362623704     188106 0 9 40.0 100.0 
 306 1362623704     198131 0 9 40.0 100.0 
 306 1362623704     208151 0 9 40.0 100.0 
 308 1362623704     218114 0 9 40.0 100.0 
 306 1362623704     228144 0 9 40.0 100.0 
 307 1362623704     238190 0 9 40.0 100.0 
 306 1362623704     248155 0 9 40.0 100.0 
 307 1362623704     258195 0 9 40.0 100.0 
 306 1362623704     268151 0 9 40.0 100.0 
 306 1362623704     278183 0 9 40.0 100.0 
 305 1362623704     288221 0 9 40.0 100.0 
 306 1362623704     298170 0 9 40.0 100.0 
 306 1362623704     308202 0 9 40.0 100.0 
 306 1362623704     318232 0 9 40.0 100.0 
 306 1362623704     328190 0 9 40.0 100.0 
 306 1362623704     338224 0 9 40.0 100.0 
 307 1362623704     348244 0 9 40.0 100.0 
 306 1362623704     358215 0 9 40.0 100.0 
 307 1362623704     368246 0 9 40.0 100.0 
 306 1362623704     378275 0 9 40.0 100.0 
 307 1362623704     388233 0 9 40.0 100.0 
 307 1362623704     398242 0 9 40.0 100.0 
 306 1362623704     408271 0 9 40.0 100.0 
 306 1362623704     418301 0 9 40.0 100.0 
 305 1362623704     428257 0 9 40.0 100.0 
 306 1362623704     438279 0 9 40.0 100.0 
 305 1362623704     448282 0 9 40.0 100.0 
 305 1362623704     458307 0 9 40.0 100.0 
 305 1362623704     468330 0 9 40.0 100.0 
 306 1362623704     478335 0 9 40.0 100.0 
 305 1362623704     488353 0 9 40.0 100.0 
 306 1362623704     498306 0 9 40.0 100.0 
 306 1362623704     508326 0 9 40.0 100.0 
 308 1362623704     518373 0 9 40.0 100.0 
 307 1362623704     528325 0 9 40.0 100.0 
 307 1362623704     538369 0 9 40.0 100.0 
 306 1362623704     548389 0 9 40.0 100.0 
 307 1362623704     558367 0 9 40.0 100.0 
 308 1362623704     568403 0 9 40.0 100.0 
 307 1362623704     578370 0 9 40.0 100.0 
 306 1362623704     588401 0 9 40.0 100.0 
 306 1362623704     598367 0 9 40.0 100.0 
 307 1362623704     608411 0 9 40.0 100.0 
 307 1362623704     618383 0 9 40.0 100.0 
 307 1362623704     628423 0 9 40.0 100.0 
 306 1362623704     638400 0 9 40.0 100.0 
 307 1362623704     648416 0 9 40.0 100.0 
 306 1362623704     658465 0 9 40.0 100.0 
 307 1362623704     668426 0 9 40.0 100.0 
 306 1362623704     678471 0 9 40.0 100.0 
 306 1362623704     688490 0 9 40.0 100.0 
 306 1362623704     698449 0 9 40.0 100.0 
 306 1362623704     708472 0 9 40.0 100.0 
 306 1362623704     718493 0 9 40.0 100.0 
 305 1362623704     728515 0 9 40.0 100.0 
 306 1362623704     738479 0 9 40.0 100.0 
 305 1362623704     748492 0 9 40.0 100.0 
 308 1362623704     758518 0 9 40.0 100.0 
 306 1362623704     768539 0 9 40.0 100.0 
 307 1362623704     778503 0 9 40.0 100.0 
 307 1362623704     788537 0 9 40.0 100.0 
 307 1362623704     798560 0 9 40.0 100.0 
 306 1362623704     808521 0 9 40.0 100.0 
 306 1362623704     818544 0 9 40.0 100.0 
 307 1362623704     828569 0 9 40.0 100.0 
 307 1362623704     838564 0 9 40.0 100.0 
 307 1362623704     848595 0 9 40.0 100.0 
 306 1362623704     858566 0 9 40.0 100.0 
 306 1362623704     868609 0 9 40.0 100.0 
