 137 1362622492      97395 0 3 40.0 50.0 
 137 1362622492     107444 0 3 40.0 50.0 
 137 1362622492     117480 0 3 40.0 50.0 
 137 1362622492     127568 0 3 40.0 50.0 
 137 1362622492     137466 0 3 40.0 50.0 
 138 1362622492     147563 0 3 40.0 50.0 
 137 1362622492     157590 0 3 40.0 50.0 
 137 1362622492     167529 0 3 40.0 50.0 
 137 1362622492     177486 0 3 40.0 50.0 
 138 1362622492     187502 0 3 40.0 50.0 
 138 1362622492     197460 0 3 40.0 50.0 
 138 1362622492     207547 0 3 40.0 50.0 
 137 1362622492     217578 0 3 40.0 50.0 
 137 1362622492     227520 0 3 40.0 50.0 
 137 1362622492     237551 0 3 40.0 50.0 
 138 1362622492     247572 0 3 40.0 50.0 
 137 1362622492     257561 0 3 40.0 50.0 
 137 1362622492     267571 0 3 40.0 50.0 
 137 1362622492     277548 0 3 40.0 50.0 
 137 1362622492     287550 0 3 40.0 50.0 
 137 1362622492     297585 0 3 40.0 50.0 
 137 1362622492     307632 0 3 40.0 50.0 
 138 1362622492     317574 0 3 40.0 50.0 
 137 1362622492     327597 0 3 40.0 50.0 
 137 1362622492     337552 0 3 40.0 50.0 
 137 1362622492     347535 0 3 40.0 50.0 
 137 1362622492     357539 0 3 40.0 50.0 
 137 1362622492     367564 0 3 40.0 50.0 
 137 1362622492     377558 0 3 40.0 50.0 
 137 1362622492     387588 0 3 40.0 50.0 
 137 1362622492     397582 0 3 40.0 50.0 
 137 1362622492     407608 0 3 40.0 50.0 
 137 1362622492     417589 0 3 40.0 50.0 
 137 1362622492     427600 0 3 40.0 50.0 
 137 1362622492     437618 0 3 40.0 50.0 
 137 1362622492     447617 0 3 40.0 50.0 
 137 1362622492     457623 0 3 40.0 50.0 
 138 1362622492     467673 0 3 40.0 50.0 
 137 1362622492     477677 0 3 40.0 50.0 
 137 1362622492     487694 0 3 40.0 50.0 
 137 1362622492     497640 0 3 40.0 50.0 
 137 1362622492     507654 0 3 40.0 50.0 
 137 1362622492     517654 0 3 40.0 50.0 
 137 1362622492     527664 0 3 40.0 50.0 
 137 1362622492     537673 0 3 40.0 50.0 
 137 1362622492     547695 0 3 40.0 50.0 
 137 1362622492     557698 0 3 40.0 50.0 
 137 1362622492     567741 0 3 40.0 50.0 
 137 1362622492     577692 0 3 40.0 50.0 
 136 1362622492     587718 0 3 40.0 50.0 
 137 1362622492     597730 0 3 40.0 50.0 
 137 1362622492     607751 0 3 40.0 50.0 
 138 1362622492     617733 0 3 40.0 50.0 
 138 1362622492     627757 0 3 40.0 50.0 
 137 1362622492     637755 0 3 40.0 50.0 
 137 1362622492     647765 0 3 40.0 50.0 
 137 1362622492     657748 0 3 40.0 50.0 
 137 1362622492     667788 0 3 40.0 50.0 
 137 1362622492     677791 0 3 40.0 50.0 
 137 1362622492     687787 0 3 40.0 50.0 
 137 1362622492     697791 0 3 40.0 50.0 
 137 1362622492     707809 0 3 40.0 50.0 
 137 1362622492     717847 0 3 40.0 50.0 
 137 1362622492     727788 0 3 40.0 50.0 
 137 1362622492     737804 0 3 40.0 50.0 
 137 1362622492     747812 0 3 40.0 50.0 
 137 1362622492     757807 0 3 40.0 50.0 
 137 1362622492     767854 0 3 40.0 50.0 
 137 1362622492     777867 0 3 40.0 50.0 
 137 1362622492     787882 0 3 40.0 50.0 
 137 1362622492     797877 0 3 40.0 50.0 
 136 1362622492     807890 0 3 40.0 50.0 
 138 1362622492     817904 0 3 40.0 50.0 
 137 1362622492     827911 0 3 40.0 50.0 
 137 1362622492     837917 0 3 40.0 50.0 
 137 1362622492     847934 0 3 40.0 50.0 
 137 1362622492     857871 0 3 40.0 50.0 
 137 1362622492     867942 0 3 40.0 50.0 
 138 1362622492     877940 0 3 40.0 50.0 
 137 1362622492     887952 0 3 40.0 50.0 
 137 1362622492     897950 0 3 40.0 50.0 
 137 1362622492     907955 0 3 40.0 50.0 
 136 1362622492     917970 0 3 40.0 50.0 
 137 1362622492     927988 0 3 40.0 50.0 
 137 1362622492     937925 0 3 40.0 50.0 
 138 1362622492     947944 0 3 40.0 50.0 
 137 1362622492     957946 0 3 40.0 50.0 
 137 1362622492     967947 0 3 40.0 50.0 
 137 1362622492     977959 0 3 40.0 50.0 
 137 1362622492     987963 0 3 40.0 50.0 
 137 1362622492     998008 0 3 40.0 50.0 
 137 1362622493       8011 0 3 40.0 50.0 
 137 1362622493      17979 0 3 40.0 50.0 
 137 1362622493      28021 0 3 40.0 50.0 
 137 1362622493      38052 0 3 40.0 50.0 
 137 1362622493      48015 0 3 40.0 50.0 
 137 1362622493      58024 0 3 40.0 50.0 
 137 1362622493      68045 0 3 40.0 50.0 
 137 1362622493      78079 0 3 40.0 50.0 
 137 1362622493      88032 0 3 40.0 50.0 
 137 1362622493      98081 0 3 40.0 50.0 
 137 1362622493     108070 0 3 40.0 50.0 
 137 1362622493     118069 0 3 40.0 50.0 
 137 1362622493     128111 0 3 40.0 50.0 
 137 1362622493     138097 0 3 40.0 50.0 
 137 1362622493     148079 0 3 40.0 50.0 
 137 1362622493     158076 0 3 40.0 50.0 
 137 1362622493     168135 0 3 40.0 50.0 
 137 1362622493     178104 0 3 40.0 50.0 
 137 1362622493     188157 0 3 40.0 50.0 
 137 1362622493     198133 0 3 40.0 50.0 
 138 1362622493     208118 0 3 40.0 50.0 
 137 1362622493     218124 0 3 40.0 50.0 
 138 1362622493     228131 0 3 40.0 50.0 
 137 1362622493     238156 0 3 40.0 50.0 
 137 1362622493     248179 0 3 40.0 50.0 
 137 1362622493     258179 0 3 40.0 50.0 
 137 1362622493     268186 0 3 40.0 50.0 
 138 1362622493     278182 0 3 40.0 50.0 
 137 1362622493     288191 0 3 40.0 50.0 
 137 1362622493     298192 0 3 40.0 50.0 
 137 1362622493     308187 0 3 40.0 50.0 
 137 1362622493     318195 0 3 40.0 50.0 
 136 1362622493     328198 0 3 40.0 50.0 
 137 1362622493     338198 0 3 40.0 50.0 
 137 1362622493     348212 0 3 40.0 50.0 
 137 1362622493     358214 0 3 40.0 50.0 
 137 1362622493     368221 0 3 40.0 50.0 
 137 1362622493     378276 0 3 40.0 50.0 
 137 1362622493     388282 0 3 40.0 50.0 
 137 1362622493     398245 0 3 40.0 50.0 
 137 1362622493     408236 0 3 40.0 50.0 
 137 1362622493     418302 0 3 40.0 50.0 
 137 1362622493     428249 0 3 40.0 50.0 
 137 1362622493     438321 0 3 40.0 50.0 
 138 1362622493     448272 0 3 40.0 50.0 
 137 1362622493     458290 0 3 40.0 50.0 
 138 1362622493     468301 0 3 40.0 50.0 
 137 1362622493     478325 0 3 40.0 50.0 
 137 1362622493     488338 0 3 40.0 50.0 
 137 1362622493     498293 0 3 40.0 50.0 
 137 1362622493     508365 0 3 40.0 50.0 
 137 1362622493     518313 0 3 40.0 50.0 
 137 1362622493     528380 0 3 40.0 50.0 
 137 1362622493     538383 0 3 40.0 50.0 
 136 1362622493     548390 0 3 40.0 50.0 
 137 1362622493     558389 0 3 40.0 50.0 
 137 1362622493     568392 0 3 40.0 50.0 
 138 1362622493     578406 0 3 40.0 50.0 
 137 1362622493     588401 0 3 40.0 50.0 
 137 1362622493     598404 0 3 40.0 50.0 
 137 1362622493     608393 0 3 40.0 50.0 
 137 1362622493     618401 0 3 40.0 50.0 
 137 1362622493     628408 0 3 40.0 50.0 
 137 1362622493     638430 0 3 40.0 50.0 
 137 1362622493     648435 0 3 40.0 50.0 
 136 1362622493     658433 0 3 40.0 50.0 
 137 1362622493     668433 0 3 40.0 50.0 
 137 1362622493     678429 0 3 40.0 50.0 
 137 1362622493     688429 0 3 40.0 50.0 
 137 1362622493     698448 0 3 40.0 50.0 
 138 1362622493     708472 0 3 40.0 50.0 
 137 1362622493     718478 0 3 40.0 50.0 
 137 1362622493     728489 0 3 40.0 50.0 
 137 1362622493     738491 0 3 40.0 50.0 
 137 1362622493     748484 0 3 40.0 50.0 
 137 1362622493     758485 0 3 40.0 50.0 
 137 1362622493     768499 0 3 40.0 50.0 
 137 1362622493     778527 0 3 40.0 50.0 
 137 1362622493     788540 0 3 40.0 50.0 
 137 1362622493     798554 0 3 40.0 50.0 
 137 1362622493     808562 0 3 40.0 50.0 
 138 1362622493     818568 0 3 40.0 50.0 
 137 1362622493     828567 0 3 40.0 50.0 
 137 1362622493     838565 0 3 40.0 50.0 
 137 1362622493     848567 0 3 40.0 50.0 
 137 1362622493     858574 0 3 40.0 50.0 
 137 1362622493     868588 0 3 40.0 50.0 
 137 1362622493     878599 0 3 40.0 50.0 
 137 1362622493     888598 0 3 40.0 50.0 
 137 1362622493     898614 0 3 40.0 50.0 
 137 1362622493     908612 0 3 40.0 50.0 
 137 1362622493     918621 0 3 40.0 50.0 
 137 1362622493     928630 0 3 40.0 50.0 
 137 1362622493     938647 0 3 40.0 50.0 
 137 1362622493     948652 0 3 40.0 50.0 
 137 1362622493     958645 0 3 40.0 50.0 
 138 1362622493     968653 0 3 40.0 50.0 
 137 1362622493     978670 0 3 40.0 50.0 
 137 1362622493     988640 0 3 40.0 50.0 
 137 1362622493     998651 0 3 40.0 50.0 
 137 1362622494       8694 0 3 40.0 50.0 
 137 1362622494      18706 0 3 40.0 50.0 
 137 1362622494      28706 0 3 40.0 50.0 
 137 1362622494      38662 0 3 40.0 50.0 
 137 1362622494      48671 0 3 40.0 50.0 
 137 1362622494      58692 0 3 40.0 50.0 
 137 1362622494      68692 0 3 40.0 50.0 
 137 1362622494      78708 0 3 40.0 50.0 
 137 1362622494      88726 0 3 40.0 50.0 
 137 1362622494      98745 0 3 40.0 50.0 
 137 1362622494     108742 0 3 40.0 50.0 
 137 1362622494     118758 0 3 40.0 50.0 
 137 1362622494     128757 0 3 40.0 50.0 
 137 1362622494     138777 0 3 40.0 50.0 
 137 1362622494     148782 0 3 40.0 50.0 
 137 1362622494     158786 0 3 40.0 50.0 
 137 1362622494     168798 0 3 40.0 50.0 
 137 1362622494     178803 0 3 40.0 50.0 
 137 1362622494     188806 0 3 40.0 50.0 
 136 1362622494     198798 0 3 40.0 50.0 
 137 1362622494     208818 0 3 40.0 50.0 
 137 1362622494     218834 0 3 40.0 50.0 
 137 1362622494     228776 0 3 40.0 50.0 
 137 1362622494     238787 0 3 40.0 50.0 
 137 1362622494     248790 0 3 40.0 50.0 
 137 1362622494     258851 0 3 40.0 50.0 
 137 1362622494     268840 0 3 40.0 50.0 
 138 1362622494     278858 0 3 40.0 50.0 
 137 1362622494     288866 0 3 40.0 50.0 
 137 1362622494     298863 0 3 40.0 50.0 
 137 1362622494     308873 0 3 40.0 50.0 
 137 1362622494     318878 0 3 40.0 50.0 
 137 1362622494     328888 0 3 40.0 50.0 
 138 1362622494     338895 0 3 40.0 50.0 
 137 1362622494     348900 0 3 40.0 50.0 
 137 1362622494     358907 0 3 40.0 50.0 
 137 1362622494     368919 0 3 40.0 50.0 
 137 1362622494     378912 0 3 40.0 50.0 
 137 1362622494     388923 0 3 40.0 50.0 
 137 1362622494     398943 0 3 40.0 50.0 
 137 1362622494     408944 0 3 40.0 50.0 
 137 1362622494     418963 0 3 40.0 50.0 
 138 1362622494     428966 0 3 40.0 50.0 
 137 1362622494     438959 0 3 40.0 50.0 
 137 1362622494     448958 0 3 40.0 50.0 
 137 1362622494     458977 0 3 40.0 50.0 
 137 1362622494     468996 0 3 40.0 50.0 
 137 1362622494     478992 0 3 40.0 50.0 
 137 1362622494     489002 0 3 40.0 50.0 
 137 1362622494     499006 0 3 40.0 50.0 
 137 1362622494     509020 0 3 40.0 50.0 
 137 1362622494     518972 0 3 40.0 50.0 
 137 1362622494     529044 0 3 40.0 50.0 
 137 1362622494     538996 0 3 40.0 50.0 
 137 1362622494     548997 0 3 40.0 50.0 
 137 1362622494     559010 0 3 40.0 50.0 
 137 1362622494     569011 0 3 40.0 50.0 
 137 1362622494     579009 0 3 40.0 50.0 
 137 1362622494     589014 0 3 40.0 50.0 
 138 1362622494     599050 0 3 40.0 50.0 
 137 1362622494     609070 0 3 40.0 50.0 
 137 1362622494     619081 0 3 40.0 50.0 
 137 1362622494     629049 0 3 40.0 50.0 
 137 1362622494     639044 0 3 40.0 50.0 
 137 1362622494     649080 0 3 40.0 50.0 
 137 1362622494     659066 0 3 40.0 50.0 
 138 1362622494     669084 0 3 40.0 50.0 
 137 1362622494     679063 0 3 40.0 50.0 
 137 1362622494     689087 0 3 40.0 50.0 
 137 1362622494     699084 0 3 40.0 50.0 
 137 1362622494     709087 0 3 40.0 50.0 
 137 1362622494     719132 0 3 40.0 50.0 
 137 1362622494     729156 0 3 40.0 50.0 
 137 1362622494     739141 0 3 40.0 50.0 
 137 1362622494     749143 0 3 40.0 50.0 
 137 1362622494     759113 0 3 40.0 50.0 
 137 1362622494     769124 0 3 40.0 50.0 
 137 1362622494     779160 0 3 40.0 50.0 
 137 1362622494     789171 0 3 40.0 50.0 
 137 1362622494     799190 0 3 40.0 50.0 
 137 1362622494     809190 0 3 40.0 50.0 
 138 1362622494     819161 0 3 40.0 50.0 
 137 1362622494     829186 0 3 40.0 50.0 
 137 1362622494     839215 0 3 40.0 50.0 
 137 1362622494     849223 0 3 40.0 50.0 
 137 1362622494     859181 0 3 40.0 50.0 
 138 1362622494     869192 0 3 40.0 50.0 
 137 1362622494     879207 0 3 40.0 50.0 
 137 1362622494     889210 0 3 40.0 50.0 
 137 1362622494     899234 0 3 40.0 50.0 
 137 1362622494     909242 0 3 40.0 50.0 
 138 1362622494     919255 0 3 40.0 50.0 
 138 1362622494     929248 0 3 40.0 50.0 
 137 1362622494     939284 0 3 40.0 50.0 
 137 1362622494     949276 0 3 40.0 50.0 
 137 1362622494     959301 0 3 40.0 50.0 
 137 1362622494     969296 0 3 40.0 50.0 
 137 1362622494     979262 0 3 40.0 50.0 
 137 1362622494     989308 0 3 40.0 50.0 
 137 1362622494     999273 0 3 40.0 50.0 
 137 1362622495       9300 0 3 40.0 50.0 
 137 1362622495      19294 0 3 40.0 50.0 
 137 1362622495      29298 0 3 40.0 50.0 
 137 1362622495      39347 0 3 40.0 50.0 
 137 1362622495      49322 0 3 40.0 50.0 
 137 1362622495      59358 0 3 40.0 50.0 
 137 1362622495      69359 0 3 40.0 50.0 
 138 1362622495      79354 0 3 40.0 50.0 
 137 1362622495      89351 0 3 40.0 50.0 
 138 1362622495      99352 0 3 40.0 50.0 
 137 1362622495     109386 0 3 40.0 50.0 
 137 1362622495     119403 0 3 40.0 50.0 
 137 1362622495     129377 0 3 40.0 50.0 
 137 1362622495     139371 0 3 40.0 50.0 
 137 1362622495     149377 0 3 40.0 50.0 
 137 1362622495     159406 0 3 40.0 50.0 
 137 1362622495     169410 0 3 40.0 50.0 
 137 1362622495     179451 0 3 40.0 50.0 
 138 1362622495     189438 0 3 40.0 50.0 
 137 1362622495     199466 0 3 40.0 50.0 
 137 1362622495     209454 0 3 40.0 50.0 
 137 1362622495     219431 0 3 40.0 50.0 
 137 1362622495     229448 0 3 40.0 50.0 
 137 1362622495     239451 0 3 40.0 50.0 
 138 1362622495     249499 0 3 40.0 50.0 
 138 1362622495     259449 0 3 40.0 50.0 
 137 1362622495     269473 0 3 40.0 50.0 
 137 1362622495     279464 0 3 40.0 50.0 
 137 1362622495     289482 0 3 40.0 50.0 
 137 1362622495     299500 0 3 40.0 50.0 
 137 1362622495     309482 0 3 40.0 50.0 
 138 1362622495     319504 0 3 40.0 50.0 
 137 1362622495     329512 0 3 40.0 50.0 
 137 1362622495     339524 0 3 40.0 50.0 
 137 1362622495     349563 0 3 40.0 50.0 
 137 1362622495     359560 0 3 40.0 50.0 
 137 1362622495     369536 0 3 40.0 50.0 
 137 1362622495     379560 0 3 40.0 50.0 
 137 1362622495     389586 0 3 40.0 50.0 
 137 1362622495     399591 0 3 40.0 50.0 
 137 1362622495     409572 0 3 40.0 50.0 
 137 1362622495     419583 0 3 40.0 50.0 
 137 1362622495     429591 0 3 40.0 50.0 
 136 1362622495     439608 0 3 40.0 50.0 
 137 1362622495     449581 0 3 40.0 50.0 
 137 1362622495     459606 0 3 40.0 50.0 
 137 1362622495     469585 0 3 40.0 50.0 
 137 1362622495     479644 0 3 40.0 50.0 
 137 1362622495     489639 0 3 40.0 50.0 
 137 1362622495     499625 0 3 40.0 50.0 
 137 1362622495     509667 0 3 40.0 50.0 
 137 1362622495     519678 0 3 40.0 50.0 
 137 1362622495     529658 0 3 40.0 50.0 
 137 1362622495     539669 0 3 40.0 50.0 
 137 1362622495     549686 0 3 40.0 50.0 
 138 1362622495     559681 0 3 40.0 50.0 
 137 1362622495     569652 0 3 40.0 50.0 
 137 1362622495     579688 0 3 40.0 50.0 
 137 1362622495     589715 0 3 40.0 50.0 
 137 1362622495     599701 0 3 40.0 50.0 
 138 1362622495     609721 0 3 40.0 50.0 
 137 1362622495     619707 0 3 40.0 50.0 
 137 1362622495     629692 0 3 40.0 50.0 
 137 1362622495     639750 0 3 40.0 50.0 
 137 1362622495     649725 0 3 40.0 50.0 
 137 1362622495     659747 0 3 40.0 50.0 
 137 1362622495     669769 0 3 40.0 50.0 
 137 1362622495     679782 0 3 40.0 50.0 
 137 1362622495     689752 0 3 40.0 50.0 
 137 1362622495     699734 0 3 40.0 50.0 
 137 1362622495     709788 0 3 40.0 50.0 
 137 1362622495     719764 0 3 40.0 50.0 
 137 1362622495     729774 0 3 40.0 50.0 
 137 1362622495     739802 0 3 40.0 50.0 
 137 1362622495     749808 0 3 40.0 50.0 
 137 1362622495     759788 0 3 40.0 50.0 
 137 1362622495     769813 0 3 40.0 50.0 
 138 1362622495     779824 0 3 40.0 50.0 
 137 1362622495     789820 0 3 40.0 50.0 
 138 1362622495     799856 0 3 40.0 50.0 
 137 1362622495     809854 0 3 40.0 50.0 
 137 1362622495     819869 0 3 40.0 50.0 
 137 1362622495     829819 0 3 40.0 50.0 
 137 1362622495     839888 0 3 40.0 50.0 
 137 1362622495     849874 0 3 40.0 50.0 
 137 1362622495     859902 0 3 40.0 50.0 
 137 1362622495     869874 0 3 40.0 50.0 
 137 1362622495     879867 0 3 40.0 50.0 
 137 1362622495     889882 0 3 40.0 50.0 
 137 1362622495     899911 0 3 40.0 50.0 
 137 1362622495     909932 0 3 40.0 50.0 
 137 1362622495     919898 0 3 40.0 50.0 
 137 1362622495     929948 0 3 40.0 50.0 
 137 1362622495     939952 0 3 40.0 50.0 
 137 1362622495     949956 0 3 40.0 50.0 
 137 1362622495     959969 0 3 40.0 50.0 
 137 1362622495     969927 0 3 40.0 50.0 
 137 1362622495     979935 0 3 40.0 50.0 
 137 1362622495     989953 0 3 40.0 50.0 
 137 1362622495     999993 0 3 40.0 50.0 
 137 1362622496       9977 0 3 40.0 50.0 
 137 1362622496      19947 0 3 40.0 50.0 
 137 1362622496      29963 0 3 40.0 50.0 
 138 1362622496      40018 0 3 40.0 50.0 
 137 1362622496      49983 0 3 40.0 50.0 
 137 1362622496      60002 0 3 40.0 50.0 
 137 1362622496      69995 0 3 40.0 50.0 
 137 1362622496      80025 0 3 40.0 50.0 
 137 1362622496      90042 0 3 40.0 50.0 
 137 1362622496     100019 0 3 40.0 50.0 
 137 1362622496     110021 0 3 40.0 50.0 
 137 1362622496     120023 0 3 40.0 50.0 
 137 1362622496     130056 0 3 40.0 50.0 
 137 1362622496     140062 0 3 40.0 50.0 
 138 1362622496     150035 0 3 40.0 50.0 
 137 1362622496     160050 0 3 40.0 50.0 
 137 1362622496     170057 0 3 40.0 50.0 
 137 1362622496     180072 0 3 40.0 50.0 
 137 1362622496     190061 0 3 40.0 50.0 
 137 1362622496     200078 0 3 40.0 50.0 
 137 1362622496     210109 0 3 40.0 50.0 
 137 1362622496     220140 0 3 40.0 50.0 
 137 1362622496     230108 0 3 40.0 50.0 
 137 1362622496     240118 0 3 40.0 50.0 
 137 1362622496     250131 0 3 40.0 50.0 
 137 1362622496     260144 0 3 40.0 50.0 
 137 1362622496     270160 0 3 40.0 50.0 
 138 1362622496     280155 0 3 40.0 50.0 
 137 1362622496     290174 0 3 40.0 50.0 
 137 1362622496     300171 0 3 40.0 50.0 
 137 1362622496     310189 0 3 40.0 50.0 
 137 1362622496     320195 0 3 40.0 50.0 
 137 1362622496     330189 0 3 40.0 50.0 
 137 1362622496     340163 0 3 40.0 50.0 
 137 1362622496     350220 0 3 40.0 50.0 
 137 1362622496     360206 0 3 40.0 50.0 
 137 1362622496     370205 0 3 40.0 50.0 
 137 1362622496     380241 0 3 40.0 50.0 
 137 1362622496     390242 0 3 40.0 50.0 
 137 1362622496     400212 0 3 40.0 50.0 
 137 1362622496     410237 0 3 40.0 50.0 
 137 1362622496     420247 0 3 40.0 50.0 
 137 1362622496     430245 0 3 40.0 50.0 
 137 1362622496     440257 0 3 40.0 50.0 
 137 1362622496     450242 0 3 40.0 50.0 
 137 1362622496     460255 0 3 40.0 50.0 
 137 1362622496     470296 0 3 40.0 50.0 
 137 1362622496     480269 0 3 40.0 50.0 
 137 1362622496     490287 0 3 40.0 50.0 
 137 1362622496     500325 0 3 40.0 50.0 
 137 1362622496     510283 0 3 40.0 50.0 
 137 1362622496     520304 0 3 40.0 50.0 
 137 1362622496     530289 0 3 40.0 50.0 
 137 1362622496     540341 0 3 40.0 50.0 
 137 1362622496     550310 0 3 40.0 50.0 
 138 1362622496     560340 0 3 40.0 50.0 
 138 1362622496     570364 0 3 40.0 50.0 
 137 1362622496     580329 0 3 40.0 50.0 
 137 1362622496     590376 0 3 40.0 50.0 
 137 1362622496     600335 0 3 40.0 50.0 
 137 1362622496     610345 0 3 40.0 50.0 
 137 1362622496     620379 0 3 40.0 50.0 
 138 1362622496     630406 0 3 40.0 50.0 
 137 1362622496     640408 0 3 40.0 50.0 
 137 1362622496     650402 0 3 40.0 50.0 
 137 1362622496     660407 0 3 40.0 50.0 
 137 1362622496     670404 0 3 40.0 50.0 
 137 1362622496     680411 0 3 40.0 50.0 
 137 1362622496     690422 0 3 40.0 50.0 
 138 1362622496     700424 0 3 40.0 50.0 
 137 1362622496     710443 0 3 40.0 50.0 
 137 1362622496     720421 0 3 40.0 50.0 
 137 1362622496     730471 0 3 40.0 50.0 
 138 1362622496     740450 0 3 40.0 50.0 
 137 1362622496     750450 0 3 40.0 50.0 
 137 1362622496     760474 0 3 40.0 50.0 
 137 1362622496     770459 0 3 40.0 50.0 
 137 1362622496     780449 0 3 40.0 50.0 
 137 1362622496     790469 0 3 40.0 50.0 
 137 1362622496     800513 0 3 40.0 50.0 
 138 1362622496     810498 0 3 40.0 50.0 
 138 1362622496     820482 0 3 40.0 50.0 
 137 1362622496     830504 0 3 40.0 50.0 
 137 1362622496     840510 0 3 40.0 50.0 
 137 1362622496     850541 0 3 40.0 50.0 
 137 1362622496     860508 0 3 40.0 50.0 
 137 1362622496     870548 0 3 40.0 50.0 
 137 1362622496     880566 0 3 40.0 50.0 
 137 1362622496     890570 0 3 40.0 50.0 
 137 1362622496     900562 0 3 40.0 50.0 
 137 1362622496     910568 0 3 40.0 50.0 
 137 1362622496     920544 0 3 40.0 50.0 
 138 1362622496     930578 0 3 40.0 50.0 
 137 1362622496     940609 0 3 40.0 50.0 
 137 1362622496     950577 0 3 40.0 50.0 
 137 1362622496     960596 0 3 40.0 50.0 
 137 1362622496     970626 0 3 40.0 50.0 
 137 1362622496     980588 0 3 40.0 50.0 
 137 1362622496     990606 0 3 40.0 50.0 
 138 1362622497        625 0 3 40.0 50.0 
 137 1362622497      10662 0 3 40.0 50.0 
 137 1362622497      20613 0 3 40.0 50.0 
 137 1362622497      30648 0 3 40.0 50.0 
 137 1362622497      40622 0 3 40.0 50.0 
 137 1362622497      50670 0 3 40.0 50.0 
 137 1362622497      60682 0 3 40.0 50.0 
 137 1362622497      70681 0 3 40.0 50.0 
 137 1362622497      80665 0 3 40.0 50.0 
 137 1362622497      90660 0 3 40.0 50.0 
 137 1362622497     100708 0 3 40.0 50.0 
 137 1362622497     110670 0 3 40.0 50.0 
 136 1362622497     120703 0 3 40.0 50.0 
 137 1362622497     130737 0 3 40.0 50.0 
 137 1362622497     140699 0 3 40.0 50.0 
 138 1362622497     150746 0 3 40.0 50.0 
 137 1362622497     160744 0 3 40.0 50.0 
 137 1362622497     170764 0 3 40.0 50.0 
 137 1362622497     180759 0 3 40.0 50.0 
 137 1362622497     190770 0 3 40.0 50.0 
 137 1362622497     200773 0 3 40.0 50.0 
 137 1362622497     210770 0 3 40.0 50.0 
 137 1362622497     220772 0 3 40.0 50.0 
 137 1362622497     230802 0 3 40.0 50.0 
 138 1362622497     240812 0 3 40.0 50.0 
 137 1362622497     250795 0 3 40.0 50.0 
 138 1362622497     260815 0 3 40.0 50.0 
 137 1362622497     270819 0 3 40.0 50.0 
 137 1362622497     280831 0 3 40.0 50.0 
 137 1362622497     290842 0 3 40.0 50.0 
 137 1362622497     300849 0 3 40.0 50.0 
 137 1362622497     310798 0 3 40.0 50.0 
 137 1362622497     320835 0 3 40.0 50.0 
 138 1362622497     330844 0 3 40.0 50.0 
 137 1362622497     340859 0 3 40.0 50.0 
 138 1362622497     350833 0 3 40.0 50.0 
 137 1362622497     360886 0 3 40.0 50.0 
 137 1362622497     370886 0 3 40.0 50.0 
 137 1362622497     380903 0 3 40.0 50.0 
 137 1362622497     390867 0 3 40.0 50.0 
 137 1362622497     400883 0 3 40.0 50.0 
 137 1362622497     410894 0 3 40.0 50.0 
 137 1362622497     420893 0 3 40.0 50.0 
 138 1362622497     430926 0 3 40.0 50.0 
 137 1362622497     440936 0 3 40.0 50.0 
 137 1362622497     450906 0 3 40.0 50.0 
 137 1362622497     460946 0 3 40.0 50.0 
 137 1362622497     470952 0 3 40.0 50.0 
 137 1362622497     480952 0 3 40.0 50.0 
 137 1362622497     490926 0 3 40.0 50.0 
 138 1362622497     500973 0 3 40.0 50.0 
 137 1362622497     510942 0 3 40.0 50.0 
 137 1362622497     520942 0 3 40.0 50.0 
 137 1362622497     530948 0 3 40.0 50.0 
 137 1362622497     540981 0 3 40.0 50.0 
 137 1362622497     551009 0 3 40.0 50.0 
 137 1362622497     560963 0 3 40.0 50.0 
 137 1362622497     570983 0 3 40.0 50.0 
 137 1362622497     581020 0 3 40.0 50.0 
 137 1362622497     591038 0 3 40.0 50.0 
 137 1362622497     601040 0 3 40.0 50.0 
 137 1362622497     611023 0 3 40.0 50.0 
 137 1362622497     621029 0 3 40.0 50.0 
 138 1362622497     631016 0 3 40.0 50.0 
 137 1362622497     641065 0 3 40.0 50.0 
 137 1362622497     651047 0 3 40.0 50.0 
 137 1362622497     661059 0 3 40.0 50.0 
 137 1362622497     671039 0 3 40.0 50.0 
 137 1362622497     681054 0 3 40.0 50.0 
 137 1362622497     691076 0 3 40.0 50.0 
 137 1362622497     701111 0 3 40.0 50.0 
 137 1362622497     711115 0 3 40.0 50.0 
 137 1362622497     721080 0 3 40.0 50.0 
 137 1362622497     731093 0 3 40.0 50.0 
 138 1362622497     741097 0 3 40.0 50.0 
 137 1362622497     751125 0 3 40.0 50.0 
 137 1362622497     761098 0 3 40.0 50.0 
 137 1362622497     771115 0 3 40.0 50.0 
 137 1362622497     781127 0 3 40.0 50.0 
 137 1362622497     791176 0 3 40.0 50.0 
 137 1362622497     801123 0 3 40.0 50.0 
 138 1362622497     811191 0 3 40.0 50.0 
 137 1362622497     821196 0 3 40.0 50.0 
 138 1362622497     831169 0 3 40.0 50.0 
 137 1362622497     841174 0 3 40.0 50.0 
 137 1362622497     851170 0 3 40.0 50.0 
 137 1362622497     861202 0 3 40.0 50.0 
 137 1362622497     871179 0 3 40.0 50.0 
 137 1362622497     881183 0 3 40.0 50.0 
 138 1362622497     891223 0 3 40.0 50.0 
 137 1362622497     901239 0 3 40.0 50.0 
 138 1362622497     911248 0 3 40.0 50.0 
 137 1362622497     921215 0 3 40.0 50.0 
 137 1362622497     931246 0 3 40.0 50.0 
 137 1362622497     941267 0 3 40.0 50.0 
 137 1362622497     951243 0 3 40.0 50.0 
 137 1362622497     961252 0 3 40.0 50.0 
 137 1362622497     971264 0 3 40.0 50.0 
 137 1362622497     981257 0 3 40.0 50.0 
 137 1362622497     991293 0 3 40.0 50.0 
 138 1362622498       1319 0 3 40.0 50.0 
 137 1362622498      11261 0 3 40.0 50.0 
 138 1362622498      21324 0 3 40.0 50.0 
 137 1362622498      31284 0 3 40.0 50.0 
 137 1362622498      41345 0 3 40.0 50.0 
 137 1362622498      51329 0 3 40.0 50.0 
 137 1362622498      61347 0 3 40.0 50.0 
 138 1362622498      71361 0 3 40.0 50.0 
 138 1362622498      81374 0 3 40.0 50.0 
 138 1362622498      91333 0 3 40.0 50.0 
 137 1362622498     101389 0 3 40.0 50.0 
 137 1362622498     111353 0 3 40.0 50.0 
 137 1362622498     121378 0 3 40.0 50.0 
 137 1362622498     131345 0 3 40.0 50.0 
 137 1362622498     141365 0 3 40.0 50.0 
 138 1362622498     151380 0 3 40.0 50.0 
 137 1362622498     161405 0 3 40.0 50.0 
 137 1362622498     171419 0 3 40.0 50.0 
 137 1362622498     181393 0 3 40.0 50.0 
 137 1362622498     191429 0 3 40.0 50.0 
 137 1362622498     201400 0 3 40.0 50.0 
 137 1362622498     211448 0 3 40.0 50.0 
 138 1362622498     221413 0 3 40.0 50.0 
 137 1362622498     231424 0 3 40.0 50.0 
 137 1362622498     241439 0 3 40.0 50.0 
 137 1362622498     251483 0 3 40.0 50.0 
 137 1362622498     261447 0 3 40.0 50.0 
 137 1362622498     271488 0 3 40.0 50.0 
 138 1362622498     281479 0 3 40.0 50.0 
 137 1362622498     291494 0 3 40.0 50.0 
 137 1362622498     301509 0 3 40.0 50.0 
 137 1362622498     311460 0 3 40.0 50.0 
 137 1362622498     321472 0 3 40.0 50.0 
 137 1362622498     331491 0 3 40.0 50.0 
 137 1362622498     341531 0 3 40.0 50.0 
 137 1362622498     351517 0 3 40.0 50.0 
 137 1362622498     361532 0 3 40.0 50.0 
 138 1362622498     371551 0 3 40.0 50.0 
 137 1362622498     381533 0 3 40.0 50.0 
 138 1362622498     391564 0 3 40.0 50.0 
 137 1362622498     401562 0 3 40.0 50.0 
 137 1362622498     411561 0 3 40.0 50.0 
 137 1362622498     421586 0 3 40.0 50.0 
 138 1362622498     431600 0 3 40.0 50.0 
 137 1362622498     441607 0 3 40.0 50.0 
 138 1362622498     451607 0 3 40.0 50.0 
 137 1362622498     461574 0 3 40.0 50.0 
 137 1362622498     471608 0 3 40.0 50.0 
 137 1362622498     481624 0 3 40.0 50.0 
 137 1362622498     491595 0 3 40.0 50.0 
 138 1362622498     501594 0 3 40.0 50.0 
 137 1362622498     511641 0 3 40.0 50.0 
 138 1362622498     521606 0 3 40.0 50.0 
 137 1362622498     531632 0 3 40.0 50.0 
 137 1362622498     541628 0 3 40.0 50.0 
 137 1362622498     551618 0 3 40.0 50.0 
 138 1362622498     561672 0 3 40.0 50.0 
 138 1362622498     571692 0 3 40.0 50.0 
 137 1362622498     581661 0 3 40.0 50.0 
 137 1362622498     591695 0 3 40.0 50.0 
 137 1362622498     601713 0 3 40.0 50.0 
 137 1362622498     611679 0 3 40.0 50.0 
 137 1362622498     621678 0 3 40.0 50.0 
 138 1362622498     631714 0 3 40.0 50.0 
 137 1362622498     641724 0 3 40.0 50.0 
 137 1362622498     651699 0 3 40.0 50.0 
 137 1362622498     661711 0 3 40.0 50.0 
 137 1362622498     671712 0 3 40.0 50.0 
 137 1362622498     681746 0 3 40.0 50.0 
 137 1362622498     691771 0 3 40.0 50.0 
 137 1362622498     701739 0 3 40.0 50.0 
 137 1362622498     711739 0 3 40.0 50.0 
 137 1362622498     721783 0 3 40.0 50.0 
 137 1362622498     731790 0 3 40.0 50.0 
 138 1362622498     741749 0 3 40.0 50.0 
 137 1362622498     751779 0 3 40.0 50.0 
 137 1362622498     761796 0 3 40.0 50.0 
 137 1362622498     771800 0 3 40.0 50.0 
 137 1362622498     781823 0 3 40.0 50.0 
 137 1362622498     791807 0 3 40.0 50.0 
 138 1362622498     801834 0 3 40.0 50.0 
 137 1362622498     811806 0 3 40.0 50.0 
 137 1362622498     821834 0 3 40.0 50.0 
 137 1362622498     831865 0 3 40.0 50.0 
 137 1362622498     841812 0 3 40.0 50.0 
 137 1362622498     851848 0 3 40.0 50.0 
 137 1362622498     861862 0 3 40.0 50.0 
 138 1362622498     871872 0 3 40.0 50.0 
 136 1362622498     881874 0 3 40.0 50.0 
 137 1362622498     891900 0 3 40.0 50.0 
 137 1362622498     901878 0 3 40.0 50.0 
 137 1362622498     911875 0 3 40.0 50.0 
 138 1362622498     921898 0 3 40.0 50.0 
 137 1362622498     931915 0 3 40.0 50.0 
 137 1362622498     941928 0 3 40.0 50.0 
 137 1362622498     951921 0 3 40.0 50.0 
 137 1362622498     961933 0 3 40.0 50.0 
 138 1362622498     971932 0 3 40.0 50.0 
 137 1362622498     981950 0 3 40.0 50.0 
 137 1362622498     991954 0 3 40.0 50.0 
 137 1362622499       1928 0 3 40.0 50.0 
 137 1362622499      11956 0 3 40.0 50.0 
 138 1362622499      21962 0 3 40.0 50.0 
 137 1362622499      31977 0 3 40.0 50.0 
 137 1362622499      41954 0 3 40.0 50.0 
 137 1362622499      51990 0 3 40.0 50.0 
 138 1362622499      61973 0 3 40.0 50.0 
 138 1362622499      72020 0 3 40.0 50.0 
 138 1362622499      82021 0 3 40.0 50.0 
 137 1362622499      92037 0 3 40.0 50.0 
 137 1362622499     102041 0 3 40.0 50.0 
 137 1362622499     112015 0 3 40.0 50.0 
 137 1362622499     122016 0 3 40.0 50.0 
 138 1362622499     132064 0 3 40.0 50.0 
 137 1362622499     142021 0 3 40.0 50.0 
 138 1362622499     152059 0 3 40.0 50.0 
 137 1362622499     162051 0 3 40.0 50.0 
 137 1362622499     172081 0 3 40.0 50.0 
 137 1362622499     182043 0 3 40.0 50.0 
 137 1362622499     192076 0 3 40.0 50.0 
 138 1362622499     202050 0 3 40.0 50.0 
 137 1362622499     212063 0 3 40.0 50.0 
 137 1362622499     222070 0 3 40.0 50.0 
 137 1362622499     232071 0 3 40.0 50.0 
 137 1362622499     242122 0 3 40.0 50.0 
 137 1362622499     252125 0 3 40.0 50.0 
 138 1362622499     262091 0 3 40.0 50.0 
 137 1362622499     272107 0 3 40.0 50.0 
 138 1362622499     282114 0 3 40.0 50.0 
 137 1362622499     292171 0 3 40.0 50.0 
 137 1362622499     302125 0 3 40.0 50.0 
 137 1362622499     312146 0 3 40.0 50.0 
 137 1362622499     322153 0 3 40.0 50.0 
 137 1362622499     332153 0 3 40.0 50.0 
 138 1362622499     342163 0 3 40.0 50.0 
 137 1362622499     352158 0 3 40.0 50.0 
 137 1362622499     362188 0 3 40.0 50.0 
 137 1362622499     372187 0 3 40.0 50.0 
 137 1362622499     382171 0 3 40.0 50.0 
 137 1362622499     392202 0 3 40.0 50.0 
 137 1362622499     402209 0 3 40.0 50.0 
 137 1362622499     412208 0 3 40.0 50.0 
 137 1362622499     422239 0 3 40.0 50.0 
 137 1362622499     432228 0 3 40.0 50.0 
 137 1362622499     442239 0 3 40.0 50.0 
 137 1362622499     452272 0 3 40.0 50.0 
 137 1362622499     462271 0 3 40.0 50.0 
 137 1362622499     472272 0 3 40.0 50.0 
 137 1362622499     482289 0 3 40.0 50.0 
 137 1362622499     492256 0 3 40.0 50.0 
 138 1362622499     502266 0 3 40.0 50.0 
 137 1362622499     512268 0 3 40.0 50.0 
 138 1362622499     522261 0 3 40.0 50.0 
 137 1362622499     532304 0 3 40.0 50.0 
 138 1362622499     542326 0 3 40.0 50.0 
 137 1362622499     552282 0 3 40.0 50.0 
 137 1362622499     562311 0 3 40.0 50.0 
 137 1362622499     572330 0 3 40.0 50.0 
 137 1362622499     582314 0 3 40.0 50.0 
 138 1362622499     592317 0 3 40.0 50.0 
 138 1362622499     602339 0 3 40.0 50.0 
 138 1362622499     612367 0 3 40.0 50.0 
 137 1362622499     622369 0 3 40.0 50.0 
 137 1362622499     632346 0 3 40.0 50.0 
 137 1362622499     642369 0 3 40.0 50.0 
 137 1362622499     652359 0 3 40.0 50.0 
 137 1362622499     662380 0 3 40.0 50.0 
 138 1362622499     672373 0 3 40.0 50.0 
 137 1362622499     682378 0 3 40.0 50.0 
 137 1362622499     692380 0 3 40.0 50.0 
 137 1362622499     702413 0 3 40.0 50.0 
 137 1362622499     712394 0 3 40.0 50.0 
 138 1362622499     722410 0 3 40.0 50.0 
 137 1362622499     732429 0 3 40.0 50.0 
 137 1362622499     742467 0 3 40.0 50.0 
 137 1362622499     752439 0 3 40.0 50.0 
 137 1362622499     762476 0 3 40.0 50.0 
 137 1362622499     772463 0 3 40.0 50.0 
 138 1362622499     782489 0 3 40.0 50.0 
 137 1362622499     792468 0 3 40.0 50.0 
 138 1362622499     802499 0 3 40.0 50.0 
 137 1362622499     812459 0 3 40.0 50.0 
 137 1362622499     822478 0 3 40.0 50.0 
 137 1362622499     832510 0 3 40.0 50.0 
 137 1362622499     842533 0 3 40.0 50.0 
 137 1362622499     852494 0 3 40.0 50.0 
 138 1362622499     862511 0 3 40.0 50.0 
 137 1362622499     872516 0 3 40.0 50.0 
 137 1362622499     882525 0 3 40.0 50.0 
 137 1362622499     892505 0 3 40.0 50.0 
 137 1362622499     902559 0 3 40.0 50.0 
 138 1362622499     912534 0 3 40.0 50.0 
 137 1362622499     922523 0 3 40.0 50.0 
 137 1362622499     932586 0 3 40.0 50.0 
 137 1362622499     942567 0 3 40.0 50.0 
 137 1362622499     952572 0 3 40.0 50.0 
 138 1362622499     962605 0 3 40.0 50.0 
 138 1362622499     972559 0 3 40.0 50.0 
 137 1362622499     982573 0 3 40.0 50.0 
 137 1362622499     992588 0 3 40.0 50.0 
 137 1362622500       2622 0 3 40.0 50.0 
 137 1362622500      12636 0 3 40.0 50.0 
 137 1362622500      22597 0 3 40.0 50.0 
 137 1362622500      32639 0 3 40.0 50.0 
 138 1362622500      42655 0 3 40.0 50.0 
 137 1362622500      52656 0 3 40.0 50.0 
 138 1362622500      62623 0 3 40.0 50.0 
 137 1362622500      72624 0 3 40.0 50.0 
 137 1362622500      82659 0 3 40.0 50.0 
 137 1362622500      92691 0 3 40.0 50.0 
 137 1362622500     102703 0 3 40.0 50.0 
 137 1362622500     112677 0 3 40.0 50.0 
 137 1362622500     122685 0 3 40.0 50.0 
 137 1362622500     132685 0 3 40.0 50.0 
 138 1362622500     142712 0 3 40.0 50.0 
 137 1362622500     152691 0 3 40.0 50.0 
 137 1362622500     162731 0 3 40.0 50.0 
 138 1362622500     172744 0 3 40.0 50.0 
 137 1362622500     182756 0 3 40.0 50.0 
 138 1362622500     192743 0 3 40.0 50.0 
 137 1362622500     202720 0 3 40.0 50.0 
 137 1362622500     212751 0 3 40.0 50.0 
 138 1362622500     222754 0 3 40.0 50.0 
 137 1362622500     232773 0 3 40.0 50.0 
 137 1362622500     242772 0 3 40.0 50.0 
 137 1362622500     252745 0 3 40.0 50.0 
 138 1362622500     262777 0 3 40.0 50.0 
 137 1362622500     272759 0 3 40.0 50.0 
 137 1362622500     282821 0 3 40.0 50.0 
 137 1362622500     292805 0 3 40.0 50.0 
 137 1362622500     302776 0 3 40.0 50.0 
 137 1362622500     312818 0 3 40.0 50.0 
 138 1362622500     322793 0 3 40.0 50.0 
 137 1362622500     332803 0 3 40.0 50.0 
 137 1362622500     342817 0 3 40.0 50.0 
 137 1362622500     352814 0 3 40.0 50.0 
 137 1362622500     362835 0 3 40.0 50.0 
 137 1362622500     372868 0 3 40.0 50.0 
 137 1362622500     382890 0 3 40.0 50.0 
 137 1362622500     392884 0 3 40.0 50.0 
 137 1362622500     402900 0 3 40.0 50.0 
 138 1362622500     412861 0 3 40.0 50.0 
 137 1362622500     422907 0 3 40.0 50.0 
 138 1362622500     432915 0 3 40.0 50.0 
 137 1362622500     442888 0 3 40.0 50.0 
 138 1362622500     452877 0 3 40.0 50.0 
 137 1362622500     462932 0 3 40.0 50.0 
 137 1362622500     472890 0 3 40.0 50.0 
 137 1362622500     482919 0 3 40.0 50.0 
 138 1362622500     492948 0 3 40.0 50.0 
 137 1362622500     502973 0 3 40.0 50.0 
 137 1362622500     512979 0 3 40.0 50.0 
 137 1362622500     522933 0 3 40.0 50.0 
 137 1362622500     532966 0 3 40.0 50.0 
 137 1362622500     542941 0 3 40.0 50.0 
 137 1362622500     552996 0 3 40.0 50.0 
 137 1362622500     562995 0 3 40.0 50.0 
 137 1362622500     573005 0 3 40.0 50.0 
 138 1362622500     583020 0 3 40.0 50.0 
 137 1362622500     592980 0 3 40.0 50.0 
 138 1362622500     603020 0 3 40.0 50.0 
 137 1362622500     612998 0 3 40.0 50.0 
 137 1362622500     623004 0 3 40.0 50.0 
 137 1362622500     633053 0 3 40.0 50.0 
 137 1362622500     643046 0 3 40.0 50.0 
 138 1362622500     653025 0 3 40.0 50.0 
 138 1362622500     663067 0 3 40.0 50.0 
 138 1362622500     673064 0 3 40.0 50.0 
 137 1362622500     683028 0 3 40.0 50.0 
 138 1362622500     693038 0 3 40.0 50.0 
 137 1362622500     703079 0 3 40.0 50.0 
 137 1362622500     713089 0 3 40.0 50.0 
 137 1362622500     723084 0 3 40.0 50.0 
 138 1362622500     733067 0 3 40.0 50.0 
 137 1362622500     743073 0 3 40.0 50.0 
 137 1362622500     753113 0 3 40.0 50.0 
 137 1362622500     763096 0 3 40.0 50.0 
 137 1362622500     773126 0 3 40.0 50.0 
 137 1362622500     783110 0 3 40.0 50.0 
 137 1362622500     793110 0 3 40.0 50.0 
 137 1362622500     803134 0 3 40.0 50.0 
 137 1362622500     813140 0 3 40.0 50.0 
 138 1362622500     823183 0 3 40.0 50.0 
 137 1362622500     833126 0 3 40.0 50.0 
 138 1362622500     843175 0 3 40.0 50.0 
 137 1362622500     853194 0 3 40.0 50.0 
 138 1362622500     863149 0 3 40.0 50.0 
 137 1362622500     873208 0 3 40.0 50.0 
 137 1362622500     883208 0 3 40.0 50.0 
 137 1362622500     893169 0 3 40.0 50.0 
 137 1362622500     903192 0 3 40.0 50.0 
 138 1362622500     913252 0 3 40.0 50.0 
 137 1362622500     923226 0 3 40.0 50.0 
 137 1362622500     933213 0 3 40.0 50.0 
 137 1362622500     943211 0 3 40.0 50.0 
 138 1362622500     953218 0 3 40.0 50.0 
 137 1362622500     963234 0 3 40.0 50.0 
 138 1362622500     973234 0 3 40.0 50.0 
 137 1362622500     983276 0 3 40.0 50.0 
 137 1362622500     993235 0 3 40.0 50.0 
 137 1362622501       3267 0 3 40.0 50.0 
 137 1362622501      13265 0 3 40.0 50.0 
 138 1362622501      23262 0 3 40.0 50.0 
 138 1362622501      33284 0 3 40.0 50.0 
 138 1362622501      43293 0 3 40.0 50.0 
 137 1362622501      53309 0 3 40.0 50.0 
 137 1362622501      63293 0 3 40.0 50.0 
 137 1362622501      73292 0 3 40.0 50.0 
 138 1362622501      83292 0 3 40.0 50.0 
 137 1362622501      93319 0 3 40.0 50.0 
 138 1362622501     103336 0 3 40.0 50.0 
 137 1362622501     113312 0 3 40.0 50.0 
 137 1362622501     123330 0 3 40.0 50.0 
 137 1362622501     133373 0 3 40.0 50.0 
 137 1362622501     143345 0 3 40.0 50.0 
 137 1362622501     153344 0 3 40.0 50.0 
 137 1362622501     163380 0 3 40.0 50.0 
 137 1362622501     173351 0 3 40.0 50.0 
 137 1362622501     183420 0 3 40.0 50.0 
 138 1362622501     193378 0 3 40.0 50.0 
 137 1362622501     203410 0 3 40.0 50.0 
 137 1362622501     213390 0 3 40.0 50.0 
 137 1362622501     223425 0 3 40.0 50.0 
 137 1362622501     233411 0 3 40.0 50.0 
 137 1362622501     243422 0 3 40.0 50.0 
 137 1362622501     253404 0 3 40.0 50.0 
 138 1362622501     263472 0 3 40.0 50.0 
 137 1362622501     273470 0 3 40.0 50.0 
 138 1362622501     283451 0 3 40.0 50.0 
 137 1362622501     293438 0 3 40.0 50.0 
 137 1362622501     303478 0 3 40.0 50.0 
 137 1362622501     313454 0 3 40.0 50.0 
 137 1362622501     323495 0 3 40.0 50.0 
 137 1362622501     333498 0 3 40.0 50.0 
 138 1362622501     343504 0 3 40.0 50.0 
 138 1362622501     353513 0 3 40.0 50.0 
 137 1362622501     363523 0 3 40.0 50.0 
 137 1362622501     373499 0 3 40.0 50.0 
 137 1362622501     383497 0 3 40.0 50.0 
 137 1362622501     393494 0 3 40.0 50.0 
 137 1362622501     403508 0 3 40.0 50.0 
 138 1362622501     413521 0 3 40.0 50.0 
 137 1362622501     423538 0 3 40.0 50.0 
 138 1362622501     433560 0 3 40.0 50.0 
 137 1362622501     443580 0 3 40.0 50.0 
 137 1362622501     453536 0 3 40.0 50.0 
 137 1362622501     463555 0 3 40.0 50.0 
 137 1362622501     473584 0 3 40.0 50.0 
 137 1362622501     483593 0 3 40.0 50.0 
 138 1362622501     493600 0 3 40.0 50.0 
 137 1362622501     503600 0 3 40.0 50.0 
 137 1362622501     513632 0 3 40.0 50.0 
 137 1362622501     523620 0 3 40.0 50.0 
 137 1362622501     533647 0 3 40.0 50.0 
 138 1362622501     543641 0 3 40.0 50.0 
 137 1362622501     553621 0 3 40.0 50.0 
 137 1362622501     563632 0 3 40.0 50.0 
 137 1362622501     573663 0 3 40.0 50.0 
 137 1362622501     583621 0 3 40.0 50.0 
 137 1362622501     593642 0 3 40.0 50.0 
 138 1362622501     603696 0 3 40.0 50.0 
 137 1362622501     613702 0 3 40.0 50.0 
 137 1362622501     623677 0 3 40.0 50.0 
 137 1362622501     633701 0 3 40.0 50.0 
 137 1362622501     643696 0 3 40.0 50.0 
 138 1362622501     653731 0 3 40.0 50.0 
 137 1362622501     663707 0 3 40.0 50.0 
 138 1362622501     673717 0 3 40.0 50.0 
 137 1362622501     683695 0 3 40.0 50.0 
 137 1362622501     693713 0 3 40.0 50.0 
 137 1362622501     703718 0 3 40.0 50.0 
 137 1362622501     713759 0 3 40.0 50.0 
 137 1362622501     723734 0 3 40.0 50.0 
 138 1362622501     733780 0 3 40.0 50.0 
 137 1362622501     743772 0 3 40.0 50.0 
 137 1362622501     753784 0 3 40.0 50.0 
 137 1362622501     763781 0 3 40.0 50.0 
 137 1362622501     773809 0 3 40.0 50.0 
 137 1362622501     783816 0 3 40.0 50.0 
 137 1362622501     793800 0 3 40.0 50.0 
 137 1362622501     803830 0 3 40.0 50.0 
 138 1362622501     813777 0 3 40.0 50.0 
 137 1362622501     823805 0 3 40.0 50.0 
 137 1362622501     833848 0 3 40.0 50.0 
 137 1362622501     843855 0 3 40.0 50.0 
 137 1362622501     853810 0 3 40.0 50.0 
 138 1362622501     863849 0 3 40.0 50.0 
 137 1362622501     873815 0 3 40.0 50.0 
 138 1362622501     883852 0 3 40.0 50.0 
 137 1362622501     893867 0 3 40.0 50.0 
 137 1362622501     903854 0 3 40.0 50.0 
 137 1362622501     913891 0 3 40.0 50.0 
 138 1362622501     923861 0 3 40.0 50.0 
 137 1362622501     933885 0 3 40.0 50.0 
 137 1362622501     943910 0 3 40.0 50.0 
 137 1362622501     953869 0 3 40.0 50.0 
 137 1362622501     963936 0 3 40.0 50.0 
 138 1362622501     973894 0 3 40.0 50.0 
 137 1362622501     983916 0 3 40.0 50.0 
 138 1362622501     993934 0 3 40.0 50.0 
 137 1362622502       3923 0 3 40.0 50.0 
 138 1362622502      13959 0 3 40.0 50.0 
 137 1362622502      23952 0 3 40.0 50.0 
 137 1362622502      33919 0 3 40.0 50.0 
 137 1362622502      43950 0 3 40.0 50.0 
 137 1362622502      53949 0 3 40.0 50.0 
 138 1362622502      63979 0 3 40.0 50.0 
 137 1362622502      73969 0 3 40.0 50.0 
 137 1362622502      83997 0 3 40.0 50.0 
 137 1362622502      94005 0 3 40.0 50.0 
