 590 1362629243     351627 2 3 40.0 150.0 
 590 1362629243     361588 2 3 40.0 150.0 
 590 1362629243     371571 2 3 40.0 150.0 
 589 1362629243     381619 2 3 40.0 150.0 
 590 1362629243     391597 2 3 40.0 150.0 
 590 1362629243     401636 2 3 40.0 150.0 
 590 1362629243     411658 2 3 40.0 150.0 
 590 1362629243     421673 2 3 40.0 150.0 
 590 1362629243     431624 2 3 40.0 150.0 
 590 1362629243     441643 2 3 40.0 150.0 
 590 1362629243     451669 2 3 40.0 150.0 
 590 1362629243     461693 2 3 40.0 150.0 
 591 1362629243     471657 2 3 40.0 150.0 
 588 1362629243     481665 2 3 40.0 150.0 
 589 1362629243     491696 2 3 40.0 150.0 
 590 1362629243     501708 2 3 40.0 150.0 
 589 1362629243     511713 2 3 40.0 150.0 
 588 1362629243     521676 2 3 40.0 150.0 
 590 1362629243     531694 2 3 40.0 150.0 
 589 1362629243     541724 2 3 40.0 150.0 
 590 1362629243     551739 2 3 40.0 150.0 
 589 1362629243     561752 2 3 40.0 150.0 
 590 1362629243     571705 2 3 40.0 150.0 
 590 1362629243     581720 2 3 40.0 150.0 
 590 1362629243     591741 2 3 40.0 150.0 
 589 1362629243     601764 2 3 40.0 150.0 
 589 1362629243     611790 2 3 40.0 150.0 
 591 1362629243     621757 2 3 40.0 150.0 
 590 1362629243     631772 2 3 40.0 150.0 
 589 1362629243     641813 2 3 40.0 150.0 
 590 1362629243     651762 2 3 40.0 150.0 
 590 1362629243     661783 2 3 40.0 150.0 
 589 1362629243     671799 2 3 40.0 150.0 
 589 1362629243     681821 2 3 40.0 150.0 
 590 1362629243     691839 2 3 40.0 150.0 
 590 1362629243     701813 2 3 40.0 150.0 
 590 1362629243     711837 2 3 40.0 150.0 
 589 1362629243     721863 2 3 40.0 150.0 
 590 1362629243     731839 2 3 40.0 150.0 
 591 1362629243     741856 2 3 40.0 150.0 
 589 1362629243     751872 2 3 40.0 150.0 
 589 1362629243     761847 2 3 40.0 150.0 
 590 1362629243     771885 2 3 40.0 150.0 
 591 1362629243     781845 2 3 40.0 150.0 
 590 1362629243     791877 2 3 40.0 150.0 
 589 1362629243     801903 2 3 40.0 150.0 
 590 1362629243     811862 2 3 40.0 150.0 
 591 1362629243     821893 2 3 40.0 150.0 
 590 1362629243     831920 2 3 40.0 150.0 
 589 1362629243     841883 2 3 40.0 150.0 
 589 1362629243     851952 2 3 40.0 150.0 
 590 1362629243     861912 2 3 40.0 150.0 
 589 1362629243     871925 2 3 40.0 150.0 
 589 1362629243     881950 2 3 40.0 150.0 
 589 1362629243     891964 2 3 40.0 150.0 
 589 1362629243     901990 2 3 40.0 150.0 
 590 1362629243     911950 2 3 40.0 150.0 
 590 1362629243     921977 2 3 40.0 150.0 
 589 1362629243     931941 2 3 40.0 150.0 
 590 1362629243     941974 2 3 40.0 150.0 
 590 1362629243     952003 2 3 40.0 150.0 
 590 1362629243     962019 2 3 40.0 150.0 
 589 1362629243     971980 2 3 40.0 150.0 
 589 1362629243     982009 2 3 40.0 150.0 
 589 1362629243     991993 2 3 40.0 150.0 
 590 1362629244       2033 2 3 40.0 150.0 
 590 1362629244      12062 2 3 40.0 150.0 
 589 1362629244      22008 2 3 40.0 150.0 
 590 1362629244      32032 2 3 40.0 150.0 
 590 1362629244      42067 2 3 40.0 150.0 
 590 1362629244      52035 2 3 40.0 150.0 
 590 1362629244      62063 2 3 40.0 150.0 
 589 1362629244      72076 2 3 40.0 150.0 
 589 1362629244      82103 2 3 40.0 150.0 
 590 1362629244      92050 2 3 40.0 150.0 
 590 1362629244     102118 2 3 40.0 150.0 
 589 1362629244     112069 2 3 40.0 150.0 
 590 1362629244     122094 2 3 40.0 150.0 
 590 1362629244     132083 2 3 40.0 150.0 
 589 1362629244     142125 2 3 40.0 150.0 
 589 1362629244     152154 2 3 40.0 150.0 
 590 1362629244     162098 2 3 40.0 150.0 
 590 1362629244     172129 2 3 40.0 150.0 
 589 1362629244     182161 2 3 40.0 150.0 
 590 1362629244     192121 2 3 40.0 150.0 
 590 1362629244     202136 2 3 40.0 150.0 
 590 1362629244     212153 2 3 40.0 150.0 
 591 1362629244     222188 2 3 40.0 150.0 
 590 1362629244     232157 2 3 40.0 150.0 
 590 1362629244     242190 2 3 40.0 150.0 
 591 1362629244     252201 2 3 40.0 150.0 
 590 1362629244     262229 2 3 40.0 150.0 
 591 1362629244     272184 2 3 40.0 150.0 
 590 1362629244     282203 2 3 40.0 150.0 
 589 1362629244     292226 2 3 40.0 150.0 
 589 1362629244     302253 2 3 40.0 150.0 
 589 1362629244     312230 2 3 40.0 150.0 
 590 1362629244     322239 2 3 40.0 150.0 
 590 1362629244     332250 2 3 40.0 150.0 
 589 1362629244     342281 2 3 40.0 150.0 
