 432 1362630374     890306 3 5 40.0 100.0 
 433 1362630374     900257 3 5 40.0 100.0 
 432 1362630374     910301 3 5 40.0 100.0 
 433 1362630374     920274 3 5 40.0 100.0 
 433 1362630374     930250 3 5 40.0 100.0 
 432 1362630374     940255 3 5 40.0 100.0 
 432 1362630374     950263 3 5 40.0 100.0 
 432 1362630374     960270 3 5 40.0 100.0 
 433 1362630374     970288 3 5 40.0 100.0 
 432 1362630374     980290 3 5 40.0 100.0 
 431 1362630374     990355 3 5 40.0 100.0 
 433 1362630375        329 3 5 40.0 100.0 
 432 1362630375      10332 3 5 40.0 100.0 
 433 1362630375      20336 3 5 40.0 100.0 
 432 1362630375      30347 3 5 40.0 100.0 
 432 1362630375      40361 3 5 40.0 100.0 
 432 1362630375      50387 3 5 40.0 100.0 
 433 1362630375      60369 3 5 40.0 100.0 
 433 1362630375      70388 3 5 40.0 100.0 
 433 1362630375      80415 3 5 40.0 100.0 
 432 1362630375      90383 3 5 40.0 100.0 
 432 1362630375     100402 3 5 40.0 100.0 
 433 1362630375     110399 3 5 40.0 100.0 
 433 1362630375     120391 3 5 40.0 100.0 
 433 1362630375     130442 3 5 40.0 100.0 
 432 1362630375     140444 3 5 40.0 100.0 
 432 1362630375     150417 3 5 40.0 100.0 
 432 1362630375     160402 3 5 40.0 100.0 
 432 1362630375     170466 3 5 40.0 100.0 
 433 1362630375     180463 3 5 40.0 100.0 
 432 1362630375     190448 3 5 40.0 100.0 
 433 1362630375     200441 3 5 40.0 100.0 
 432 1362630375     210471 3 5 40.0 100.0 
 433 1362630375     220488 3 5 40.0 100.0 
 432 1362630375     230496 3 5 40.0 100.0 
 432 1362630375     240504 3 5 40.0 100.0 
 433 1362630375     250523 3 5 40.0 100.0 
 433 1362630375     260533 3 5 40.0 100.0 
 433 1362630375     270535 3 5 40.0 100.0 
 433 1362630375     280536 3 5 40.0 100.0 
 432 1362630375     290547 3 5 40.0 100.0 
 433 1362630375     300563 3 5 40.0 100.0 
 433 1362630375     310565 3 5 40.0 100.0 
 433 1362630375     320574 3 5 40.0 100.0 
 432 1362630375     330570 3 5 40.0 100.0 
 432 1362630375     340580 3 5 40.0 100.0 
 433 1362630375     350580 3 5 40.0 100.0 
 433 1362630375     360590 3 5 40.0 100.0 
 433 1362630375     370600 3 5 40.0 100.0 
 432 1362630375     380601 3 5 40.0 100.0 
 432 1362630375     390557 3 5 40.0 100.0 
 433 1362630375     400561 3 5 40.0 100.0 
 432 1362630375     410629 3 5 40.0 100.0 
 433 1362630375     420616 3 5 40.0 100.0 
 432 1362630375     430630 3 5 40.0 100.0 
 432 1362630375     440621 3 5 40.0 100.0 
 432 1362630375     450618 3 5 40.0 100.0 
 433 1362630375     460619 3 5 40.0 100.0 
 432 1362630375     470625 3 5 40.0 100.0 
 432 1362630375     480644 3 5 40.0 100.0 
 433 1362630375     490632 3 5 40.0 100.0 
 432 1362630375     500638 3 5 40.0 100.0 
 432 1362630375     510643 3 5 40.0 100.0 
 432 1362630375     520710 3 5 40.0 100.0 
 433 1362630375     530698 3 5 40.0 100.0 
 432 1362630375     540703 3 5 40.0 100.0 
 432 1362630375     550704 3 5 40.0 100.0 
 433 1362630375     560694 3 5 40.0 100.0 
 433 1362630375     570700 3 5 40.0 100.0 
 432 1362630375     580711 3 5 40.0 100.0 
 432 1362630375     590728 3 5 40.0 100.0 
 433 1362630375     600730 3 5 40.0 100.0 
 433 1362630375     610742 3 5 40.0 100.0 
 433 1362630375     620759 3 5 40.0 100.0 
 433 1362630375     630756 3 5 40.0 100.0 
 432 1362630375     640757 3 5 40.0 100.0 
 433 1362630375     650760 3 5 40.0 100.0 
 434 1362630375     660768 3 5 40.0 100.0 
 434 1362630375     670774 3 5 40.0 100.0 
 433 1362630375     680776 3 5 40.0 100.0 
 432 1362630375     690796 3 5 40.0 100.0 
 433 1362630375     700799 3 5 40.0 100.0 
 433 1362630375     710794 3 5 40.0 100.0 
 433 1362630375     720812 3 5 40.0 100.0 
 432 1362630375     730804 3 5 40.0 100.0 
 434 1362630375     740831 3 5 40.0 100.0 
 432 1362630375     750844 3 5 40.0 100.0 
 433 1362630375     760855 3 5 40.0 100.0 
 433 1362630375     770831 3 5 40.0 100.0 
 433 1362630375     780851 3 5 40.0 100.0 
 432 1362630375     790879 3 5 40.0 100.0 
 433 1362630375     800882 3 5 40.0 100.0 
 432 1362630375     810884 3 5 40.0 100.0 
 433 1362630375     820903 3 5 40.0 100.0 
 432 1362630375     830899 3 5 40.0 100.0 
 432 1362630375     840921 3 5 40.0 100.0 
 433 1362630375     850866 3 5 40.0 100.0 
 433 1362630375     860873 3 5 40.0 100.0 
 433 1362630375     870942 3 5 40.0 100.0 
 432 1362630375     880922 3 5 40.0 100.0 
