 273 1362629222     898219 2 3 40.0 50.0 
 274 1362629222     908045 2 3 40.0 50.0 
 273 1362629222     918079 2 3 40.0 50.0 
 273 1362629222     928044 2 3 40.0 50.0 
 273 1362629222     938095 2 3 40.0 50.0 
 273 1362629222     948124 2 3 40.0 50.0 
 273 1362629222     958131 2 3 40.0 50.0 
 273 1362629222     968072 2 3 40.0 50.0 
 274 1362629222     978124 2 3 40.0 50.0 
 273 1362629222     988084 2 3 40.0 50.0 
 272 1362629222     998139 2 3 40.0 50.0 
 273 1362629223       8157 2 3 40.0 50.0 
 274 1362629223      18111 2 3 40.0 50.0 
 274 1362629223      28127 2 3 40.0 50.0 
 273 1362629223      38138 2 3 40.0 50.0 
 273 1362629223      48159 2 3 40.0 50.0 
 273 1362629223      58150 2 3 40.0 50.0 
 273 1362629223      68166 2 3 40.0 50.0 
 273 1362629223      78151 2 3 40.0 50.0 
 273 1362629223      88153 2 3 40.0 50.0 
 273 1362629223      98161 2 3 40.0 50.0 
 273 1362629223     108183 2 3 40.0 50.0 
 273 1362629223     118217 2 3 40.0 50.0 
 274 1362629223     128216 2 3 40.0 50.0 
 273 1362629223     138227 2 3 40.0 50.0 
 273 1362629223     148211 2 3 40.0 50.0 
 273 1362629223     158206 2 3 40.0 50.0 
 273 1362629223     168243 2 3 40.0 50.0 
 274 1362629223     178227 2 3 40.0 50.0 
 273 1362629223     188275 2 3 40.0 50.0 
 273 1362629223     198262 2 3 40.0 50.0 
 272 1362629223     208252 2 3 40.0 50.0 
 273 1362629223     218299 2 3 40.0 50.0 
 273 1362629223     228270 2 3 40.0 50.0 
 274 1362629223     238318 2 3 40.0 50.0 
 273 1362629223     248294 2 3 40.0 50.0 
 272 1362629223     258277 2 3 40.0 50.0 
 273 1362629223     268325 2 3 40.0 50.0 
 273 1362629223     278284 2 3 40.0 50.0 
 273 1362629223     288319 2 3 40.0 50.0 
 273 1362629223     298291 2 3 40.0 50.0 
 273 1362629223     308360 2 3 40.0 50.0 
 274 1362629223     318341 2 3 40.0 50.0 
 274 1362629223     328334 2 3 40.0 50.0 
 273 1362629223     338361 2 3 40.0 50.0 
 272 1362629223     348387 2 3 40.0 50.0 
 273 1362629223     358331 2 3 40.0 50.0 
 273 1362629223     368352 2 3 40.0 50.0 
 273 1362629223     378392 2 3 40.0 50.0 
 273 1362629223     388366 2 3 40.0 50.0 
 273 1362629223     398411 2 3 40.0 50.0 
 274 1362629223     408398 2 3 40.0 50.0 
 272 1362629223     418383 2 3 40.0 50.0 
 273 1362629223     428438 2 3 40.0 50.0 
 274 1362629223     438386 2 3 40.0 50.0 
 273 1362629223     448428 2 3 40.0 50.0 
 274 1362629223     458403 2 3 40.0 50.0 
 273 1362629223     468449 2 3 40.0 50.0 
 273 1362629223     478434 2 3 40.0 50.0 
 273 1362629223     488461 2 3 40.0 50.0 
 273 1362629223     498437 2 3 40.0 50.0 
 273 1362629223     508450 2 3 40.0 50.0 
 273 1362629223     518499 2 3 40.0 50.0 
 273 1362629223     528451 2 3 40.0 50.0 
 273 1362629223     538494 2 3 40.0 50.0 
 273 1362629223     548520 2 3 40.0 50.0 
 273 1362629223     558528 2 3 40.0 50.0 
 273 1362629223     568488 2 3 40.0 50.0 
 273 1362629223     578475 2 3 40.0 50.0 
 273 1362629223     588501 2 3 40.0 50.0 
 274 1362629223     598543 2 3 40.0 50.0 
 273 1362629223     608544 2 3 40.0 50.0 
 273 1362629223     618564 2 3 40.0 50.0 
 273 1362629223     628545 2 3 40.0 50.0 
 274 1362629223     638542 2 3 40.0 50.0 
 273 1362629223     648586 2 3 40.0 50.0 
 273 1362629223     658582 2 3 40.0 50.0 
 274 1362629223     668562 2 3 40.0 50.0 
 273 1362629223     678607 2 3 40.0 50.0 
 273 1362629223     688588 2 3 40.0 50.0 
 274 1362629223     698618 2 3 40.0 50.0 
 273 1362629223     708609 2 3 40.0 50.0 
 273 1362629223     718585 2 3 40.0 50.0 
 273 1362629223     728603 2 3 40.0 50.0 
 273 1362629223     738635 2 3 40.0 50.0 
 274 1362629223     748592 2 3 40.0 50.0 
 273 1362629223     758602 2 3 40.0 50.0 
 272 1362629223     768636 2 3 40.0 50.0 
 273 1362629223     778615 2 3 40.0 50.0 
 273 1362629223     788656 2 3 40.0 50.0 
 273 1362629223     798653 2 3 40.0 50.0 
 273 1362629223     808660 2 3 40.0 50.0 
 273 1362629223     818651 2 3 40.0 50.0 
 273 1362629223     828707 2 3 40.0 50.0 
 273 1362629223     838657 2 3 40.0 50.0 
 273 1362629223     848706 2 3 40.0 50.0 
 274 1362629223     858669 2 3 40.0 50.0 
 273 1362629223     868716 2 3 40.0 50.0 
 273 1362629223     878681 2 3 40.0 50.0 
 274 1362629223     888714 2 3 40.0 50.0 
