 284 1362624750     909976 1 4 40.0 50 
 285 1362624750     920027 1 4 40.0 50 
 284 1362624750     930059 1 4 40.0 50 
 284 1362624750     939990 1 4 40.0 50 
 284 1362624750     950002 1 4 40.0 50 
 284 1362624750     960069 1 4 40.0 50 
 284 1362624750     970112 1 4 40.0 50 
 284 1362624750     979982 1 4 40.0 50 
 284 1362624750     990026 1 4 40.0 50 
 284 1362624751         78 1 4 40.0 50 
 285 1362624751      10011 1 4 40.0 50 
 285 1362624751      29832 1 4 40.0 50 
 285 1362624751      40002 1 4 40.0 50 
 284 1362624751      50047 1 4 40.0 50 
 284 1362624751      60029 1 4 40.0 50 
 284 1362624751      70036 1 4 40.0 50 
 284 1362624751      80014 1 4 40.0 50 
 285 1362624751      90038 1 4 40.0 50 
 284 1362624751     100089 1 4 40.0 50 
 284 1362624751     110076 1 4 40.0 50 
 284 1362624751     120074 1 4 40.0 50 
 284 1362624751     130107 1 4 40.0 50 
 284 1362624751     140074 1 4 40.0 50 
 284 1362624751     150066 1 4 40.0 50 
 284 1362624751     160111 1 4 40.0 50 
 284 1362624751     170096 1 4 40.0 50 
 284 1362624751     180084 1 4 40.0 50 
 284 1362624751     190138 1 4 40.0 50 
 284 1362624751     200122 1 4 40.0 50 
 285 1362624751     210123 1 4 40.0 50 
 284 1362624751     220146 1 4 40.0 50 
 284 1362624751     230170 1 4 40.0 50 
 285 1362624751     240123 1 4 40.0 50 
 284 1362624751     250146 1 4 40.0 50 
 284 1362624751     260140 1 4 40.0 50 
 285 1362624751     270154 1 4 40.0 50 
 284 1362624751     280176 1 4 40.0 50 
 284 1362624751     290183 1 4 40.0 50 
 284 1362624751     300199 1 4 40.0 50 
 284 1362624751     310219 1 4 40.0 50 
 284 1362624751     320193 1 4 40.0 50 
 284 1362624751     330219 1 4 40.0 50 
 284 1362624751     340241 1 4 40.0 50 
 284 1362624751     350206 1 4 40.0 50 
 285 1362624751     360225 1 4 40.0 50 
 284 1362624751     370249 1 4 40.0 50 
 284 1362624751     380272 1 4 40.0 50 
 284 1362624751     390235 1 4 40.0 50 
 284 1362624751     400236 1 4 40.0 50 
 284 1362624751     410240 1 4 40.0 50 
 284 1362624751     420274 1 4 40.0 50 
 284 1362624751     430273 1 4 40.0 50 
 284 1362624751     440293 1 4 40.0 50 
 284 1362624751     450306 1 4 40.0 50 
 285 1362624751     460310 1 4 40.0 50 
 284 1362624751     470335 1 4 40.0 50 
 284 1362624751     480315 1 4 40.0 50 
 284 1362624751     490314 1 4 40.0 50 
 284 1362624751     500327 1 4 40.0 50 
 284 1362624751     510330 1 4 40.0 50 
 284 1362624751     520359 1 4 40.0 50 
 284 1362624751     530304 1 4 40.0 50 
 284 1362624751     540319 1 4 40.0 50 
 284 1362624751     550353 1 4 40.0 50 
 284 1362624751     560366 1 4 40.0 50 
 284 1362624751     570394 1 4 40.0 50 
 284 1362624751     580406 1 4 40.0 50 
 284 1362624751     590414 1 4 40.0 50 
 284 1362624751     600369 1 4 40.0 50 
 284 1362624751     610375 1 4 40.0 50 
 284 1362624751     620398 1 4 40.0 50 
 284 1362624751     630407 1 4 40.0 50 
 284 1362624751     640433 1 4 40.0 50 
 285 1362624751     650452 1 4 40.0 50 
 284 1362624751     660405 1 4 40.0 50 
 284 1362624751     670426 1 4 40.0 50 
 285 1362624751     680435 1 4 40.0 50 
 284 1362624751     690445 1 4 40.0 50 
 284 1362624751     700468 1 4 40.0 50 
 285 1362624751     710465 1 4 40.0 50 
 284 1362624751     720466 1 4 40.0 50 
 284 1362624751     730483 1 4 40.0 50 
 284 1362624751     740451 1 4 40.0 50 
 284 1362624751     750459 1 4 40.0 50 
 284 1362624751     760468 1 4 40.0 50 
 284 1362624751     770499 1 4 40.0 50 
 284 1362624751     780524 1 4 40.0 50 
 284 1362624751     790539 1 4 40.0 50 
 284 1362624751     800536 1 4 40.0 50 
 285 1362624751     810547 1 4 40.0 50 
 284 1362624751     820496 1 4 40.0 50 
 284 1362624751     830526 1 4 40.0 50 
 285 1362624751     840541 1 4 40.0 50 
 284 1362624751     850557 1 4 40.0 50 
 284 1362624751     860566 1 4 40.0 50 
 284 1362624751     870579 1 4 40.0 50 
 284 1362624751     880599 1 4 40.0 50 
 284 1362624751     890544 1 4 40.0 50 
 284 1362624751     900558 1 4 40.0 50 
 284 1362624751     910561 1 4 40.0 50 
