1998 1362625440     345612 1 11 40.0 100.0 
1998 1362625440     355704 1 11 40.0 100.0 
1998 1362625440     365640 1 11 40.0 100.0 
1997 1362625440     375652 1 11 40.0 100.0 
1998 1362625440     385729 1 11 40.0 100.0 
1998 1362625440     395633 1 11 40.0 100.0 
1998 1362625440     405720 1 11 40.0 100.0 
1998 1362625440     415731 1 11 40.0 100.0 
1998 1362625440     425710 1 11 40.0 100.0 
1998 1362625440     435786 1 11 40.0 100.0 
1999 1362625440     445649 1 11 40.0 100.0 
1998 1362625440     455661 1 11 40.0 100.0 
1998 1362625440     465667 1 11 40.0 100.0 
1998 1362625440     475698 1 11 40.0 100.0 
1997 1362625440     485709 1 11 40.0 100.0 
1998 1362625440     495657 1 11 40.0 100.0 
1998 1362625440     505662 1 11 40.0 100.0 
1998 1362625440     515682 1 11 40.0 100.0 
1998 1362625440     525706 1 11 40.0 100.0 
1998 1362625440     535729 1 11 40.0 100.0 
1996 1362625440     545752 1 11 40.0 100.0 
1998 1362625440     555701 1 11 40.0 100.0 
1998 1362625440     565712 1 11 40.0 100.0 
1998 1362625440     575721 1 11 40.0 100.0 
1998 1362625440     585751 1 11 40.0 100.0 
1998 1362625440     595772 1 11 40.0 100.0 
1997 1362625440     605789 1 11 40.0 100.0 
1998 1362625440     615789 1 11 40.0 100.0 
1997 1362625440     625748 1 11 40.0 100.0 
1998 1362625440     635756 1 11 40.0 100.0 
1998 1362625440     645777 1 11 40.0 100.0 
1998 1362625440     655812 1 11 40.0 100.0 
1998 1362625440     665808 1 11 40.0 100.0 
1998 1362625440     675824 1 11 40.0 100.0 
1997 1362625440     685776 1 11 40.0 100.0 
1998 1362625440     695799 1 11 40.0 100.0 
1998 1362625440     705822 1 11 40.0 100.0 
1998 1362625440     715834 1 11 40.0 100.0 
1998 1362625440     725861 1 11 40.0 100.0 
1998 1362625440     735860 1 11 40.0 100.0 
1997 1362625440     745826 1 11 40.0 100.0 
1998 1362625440     755837 1 11 40.0 100.0 
1998 1362625440     765834 1 11 40.0 100.0 
1998 1362625440     775868 1 11 40.0 100.0 
1998 1362625440     785877 1 11 40.0 100.0 
1998 1362625440     795906 1 11 40.0 100.0 
1997 1362625440     805860 1 11 40.0 100.0 
1997 1362625440     815931 1 11 40.0 100.0 
1997 1362625440     825871 1 11 40.0 100.0 
1998 1362625440     835896 1 11 40.0 100.0 
1998 1362625440     845922 1 11 40.0 100.0 
1998 1362625440     855937 1 11 40.0 100.0 
1998 1362625440     865949 1 11 40.0 100.0 
1998 1362625440     875906 1 11 40.0 100.0 
1998 1362625440     885945 1 11 40.0 100.0 
1998 1362625440     895957 1 11 40.0 100.0 
1998 1362625440     905975 1 11 40.0 100.0 
1998 1362625440     915980 1 11 40.0 100.0 
1998 1362625440     926001 1 11 40.0 100.0 
1998 1362625440     935951 1 11 40.0 100.0 
1998 1362625440     945975 1 11 40.0 100.0 
1998 1362625440     956001 1 11 40.0 100.0 
1998 1362625440     966020 1 11 40.0 100.0 
1998 1362625440     975969 1 11 40.0 100.0 
1998 1362625440     986009 1 11 40.0 100.0 
1998 1362625440     996003 1 11 40.0 100.0 
1998 1362625441       6027 1 11 40.0 100.0 
1998 1362625441      16039 1 11 40.0 100.0 
1998 1362625441      26009 1 11 40.0 100.0 
1998 1362625441      36045 1 11 40.0 100.0 
1996 1362625441      46080 1 11 40.0 100.0 
1998 1362625441      56033 1 11 40.0 100.0 
1998 1362625441      66054 1 11 40.0 100.0 
1990 1362625441      76100 1 11 40.0 100.0 
1997 1362625441      86043 1 11 40.0 100.0 
1998 1362625441      96083 1 11 40.0 100.0 
1998 1362625441     106085 1 11 40.0 100.0 
1998 1362625441     116060 1 11 40.0 100.0 
1998 1362625441     126124 1 11 40.0 100.0 
1998 1362625441     136126 1 11 40.0 100.0 
1999 1362625441     146126 1 11 40.0 100.0 
1998 1362625441     156115 1 11 40.0 100.0 
1998 1362625441     166152 1 11 40.0 100.0 
1998 1362625441     176139 1 11 40.0 100.0 
1998 1362625441     186144 1 11 40.0 100.0 
1998 1362625441     196155 1 11 40.0 100.0 
1998 1362625441     206183 1 11 40.0 100.0 
1998 1362625441     216180 1 11 40.0 100.0 
1998 1362625441     226163 1 11 40.0 100.0 
1998 1362625441     236170 1 11 40.0 100.0 
1998 1362625441     246181 1 11 40.0 100.0 
1998 1362625441     256189 1 11 40.0 100.0 
1998 1362625441     266204 1 11 40.0 100.0 
1998 1362625441     276231 1 11 40.0 100.0 
1997 1362625441     286185 1 11 40.0 100.0 
1998 1362625441     296185 1 11 40.0 100.0 
1997 1362625441     306197 1 11 40.0 100.0 
1998 1362625441     316257 1 11 40.0 100.0 
1997 1362625441     326202 1 11 40.0 100.0 
1998 1362625441     336243 1 11 40.0 100.0 
