 282 1362629407     330135 2 6 40.0 100.0 
 282 1362629407     340066 2 6 40.0 100.0 
 281 1362629407     350087 2 6 40.0 100.0 
 280 1362629407     360108 2 6 40.0 100.0 
 282 1362629407     370113 2 6 40.0 100.0 
 282 1362629407     380113 2 6 40.0 100.0 
 282 1362629407     390117 2 6 40.0 100.0 
 282 1362629407     400146 2 6 40.0 100.0 
 282 1362629407     410161 2 6 40.0 100.0 
 281 1362629407     420119 2 6 40.0 100.0 
 281 1362629407     430153 2 6 40.0 100.0 
 283 1362629407     440157 2 6 40.0 100.0 
 281 1362629407     450163 2 6 40.0 100.0 
 282 1362629407     460173 2 6 40.0 100.0 
 282 1362629407     470176 2 6 40.0 100.0 
 282 1362629407     480181 2 6 40.0 100.0 
 282 1362629407     490186 2 6 40.0 100.0 
 281 1362629407     500184 2 6 40.0 100.0 
 282 1362629407     510187 2 6 40.0 100.0 
 282 1362629407     520222 2 6 40.0 100.0 
 282 1362629407     530224 2 6 40.0 100.0 
 282 1362629407     540239 2 6 40.0 100.0 
 282 1362629407     550245 2 6 40.0 100.0 
 282 1362629407     560264 2 6 40.0 100.0 
 282 1362629407     570278 2 6 40.0 100.0 
 282 1362629407     580216 2 6 40.0 100.0 
 282 1362629407     590229 2 6 40.0 100.0 
 283 1362629407     600255 2 6 40.0 100.0 
 281 1362629407     610256 2 6 40.0 100.0 
 282 1362629407     620267 2 6 40.0 100.0 
 282 1362629407     630271 2 6 40.0 100.0 
 281 1362629407     640294 2 6 40.0 100.0 
 282 1362629407     650315 2 6 40.0 100.0 
 282 1362629407     660321 2 6 40.0 100.0 
 282 1362629407     670343 2 6 40.0 100.0 
 282 1362629407     680287 2 6 40.0 100.0 
 282 1362629407     690303 2 6 40.0 100.0 
 281 1362629407     700296 2 6 40.0 100.0 
 281 1362629407     710368 2 6 40.0 100.0 
 281 1362629407     720374 2 6 40.0 100.0 
 282 1362629407     730378 2 6 40.0 100.0 
 282 1362629407     740321 2 6 40.0 100.0 
 282 1362629407     750349 2 6 40.0 100.0 
 282 1362629407     760365 2 6 40.0 100.0 
 282 1362629407     770374 2 6 40.0 100.0 
 282 1362629407     780391 2 6 40.0 100.0 
 282 1362629407     790404 2 6 40.0 100.0 
 282 1362629407     800415 2 6 40.0 100.0 
 282 1362629407     810373 2 6 40.0 100.0 
 282 1362629407     820374 2 6 40.0 100.0 
 282 1362629407     830386 2 6 40.0 100.0 
 282 1362629407     840391 2 6 40.0 100.0 
 282 1362629407     850457 2 6 40.0 100.0 
 282 1362629407     860406 2 6 40.0 100.0 
 283 1362629407     870455 2 6 40.0 100.0 
 282 1362629407     880453 2 6 40.0 100.0 
 282 1362629407     890463 2 6 40.0 100.0 
 282 1362629407     900468 2 6 40.0 100.0 
 282 1362629407     910485 2 6 40.0 100.0 
 282 1362629407     920497 2 6 40.0 100.0 
 281 1362629407     930500 2 6 40.0 100.0 
 282 1362629407     940507 2 6 40.0 100.0 
 282 1362629407     950511 2 6 40.0 100.0 
 281 1362629407     960536 2 6 40.0 100.0 
 282 1362629407     970475 2 6 40.0 100.0 
 282 1362629407     980494 2 6 40.0 100.0 
 282 1362629407     990506 2 6 40.0 100.0 
 282 1362629408        541 2 6 40.0 100.0 
 281 1362629408      10499 2 6 40.0 100.0 
 282 1362629408      20577 2 6 40.0 100.0 
 283 1362629408      30566 2 6 40.0 100.0 
 282 1362629408      40574 2 6 40.0 100.0 
 282 1362629408      50570 2 6 40.0 100.0 
 282 1362629408      60584 2 6 40.0 100.0 
 283 1362629408      70588 2 6 40.0 100.0 
 282 1362629408      80599 2 6 40.0 100.0 
 282 1362629408      90591 2 6 40.0 100.0 
 282 1362629408     100594 2 6 40.0 100.0 
 282 1362629408     110600 2 6 40.0 100.0 
 281 1362629408     120620 2 6 40.0 100.0 
 282 1362629408     130629 2 6 40.0 100.0 
 281 1362629408     140634 2 6 40.0 100.0 
 282 1362629408     150628 2 6 40.0 100.0 
 281 1362629408     160648 2 6 40.0 100.0 
 282 1362629408     170664 2 6 40.0 100.0 
 282 1362629408     180611 2 6 40.0 100.0 
 282 1362629408     190624 2 6 40.0 100.0 
 282 1362629408     200695 2 6 40.0 100.0 
 282 1362629408     210650 2 6 40.0 100.0 
 281 1362629408     220654 2 6 40.0 100.0 
 282 1362629408     230667 2 6 40.0 100.0 
 282 1362629408     240673 2 6 40.0 100.0 
 282 1362629408     250685 2 6 40.0 100.0 
 281 1362629408     260715 2 6 40.0 100.0 
 282 1362629408     270734 2 6 40.0 100.0 
 282 1362629408     280678 2 6 40.0 100.0 
 281 1362629408     290716 2 6 40.0 100.0 
 281 1362629408     300702 2 6 40.0 100.0 
 282 1362629408     310710 2 6 40.0 100.0 
 282 1362629408     320718 2 6 40.0 100.0 
