 156 1362629417     556869 2 6 40.0 50.0 
 156 1362629417     566861 2 6 40.0 50.0 
 156 1362629417     576852 2 6 40.0 50.0 
 157 1362629417     586874 2 6 40.0 50.0 
 156 1362629417     596866 2 6 40.0 50.0 
 156 1362629417     606848 2 6 40.0 50.0 
 156 1362629417     616907 2 6 40.0 50.0 
 156 1362629417     626888 2 6 40.0 50.0 
 156 1362629417     636927 2 6 40.0 50.0 
 156 1362629417     646916 2 6 40.0 50.0 
 156 1362629417     656898 2 6 40.0 50.0 
 157 1362629417     666946 2 6 40.0 50.0 
 156 1362629417     676917 2 6 40.0 50.0 
 155 1362629417     686962 2 6 40.0 50.0 
 156 1362629417     696950 2 6 40.0 50.0 
 157 1362629417     706937 2 6 40.0 50.0 
 156 1362629417     716921 2 6 40.0 50.0 
 156 1362629417     726987 2 6 40.0 50.0 
 156 1362629417     736977 2 6 40.0 50.0 
 156 1362629417     746949 2 6 40.0 50.0 
 156 1362629417     757001 2 6 40.0 50.0 
 156 1362629417     766987 2 6 40.0 50.0 
 156 1362629417     776979 2 6 40.0 50.0 
 156 1362629417     787032 2 6 40.0 50.0 
 156 1362629417     797025 2 6 40.0 50.0 
 156 1362629417     807003 2 6 40.0 50.0 
 156 1362629417     817040 2 6 40.0 50.0 
 156 1362629417     827024 2 6 40.0 50.0 
 157 1362629417     837036 2 6 40.0 50.0 
 156 1362629417     847042 2 6 40.0 50.0 
 156 1362629417     857025 2 6 40.0 50.0 
 156 1362629417     867030 2 6 40.0 50.0 
 156 1362629417     877053 2 6 40.0 50.0 
 156 1362629417     887097 2 6 40.0 50.0 
 156 1362629417     897072 2 6 40.0 50.0 
 156 1362629417     907112 2 6 40.0 50.0 
 156 1362629417     917073 2 6 40.0 50.0 
 156 1362629417     927072 2 6 40.0 50.0 
 156 1362629417     937125 2 6 40.0 50.0 
 156 1362629417     947118 2 6 40.0 50.0 
 157 1362629417     957106 2 6 40.0 50.0 
 156 1362629417     967150 2 6 40.0 50.0 
 157 1362629417     977125 2 6 40.0 50.0 
 156 1362629417     987105 2 6 40.0 50.0 
 156 1362629417     997142 2 6 40.0 50.0 
 156 1362629418       7124 2 6 40.0 50.0 
 156 1362629418      17157 2 6 40.0 50.0 
 156 1362629418      27136 2 6 40.0 50.0 
 156 1362629418      37200 2 6 40.0 50.0 
 156 1362629418      47175 2 6 40.0 50.0 
 156 1362629418      57213 2 6 40.0 50.0 
 156 1362629418      67170 2 6 40.0 50.0 
 156 1362629418      77212 2 6 40.0 50.0 
 156 1362629418      87196 2 6 40.0 50.0 
 157 1362629418      97234 2 6 40.0 50.0 
 157 1362629418     107219 2 6 40.0 50.0 
 156 1362629418     117256 2 6 40.0 50.0 
 156 1362629418     127217 2 6 40.0 50.0 
 157 1362629418     137261 2 6 40.0 50.0 
 156 1362629418     147237 2 6 40.0 50.0 
 155 1362629418     157286 2 6 40.0 50.0 
 156 1362629418     167256 2 6 40.0 50.0 
 157 1362629418     177228 2 6 40.0 50.0 
 156 1362629418     187301 2 6 40.0 50.0 
 156 1362629418     197288 2 6 40.0 50.0 
 156 1362629418     207250 2 6 40.0 50.0 
 157 1362629418     217295 2 6 40.0 50.0 
 156 1362629418     227274 2 6 40.0 50.0 
 156 1362629418     237316 2 6 40.0 50.0 
 156 1362629418     247302 2 6 40.0 50.0 
 156 1362629418     257286 2 6 40.0 50.0 
 156 1362629418     267318 2 6 40.0 50.0 
 157 1362629418     277302 2 6 40.0 50.0 
 156 1362629418     287353 2 6 40.0 50.0 
 156 1362629418     297325 2 6 40.0 50.0 
 156 1362629418     307375 2 6 40.0 50.0 
 156 1362629418     317340 2 6 40.0 50.0 
 156 1362629418     327385 2 6 40.0 50.0 
 157 1362629418     337375 2 6 40.0 50.0 
 156 1362629418     347362 2 6 40.0 50.0 
 156 1362629418     357355 2 6 40.0 50.0 
 156 1362629418     367399 2 6 40.0 50.0 
 156 1362629418     377364 2 6 40.0 50.0 
 156 1362629418     387386 2 6 40.0 50.0 
 156 1362629418     397376 2 6 40.0 50.0 
 156 1362629418     407422 2 6 40.0 50.0 
 157 1362629418     417452 2 6 40.0 50.0 
 156 1362629418     427428 2 6 40.0 50.0 
 156 1362629418     437409 2 6 40.0 50.0 
 156 1362629418     447467 2 6 40.0 50.0 
 156 1362629418     457441 2 6 40.0 50.0 
 156 1362629418     467477 2 6 40.0 50.0 
 156 1362629418     477455 2 6 40.0 50.0 
 157 1362629418     487490 2 6 40.0 50.0 
 156 1362629418     497480 2 6 40.0 50.0 
 156 1362629418     507455 2 6 40.0 50.0 
 156 1362629418     517487 2 6 40.0 50.0 
 156 1362629418     527456 2 6 40.0 50.0 
 156 1362629418     537513 2 6 40.0 50.0 
 156 1362629418     547473 2 6 40.0 50.0 
