 272 1362630659     718752 3 10 40.0 50.0 
 272 1362630659     728722 3 10 40.0 50.0 
 272 1362630659     738721 3 10 40.0 50.0 
 272 1362630659     748720 3 10 40.0 50.0 
 272 1362630659     758765 3 10 40.0 50.0 
 272 1362630659     768754 3 10 40.0 50.0 
 273 1362630659     778737 3 10 40.0 50.0 
 273 1362630659     788773 3 10 40.0 50.0 
 272 1362630659     798763 3 10 40.0 50.0 
 272 1362630659     808784 3 10 40.0 50.0 
 272 1362630659     818772 3 10 40.0 50.0 
 272 1362630659     828809 3 10 40.0 50.0 
 273 1362630659     838808 3 10 40.0 50.0 
 272 1362630659     848783 3 10 40.0 50.0 
 271 1362630659     858767 3 10 40.0 50.0 
 271 1362630659     868814 3 10 40.0 50.0 
 273 1362630659     878837 3 10 40.0 50.0 
 273 1362630659     888818 3 10 40.0 50.0 
 272 1362630659     898790 3 10 40.0 50.0 
 272 1362630659     908848 3 10 40.0 50.0 
 272 1362630659     918827 3 10 40.0 50.0 
 272 1362630659     928867 3 10 40.0 50.0 
 272 1362630659     938847 3 10 40.0 50.0 
 272 1362630659     948823 3 10 40.0 50.0 
 272 1362630659     958873 3 10 40.0 50.0 
 271 1362630659     968850 3 10 40.0 50.0 
 272 1362630659     978892 3 10 40.0 50.0 
 272 1362630659     988876 3 10 40.0 50.0 
 272 1362630659     998915 3 10 40.0 50.0 
 272 1362630660       8869 3 10 40.0 50.0 
 272 1362630660      18918 3 10 40.0 50.0 
 272 1362630660      28897 3 10 40.0 50.0 
 272 1362630660      38946 3 10 40.0 50.0 
 272 1362630660      48942 3 10 40.0 50.0 
 272 1362630660      58903 3 10 40.0 50.0 
 272 1362630660      68966 3 10 40.0 50.0 
 272 1362630660      78936 3 10 40.0 50.0 
 271 1362630660      88919 3 10 40.0 50.0 
 273 1362630660      98970 3 10 40.0 50.0 
 273 1362630660     108959 3 10 40.0 50.0 
 271 1362630660     118943 3 10 40.0 50.0 
 272 1362630660     128988 3 10 40.0 50.0 
 273 1362630660     138994 3 10 40.0 50.0 
 272 1362630660     148980 3 10 40.0 50.0 
 272 1362630660     159021 3 10 40.0 50.0 
 272 1362630660     169005 3 10 40.0 50.0 
 272 1362630660     178987 3 10 40.0 50.0 
 272 1362630660     189046 3 10 40.0 50.0 
 273 1362630660     199017 3 10 40.0 50.0 
 272 1362630660     209005 3 10 40.0 50.0 
 272 1362630660     219060 3 10 40.0 50.0 
 272 1362630660     229017 3 10 40.0 50.0 
 272 1362630660     239066 3 10 40.0 50.0 
 272 1362630660     249056 3 10 40.0 50.0 
 272 1362630660     259048 3 10 40.0 50.0 
 272 1362630660     269036 3 10 40.0 50.0 
 272 1362630660     279067 3 10 40.0 50.0 
 272 1362630660     289069 3 10 40.0 50.0 
 273 1362630660     299117 3 10 40.0 50.0 
 272 1362630660     309126 3 10 40.0 50.0 
 272 1362630660     319111 3 10 40.0 50.0 
 272 1362630660     329100 3 10 40.0 50.0 
 272 1362630660     339092 3 10 40.0 50.0 
 272 1362630660     349157 3 10 40.0 50.0 
 272 1362630660     359147 3 10 40.0 50.0 
 272 1362630660     369128 3 10 40.0 50.0 
 272 1362630660     379113 3 10 40.0 50.0 
 272 1362630660     389168 3 10 40.0 50.0 
 273 1362630660     399154 3 10 40.0 50.0 
 272 1362630660     409131 3 10 40.0 50.0 
 273 1362630660     419192 3 10 40.0 50.0 
 272 1362630660     429168 3 10 40.0 50.0 
 272 1362630660     439213 3 10 40.0 50.0 
 272 1362630660     449191 3 10 40.0 50.0 
 272 1362630660     459176 3 10 40.0 50.0 
 272 1362630660     469226 3 10 40.0 50.0 
 272 1362630660     479190 3 10 40.0 50.0 
 272 1362630660     489245 3 10 40.0 50.0 
 272 1362630660     499218 3 10 40.0 50.0 
 273 1362630660     509193 3 10 40.0 50.0 
 272 1362630660     519234 3 10 40.0 50.0 
 271 1362630660     529251 3 10 40.0 50.0 
 272 1362630660     539231 3 10 40.0 50.0 
 272 1362630660     549223 3 10 40.0 50.0 
 272 1362630660     559272 3 10 40.0 50.0 
 271 1362630660     569244 3 10 40.0 50.0 
 272 1362630660     579266 3 10 40.0 50.0 
 272 1362630660     589255 3 10 40.0 50.0 
 272 1362630660     599307 3 10 40.0 50.0 
 272 1362630660     609328 3 10 40.0 50.0 
 272 1362630660     619303 3 10 40.0 50.0 
 271 1362630660     629337 3 10 40.0 50.0 
 272 1362630660     639324 3 10 40.0 50.0 
 272 1362630660     649309 3 10 40.0 50.0 
 272 1362630660     659363 3 10 40.0 50.0 
 272 1362630660     669335 3 10 40.0 50.0 
 272 1362630660     679324 3 10 40.0 50.0 
 272 1362630660     689380 3 10 40.0 50.0 
 272 1362630660     699353 3 10 40.0 50.0 
 272 1362630660     709381 3 10 40.0 50.0 
