 442 1362630426     364308 3 6 40.0 100.0 
 441 1362630426     374344 3 6 40.0 100.0 
 442 1362630426     384334 3 6 40.0 100.0 
 442 1362630426     394326 3 6 40.0 100.0 
 441 1362630426     404330 3 6 40.0 100.0 
 442 1362630426     414312 3 6 40.0 100.0 
 442 1362630426     424349 3 6 40.0 100.0 
 441 1362630426     434364 3 6 40.0 100.0 
 441 1362630426     444400 3 6 40.0 100.0 
 442 1362630426     454367 3 6 40.0 100.0 
 441 1362630426     464395 3 6 40.0 100.0 
 442 1362630426     474389 3 6 40.0 100.0 
 441 1362630426     484426 3 6 40.0 100.0 
 441 1362630426     494378 3 6 40.0 100.0 
 442 1362630426     504408 3 6 40.0 100.0 
 441 1362630426     514397 3 6 40.0 100.0 
 443 1362630426     524425 3 6 40.0 100.0 
 442 1362630426     534405 3 6 40.0 100.0 
 440 1362630426     544453 3 6 40.0 100.0 
 442 1362630426     554422 3 6 40.0 100.0 
 441 1362630426     564456 3 6 40.0 100.0 
 441 1362630426     574478 3 6 40.0 100.0 
 441 1362630426     584447 3 6 40.0 100.0 
 441 1362630426     594466 3 6 40.0 100.0 
 442 1362630426     604505 3 6 40.0 100.0 
 442 1362630426     614476 3 6 40.0 100.0 
 441 1362630426     624503 3 6 40.0 100.0 
 441 1362630426     634529 3 6 40.0 100.0 
 442 1362630426     644483 3 6 40.0 100.0 
 442 1362630426     654519 3 6 40.0 100.0 
 442 1362630426     664476 3 6 40.0 100.0 
 441 1362630426     674514 3 6 40.0 100.0 
 441 1362630426     684551 3 6 40.0 100.0 
 442 1362630426     694513 3 6 40.0 100.0 
 442 1362630426     704546 3 6 40.0 100.0 
 441 1362630426     714579 3 6 40.0 100.0 
 442 1362630426     724559 3 6 40.0 100.0 
 441 1362630426     734576 3 6 40.0 100.0 
 441 1362630426     744549 3 6 40.0 100.0 
 441 1362630426     754589 3 6 40.0 100.0 
 442 1362630426     764568 3 6 40.0 100.0 
 441 1362630426     774590 3 6 40.0 100.0 
 442 1362630426     784614 3 6 40.0 100.0 
 442 1362630426     794604 3 6 40.0 100.0 
 442 1362630426     804629 3 6 40.0 100.0 
 442 1362630426     814598 3 6 40.0 100.0 
 441 1362630426     824636 3 6 40.0 100.0 
 442 1362630426     834628 3 6 40.0 100.0 
 442 1362630426     844599 3 6 40.0 100.0 
 440 1362630426     854620 3 6 40.0 100.0 
 441 1362630426     864656 3 6 40.0 100.0 
 441 1362630426     874619 3 6 40.0 100.0 
 442 1362630426     884664 3 6 40.0 100.0 
 442 1362630426     894692 3 6 40.0 100.0 
 442 1362630426     904660 3 6 40.0 100.0 
 441 1362630426     914696 3 6 40.0 100.0 
 442 1362630426     924718 3 6 40.0 100.0 
 441 1362630426     934688 3 6 40.0 100.0 
 441 1362630426     944663 3 6 40.0 100.0 
 442 1362630426     954702 3 6 40.0 100.0 
 442 1362630426     964738 3 6 40.0 100.0 
 441 1362630426     974700 3 6 40.0 100.0 
 442 1362630426     984738 3 6 40.0 100.0 
 442 1362630426     994740 3 6 40.0 100.0 
 441 1362630427       4745 3 6 40.0 100.0 
 441 1362630427      14715 3 6 40.0 100.0 
 442 1362630427      24743 3 6 40.0 100.0 
 442 1362630427      34731 3 6 40.0 100.0 
 441 1362630427      44795 3 6 40.0 100.0 
 441 1362630427      54783 3 6 40.0 100.0 
 441 1362630427      64756 3 6 40.0 100.0 
 441 1362630427      74802 3 6 40.0 100.0 
 442 1362630427      84781 3 6 40.0 100.0 
 441 1362630427      94779 3 6 40.0 100.0 
 442 1362630427     104774 3 6 40.0 100.0 
 441 1362630427     114790 3 6 40.0 100.0 
 442 1362630427     124784 3 6 40.0 100.0 
 442 1362630427     134863 3 6 40.0 100.0 
 441 1362630427     144852 3 6 40.0 100.0 
 442 1362630427     154850 3 6 40.0 100.0 
 442 1362630427     164867 3 6 40.0 100.0 
 441 1362630427     174848 3 6 40.0 100.0 
 442 1362630427     184872 3 6 40.0 100.0 
 441 1362630427     194877 3 6 40.0 100.0 
 442 1362630427     204898 3 6 40.0 100.0 
 442 1362630427     214869 3 6 40.0 100.0 
 442 1362630427     224876 3 6 40.0 100.0 
 441 1362630427     234920 3 6 40.0 100.0 
 442 1362630427     244894 3 6 40.0 100.0 
 442 1362630427     254924 3 6 40.0 100.0 
 442 1362630427     264909 3 6 40.0 100.0 
 442 1362630427     274934 3 6 40.0 100.0 
 442 1362630427     284895 3 6 40.0 100.0 
 441 1362630427     294925 3 6 40.0 100.0 
 441 1362630427     304968 3 6 40.0 100.0 
 442 1362630427     314936 3 6 40.0 100.0 
 442 1362630427     324965 3 6 40.0 100.0 
 442 1362630427     334994 3 6 40.0 100.0 
 441 1362630427     344953 3 6 40.0 100.0 
 442 1362630427     354987 3 6 40.0 100.0 
