 273 1362629954     552252 3 2 40.0 50.0 
 273 1362629954     562129 3 2 40.0 50.0 
 272 1362629954     572181 3 2 40.0 50.0 
 273 1362629954     582158 3 2 40.0 50.0 
 273 1362629954     592201 3 2 40.0 50.0 
 273 1362629954     602160 3 2 40.0 50.0 
 272 1362629954     612214 3 2 40.0 50.0 
 273 1362629954     622167 3 2 40.0 50.0 
 273 1362629954     632197 3 2 40.0 50.0 
 273 1362629954     642226 3 2 40.0 50.0 
 273 1362629954     652185 3 2 40.0 50.0 
 273 1362629954     662206 3 2 40.0 50.0 
 273 1362629954     672242 3 2 40.0 50.0 
 273 1362629954     682259 3 2 40.0 50.0 
 273 1362629954     692228 3 2 40.0 50.0 
 272 1362629954     702250 3 2 40.0 50.0 
 273 1362629954     712271 3 2 40.0 50.0 
 273 1362629954     722221 3 2 40.0 50.0 
 273 1362629954     732248 3 2 40.0 50.0 
 273 1362629954     742288 3 2 40.0 50.0 
 273 1362629954     752250 3 2 40.0 50.0 
 273 1362629954     762275 3 2 40.0 50.0 
 273 1362629954     772294 3 2 40.0 50.0 
 273 1362629954     782320 3 2 40.0 50.0 
 272 1362629954     792292 3 2 40.0 50.0 
 273 1362629954     802312 3 2 40.0 50.0 
 274 1362629954     812328 3 2 40.0 50.0 
 273 1362629954     822310 3 2 40.0 50.0 
 272 1362629954     832334 3 2 40.0 50.0 
 273 1362629954     842355 3 2 40.0 50.0 
 273 1362629954     852326 3 2 40.0 50.0 
 272 1362629954     862346 3 2 40.0 50.0 
 273 1362629954     872373 3 2 40.0 50.0 
 273 1362629954     882345 3 2 40.0 50.0 
 273 1362629954     892354 3 2 40.0 50.0 
 273 1362629954     902399 3 2 40.0 50.0 
 272 1362629954     912354 3 2 40.0 50.0 
 273 1362629954     922382 3 2 40.0 50.0 
 273 1362629954     932361 3 2 40.0 50.0 
 273 1362629954     942382 3 2 40.0 50.0 
 273 1362629954     952419 3 2 40.0 50.0 
 272 1362629954     962444 3 2 40.0 50.0 
 273 1362629954     972406 3 2 40.0 50.0 
 273 1362629954     982450 3 2 40.0 50.0 
 273 1362629954     992450 3 2 40.0 50.0 
 272 1362629955       2410 3 2 40.0 50.0 
 273 1362629955      12456 3 2 40.0 50.0 
 273 1362629955      22442 3 2 40.0 50.0 
 273 1362629955      32476 3 2 40.0 50.0 
 272 1362629955      42454 3 2 40.0 50.0 
 273 1362629955      52495 3 2 40.0 50.0 
 273 1362629955      62490 3 2 40.0 50.0 
 273 1362629955      72470 3 2 40.0 50.0 
 272 1362629955      82499 3 2 40.0 50.0 
 273 1362629955      92498 3 2 40.0 50.0 
 273 1362629955     102494 3 2 40.0 50.0 
 273 1362629955     112506 3 2 40.0 50.0 
 272 1362629955     122511 3 2 40.0 50.0 
 272 1362629955     132555 3 2 40.0 50.0 
 273 1362629955     142559 3 2 40.0 50.0 
 273 1362629955     152556 3 2 40.0 50.0 
 272 1362629955     162559 3 2 40.0 50.0 
 273 1362629955     172559 3 2 40.0 50.0 
 273 1362629955     182545 3 2 40.0 50.0 
 273 1362629955     192573 3 2 40.0 50.0 
 272 1362629955     202576 3 2 40.0 50.0 
 273 1362629955     212605 3 2 40.0 50.0 
 273 1362629955     222563 3 2 40.0 50.0 
 273 1362629955     232584 3 2 40.0 50.0 
 273 1362629955     242622 3 2 40.0 50.0 
 272 1362629955     252587 3 2 40.0 50.0 
 273 1362629955     262623 3 2 40.0 50.0 
 273 1362629955     272623 3 2 40.0 50.0 
 273 1362629955     282648 3 2 40.0 50.0 
 273 1362629955     292667 3 2 40.0 50.0 
 272 1362629955     302628 3 2 40.0 50.0 
 273 1362629955     312657 3 2 40.0 50.0 
 273 1362629955     322680 3 2 40.0 50.0 
 273 1362629955     332647 3 2 40.0 50.0 
 272 1362629955     342658 3 2 40.0 50.0 
 273 1362629955     352639 3 2 40.0 50.0 
 273 1362629955     362657 3 2 40.0 50.0 
 273 1362629955     372680 3 2 40.0 50.0 
 272 1362629955     382694 3 2 40.0 50.0 
 272 1362629955     392724 3 2 40.0 50.0 
 273 1362629955     402689 3 2 40.0 50.0 
 273 1362629955     412702 3 2 40.0 50.0 
 272 1362629955     422683 3 2 40.0 50.0 
 272 1362629955     432715 3 2 40.0 50.0 
 273 1362629955     442742 3 2 40.0 50.0 
 273 1362629955     452710 3 2 40.0 50.0 
 273 1362629955     462737 3 2 40.0 50.0 
 272 1362629955     472753 3 2 40.0 50.0 
 273 1362629955     482773 3 2 40.0 50.0 
 273 1362629955     492742 3 2 40.0 50.0 
 273 1362629955     502765 3 2 40.0 50.0 
 272 1362629955     512777 3 2 40.0 50.0 
 273 1362629955     522817 3 2 40.0 50.0 
 273 1362629955     532795 3 2 40.0 50.0 
 273 1362629955     542829 3 2 40.0 50.0 
