 595 1362624677     351483 1 4 40.0 150.0 
 595 1362624677     361378 1 4 40.0 150.0 
 595 1362624677     371474 1 4 40.0 150.0 
 594 1362624677     381460 1 4 40.0 150.0 
 595 1362624677     391344 1 4 40.0 150.0 
 595 1362624677     401467 1 4 40.0 150.0 
 595 1362624677     411501 1 4 40.0 150.0 
 595 1362624677     421477 1 4 40.0 150.0 
 596 1362624677     431378 1 4 40.0 150.0 
 595 1362624677     441434 1 4 40.0 150.0 
 595 1362624677     451449 1 4 40.0 150.0 
 595 1362624677     461532 1 4 40.0 150.0 
 595 1362624677     471499 1 4 40.0 150.0 
 594 1362624677     481494 1 4 40.0 150.0 
 595 1362624677     491470 1 4 40.0 150.0 
 595 1362624677     501433 1 4 40.0 150.0 
 595 1362624677     511574 1 4 40.0 150.0 
 595 1362624677     521489 1 4 40.0 150.0 
 594 1362624677     531449 1 4 40.0 150.0 
 595 1362624677     541501 1 4 40.0 150.0 
 594 1362624677     551455 1 4 40.0 150.0 
 595 1362624677     561430 1 4 40.0 150.0 
 595 1362624677     571465 1 4 40.0 150.0 
 594 1362624677     581461 1 4 40.0 150.0 
 595 1362624677     591477 1 4 40.0 150.0 
 595 1362624677     601500 1 4 40.0 150.0 
 595 1362624677     611476 1 4 40.0 150.0 
 595 1362624677     621518 1 4 40.0 150.0 
 594 1362624677     631465 1 4 40.0 150.0 
 595 1362624677     641490 1 4 40.0 150.0 
 594 1362624677     651484 1 4 40.0 150.0 
 595 1362624677     661491 1 4 40.0 150.0 
 594 1362624677     671505 1 4 40.0 150.0 
 594 1362624677     681514 1 4 40.0 150.0 
 595 1362624677     691542 1 4 40.0 150.0 
 595 1362624677     701573 1 4 40.0 150.0 
 595 1362624677     711552 1 4 40.0 150.0 
 594 1362624677     721581 1 4 40.0 150.0 
 595 1362624677     731534 1 4 40.0 150.0 
 595 1362624677     741546 1 4 40.0 150.0 
 594 1362624677     751568 1 4 40.0 150.0 
 595 1362624677     761550 1 4 40.0 150.0 
 595 1362624677     771565 1 4 40.0 150.0 
 595 1362624677     781607 1 4 40.0 150.0 
 595 1362624677     791572 1 4 40.0 150.0 
 594 1362624677     801611 1 4 40.0 150.0 
 595 1362624677     811603 1 4 40.0 150.0 
 595 1362624677     821620 1 4 40.0 150.0 
 595 1362624677     831594 1 4 40.0 150.0 
 595 1362624677     841604 1 4 40.0 150.0 
 594 1362624677     851624 1 4 40.0 150.0 
 595 1362624677     861620 1 4 40.0 150.0 
 595 1362624677     871644 1 4 40.0 150.0 
 594 1362624677     881669 1 4 40.0 150.0 
 594 1362624677     891689 1 4 40.0 150.0 
 595 1362624677     901646 1 4 40.0 150.0 
 595 1362624677     911697 1 4 40.0 150.0 
 595 1362624677     921711 1 4 40.0 150.0 
 594 1362624677     931675 1 4 40.0 150.0 
 595 1362624677     941703 1 4 40.0 150.0 
 595 1362624677     951720 1 4 40.0 150.0 
 594 1362624677     961739 1 4 40.0 150.0 
 594 1362624677     971707 1 4 40.0 150.0 
 595 1362624677     981738 1 4 40.0 150.0 
 595 1362624677     991754 1 4 40.0 150.0 
 594 1362624678       1723 1 4 40.0 150.0 
 595 1362624678      11744 1 4 40.0 150.0 
 595 1362624678      21754 1 4 40.0 150.0 
 595 1362624678      31766 1 4 40.0 150.0 
 595 1362624678      41784 1 4 40.0 150.0 
 594 1362624678      51807 1 4 40.0 150.0 
 594 1362624678      61762 1 4 40.0 150.0 
 594 1362624678      71796 1 4 40.0 150.0 
 595 1362624678      81820 1 4 40.0 150.0 
 595 1362624678      91781 1 4 40.0 150.0 
 594 1362624678     101821 1 4 40.0 150.0 
 595 1362624678     111838 1 4 40.0 150.0 
 595 1362624678     121808 1 4 40.0 150.0 
 595 1362624678     131824 1 4 40.0 150.0 
 595 1362624678     141844 1 4 40.0 150.0 
 594 1362624678     151807 1 4 40.0 150.0 
 594 1362624678     161839 1 4 40.0 150.0 
 595 1362624678     171863 1 4 40.0 150.0 
 594 1362624678     181824 1 4 40.0 150.0 
 595 1362624678     191852 1 4 40.0 150.0 
 595 1362624678     201886 1 4 40.0 150.0 
 595 1362624678     211903 1 4 40.0 150.0 
 595 1362624678     221857 1 4 40.0 150.0 
 594 1362624678     231901 1 4 40.0 150.0 
 596 1362624678     241933 1 4 40.0 150.0 
 595 1362624678     251891 1 4 40.0 150.0 
 594 1362624678     261917 1 4 40.0 150.0 
 594 1362624678     271943 1 4 40.0 150.0 
 595 1362624678     281904 1 4 40.0 150.0 
 594 1362624678     291934 1 4 40.0 150.0 
 594 1362624678     301929 1 4 40.0 150.0 
 595 1362624678     311942 1 4 40.0 150.0 
 593 1362624678     321979 1 4 40.0 150.0 
 595 1362624678     331985 1 4 40.0 150.0 
 595 1362624678     341950 1 4 40.0 150.0 
