 546 1362624949     911486 1 7 40.0 150.0 
 546 1362624949     921428 1 7 40.0 150.0 
 546 1362624949     931484 1 7 40.0 150.0 
 545 1362624949     941461 1 7 40.0 150.0 
 545 1362624949     951480 1 7 40.0 150.0 
 547 1362624949     961499 1 7 40.0 150.0 
 546 1362624949     971468 1 7 40.0 150.0 
 546 1362624949     981473 1 7 40.0 150.0 
 546 1362624949     991496 1 7 40.0 150.0 
 547 1362624950       1519 1 7 40.0 150.0 
 546 1362624950      11485 1 7 40.0 150.0 
 546 1362624950      21508 1 7 40.0 150.0 
 546 1362624950      31553 1 7 40.0 150.0 
 545 1362624950      41572 1 7 40.0 150.0 
 546 1362624950      51525 1 7 40.0 150.0 
 546 1362624950      61555 1 7 40.0 150.0 
 546 1362624950      71568 1 7 40.0 150.0 
 546 1362624950      81589 1 7 40.0 150.0 
 546 1362624950      91559 1 7 40.0 150.0 
 546 1362624950     101601 1 7 40.0 150.0 
 547 1362624950     111616 1 7 40.0 150.0 
 546 1362624950     121568 1 7 40.0 150.0 
 546 1362624950     131598 1 7 40.0 150.0 
 546 1362624950     141606 1 7 40.0 150.0 
 546 1362624950     151580 1 7 40.0 150.0 
 546 1362624950     161613 1 7 40.0 150.0 
 546 1362624950     171632 1 7 40.0 150.0 
 546 1362624950     181610 1 7 40.0 150.0 
 546 1362624950     191619 1 7 40.0 150.0 
 545 1362624950     201665 1 7 40.0 150.0 
 546 1362624950     211621 1 7 40.0 150.0 
 546 1362624950     221648 1 7 40.0 150.0 
 546 1362624950     231675 1 7 40.0 150.0 
 546 1362624950     241692 1 7 40.0 150.0 
 545 1362624950     251650 1 7 40.0 150.0 
 547 1362624950     261677 1 7 40.0 150.0 
 545 1362624950     271718 1 7 40.0 150.0 
 546 1362624950     281668 1 7 40.0 150.0 
 545 1362624950     291687 1 7 40.0 150.0 
 546 1362624950     301731 1 7 40.0 150.0 
 546 1362624950     311686 1 7 40.0 150.0 
 546 1362624950     321726 1 7 40.0 150.0 
 545 1362624950     331747 1 7 40.0 150.0 
 546 1362624950     341770 1 7 40.0 150.0 
 546 1362624950     351724 1 7 40.0 150.0 
 547 1362624950     361742 1 7 40.0 150.0 
 546 1362624950     371762 1 7 40.0 150.0 
 547 1362624950     381745 1 7 40.0 150.0 
 547 1362624950     391763 1 7 40.0 150.0 
 546 1362624950     401796 1 7 40.0 150.0 
 546 1362624950     411763 1 7 40.0 150.0 
 546 1362624950     421789 1 7 40.0 150.0 
 546 1362624950     431828 1 7 40.0 150.0 
 546 1362624950     441778 1 7 40.0 150.0 
 546 1362624950     451803 1 7 40.0 150.0 
 546 1362624950     461834 1 7 40.0 150.0 
 546 1362624950     471850 1 7 40.0 150.0 
 546 1362624950     481800 1 7 40.0 150.0 
 546 1362624950     491825 1 7 40.0 150.0 
 545 1362624950     501863 1 7 40.0 150.0 
 546 1362624950     511820 1 7 40.0 150.0 
 546 1362624950     521863 1 7 40.0 150.0 
 545 1362624950     531827 1 7 40.0 150.0 
 546 1362624950     541852 1 7 40.0 150.0 
 546 1362624950     551883 1 7 40.0 150.0 
 547 1362624950     561915 1 7 40.0 150.0 
 546 1362624950     571880 1 7 40.0 150.0 
 546 1362624950     581923 1 7 40.0 150.0 
 546 1362624950     591890 1 7 40.0 150.0 
 545 1362624950     601924 1 7 40.0 150.0 
 546 1362624950     611888 1 7 40.0 150.0 
 547 1362624950     621918 1 7 40.0 150.0 
 546 1362624950     631944 1 7 40.0 150.0 
 547 1362624950     641968 1 7 40.0 150.0 
 546 1362624950     651938 1 7 40.0 150.0 
 546 1362624950     661915 1 7 40.0 150.0 
 546 1362624950     671935 1 7 40.0 150.0 
 546 1362624950     681958 1 7 40.0 150.0 
 546 1362624950     691995 1 7 40.0 150.0 
 546 1362624950     701959 1 7 40.0 150.0 
 546 1362624950     711972 1 7 40.0 150.0 
 545 1362624950     722002 1 7 40.0 150.0 
 546 1362624950     731973 1 7 40.0 150.0 
 546 1362624950     741994 1 7 40.0 150.0 
 546 1362624950     752028 1 7 40.0 150.0 
 546 1362624950     761991 1 7 40.0 150.0 
 546 1362624950     772021 1 7 40.0 150.0 
 547 1362624950     782060 1 7 40.0 150.0 
 546 1362624950     792027 1 7 40.0 150.0 
 546 1362624950     802067 1 7 40.0 150.0 
 546 1362624950     812029 1 7 40.0 150.0 
 547 1362624950     822052 1 7 40.0 150.0 
 545 1362624950     832087 1 7 40.0 150.0 
 546 1362624950     842102 1 7 40.0 150.0 
 546 1362624950     852045 1 7 40.0 150.0 
 547 1362624950     862081 1 7 40.0 150.0 
 547 1362624950     872070 1 7 40.0 150.0 
 546 1362624950     882096 1 7 40.0 150.0 
 546 1362624950     892126 1 7 40.0 150.0 
 546 1362624950     902094 1 7 40.0 150.0 
