 272 1362624898      37229 1 6 40.0 50.0 
 272 1362624898      47205 1 6 40.0 50.0 
 272 1362624898      57215 1 6 40.0 50.0 
 272 1362624898      67213 1 6 40.0 50.0 
 272 1362624898      77170 1 6 40.0 50.0 
 273 1362624898      87208 1 6 40.0 50.0 
 272 1362624898      97175 1 6 40.0 50.0 
 272 1362624898     107227 1 6 40.0 50.0 
 272 1362624898     117201 1 6 40.0 50.0 
 271 1362624898     127258 1 6 40.0 50.0 
 272 1362624898     137244 1 6 40.0 50.0 
 272 1362624898     147214 1 6 40.0 50.0 
 272 1362624898     157242 1 6 40.0 50.0 
 273 1362624898     167241 1 6 40.0 50.0 
 271 1362624898     177294 1 6 40.0 50.0 
 272 1362624898     187273 1 6 40.0 50.0 
 272 1362624898     197306 1 6 40.0 50.0 
 272 1362624898     207298 1 6 40.0 50.0 
 273 1362624898     217254 1 6 40.0 50.0 
 271 1362624898     227308 1 6 40.0 50.0 
 272 1362624898     237285 1 6 40.0 50.0 
 272 1362624898     247319 1 6 40.0 50.0 
 271 1362624898     257302 1 6 40.0 50.0 
 273 1362624898     267338 1 6 40.0 50.0 
 272 1362624898     277340 1 6 40.0 50.0 
 272 1362624898     287312 1 6 40.0 50.0 
 272 1362624898     297375 1 6 40.0 50.0 
 271 1362624898     307358 1 6 40.0 50.0 
 272 1362624898     317317 1 6 40.0 50.0 
 272 1362624898     327380 1 6 40.0 50.0 
 272 1362624898     337333 1 6 40.0 50.0 
 272 1362624898     347383 1 6 40.0 50.0 
 272 1362624898     357356 1 6 40.0 50.0 
 272 1362624898     367391 1 6 40.0 50.0 
 272 1362624898     377366 1 6 40.0 50.0 
 272 1362624898     387428 1 6 40.0 50.0 
 273 1362624898     397403 1 6 40.0 50.0 
 272 1362624898     407384 1 6 40.0 50.0 
 272 1362624898     417437 1 6 40.0 50.0 
 272 1362624898     427419 1 6 40.0 50.0 
 272 1362624898     437463 1 6 40.0 50.0 
 272 1362624898     447438 1 6 40.0 50.0 
 271 1362624898     457415 1 6 40.0 50.0 
 272 1362624898     467468 1 6 40.0 50.0 
 272 1362624898     477437 1 6 40.0 50.0 
 272 1362624898     487498 1 6 40.0 50.0 
 272 1362624898     497497 1 6 40.0 50.0 
 272 1362624898     507479 1 6 40.0 50.0 
 272 1362624898     517465 1 6 40.0 50.0 
 272 1362624898     527503 1 6 40.0 50.0 
 272 1362624898     537485 1 6 40.0 50.0 
 272 1362624898     547537 1 6 40.0 50.0 
 272 1362624898     557508 1 6 40.0 50.0 
 272 1362624898     567495 1 6 40.0 50.0 
 272 1362624898     577546 1 6 40.0 50.0 
 272 1362624898     587524 1 6 40.0 50.0 
 272 1362624898     597562 1 6 40.0 50.0 
 272 1362624898     607533 1 6 40.0 50.0 
 272 1362624898     617579 1 6 40.0 50.0 
 272 1362624898     627558 1 6 40.0 50.0 
 272 1362624898     637543 1 6 40.0 50.0 
 272 1362624898     647585 1 6 40.0 50.0 
 272 1362624898     657569 1 6 40.0 50.0 
 272 1362624898     667608 1 6 40.0 50.0 
 272 1362624898     677592 1 6 40.0 50.0 
 272 1362624898     687572 1 6 40.0 50.0 
 272 1362624898     697609 1 6 40.0 50.0 
 272 1362624898     707583 1 6 40.0 50.0 
 272 1362624898     717627 1 6 40.0 50.0 
 272 1362624898     727600 1 6 40.0 50.0 
 272 1362624898     737633 1 6 40.0 50.0 
 271 1362624898     747672 1 6 40.0 50.0 
 272 1362624898     757642 1 6 40.0 50.0 
 271 1362624898     767634 1 6 40.0 50.0 
 272 1362624898     777680 1 6 40.0 50.0 
 272 1362624898     787665 1 6 40.0 50.0 
 272 1362624898     797645 1 6 40.0 50.0 
 271 1362624898     807685 1 6 40.0 50.0 
 272 1362624898     817682 1 6 40.0 50.0 
 272 1362624898     827658 1 6 40.0 50.0 
 272 1362624898     837702 1 6 40.0 50.0 
 272 1362624898     847729 1 6 40.0 50.0 
 272 1362624898     857696 1 6 40.0 50.0 
 272 1362624898     867735 1 6 40.0 50.0 
 271 1362624898     877715 1 6 40.0 50.0 
 272 1362624898     887750 1 6 40.0 50.0 
 272 1362624898     897725 1 6 40.0 50.0 
 272 1362624898     907774 1 6 40.0 50.0 
 272 1362624898     917778 1 6 40.0 50.0 
 271 1362624898     927752 1 6 40.0 50.0 
 271 1362624898     937790 1 6 40.0 50.0 
 272 1362624898     947757 1 6 40.0 50.0 
 272 1362624898     957780 1 6 40.0 50.0 
 272 1362624898     967761 1 6 40.0 50.0 
 272 1362624898     977808 1 6 40.0 50.0 
 271 1362624898     987794 1 6 40.0 50.0 
 271 1362624898     997771 1 6 40.0 50.0 
 271 1362624899       7785 1 6 40.0 50.0 
 272 1362624899      17844 1 6 40.0 50.0 
 272 1362624899      27805 1 6 40.0 50.0 
