 439 1362630081     776325 3 3 40.0 100.0 
 439 1362630081     786329 3 3 40.0 100.0 
 440 1362630081     796301 3 3 40.0 100.0 
 440 1362630081     806372 3 3 40.0 100.0 
 440 1362630081     816332 3 3 40.0 100.0 
 440 1362630081     826360 3 3 40.0 100.0 
 440 1362630081     836374 3 3 40.0 100.0 
 440 1362630081     846346 3 3 40.0 100.0 
 440 1362630081     856375 3 3 40.0 100.0 
 439 1362630081     866396 3 3 40.0 100.0 
 440 1362630081     876415 3 3 40.0 100.0 
 440 1362630081     886372 3 3 40.0 100.0 
 440 1362630081     896400 3 3 40.0 100.0 
 440 1362630081     906440 3 3 40.0 100.0 
 439 1362630081     916392 3 3 40.0 100.0 
 439 1362630081     926417 3 3 40.0 100.0 
 441 1362630081     936443 3 3 40.0 100.0 
 440 1362630081     946398 3 3 40.0 100.0 
 440 1362630081     956439 3 3 40.0 100.0 
 440 1362630081     966465 3 3 40.0 100.0 
 441 1362630081     976439 3 3 40.0 100.0 
 440 1362630081     986475 3 3 40.0 100.0 
 439 1362630081     996499 3 3 40.0 100.0 
 439 1362630082       6455 3 3 40.0 100.0 
 440 1362630082      16474 3 3 40.0 100.0 
 440 1362630082      26461 3 3 40.0 100.0 
 440 1362630082      36486 3 3 40.0 100.0 
 439 1362630082      46513 3 3 40.0 100.0 
 440 1362630082      56484 3 3 40.0 100.0 
 439 1362630082      66511 3 3 40.0 100.0 
 440 1362630082      76533 3 3 40.0 100.0 
 439 1362630082      86550 3 3 40.0 100.0 
 440 1362630082      96531 3 3 40.0 100.0 
 439 1362630082     106564 3 3 40.0 100.0 
 440 1362630082     116572 3 3 40.0 100.0 
 440 1362630082     126527 3 3 40.0 100.0 
 439 1362630082     136576 3 3 40.0 100.0 
 440 1362630082     146595 3 3 40.0 100.0 
 440 1362630082     156547 3 3 40.0 100.0 
 440 1362630082     166582 3 3 40.0 100.0 
 439 1362630082     176613 3 3 40.0 100.0 
 439 1362630082     186580 3 3 40.0 100.0 
 441 1362630082     196622 3 3 40.0 100.0 
 439 1362630082     206585 3 3 40.0 100.0 
 440 1362630082     216606 3 3 40.0 100.0 
 440 1362630082     226638 3 3 40.0 100.0 
 440 1362630082     236653 3 3 40.0 100.0 
 440 1362630082     246617 3 3 40.0 100.0 
 440 1362630082     256658 3 3 40.0 100.0 
 439 1362630082     266613 3 3 40.0 100.0 
 440 1362630082     276647 3 3 40.0 100.0 
 439 1362630082     286677 3 3 40.0 100.0 
 439 1362630082     296641 3 3 40.0 100.0 
 440 1362630082     306683 3 3 40.0 100.0 
 440 1362630082     316641 3 3 40.0 100.0 
 441 1362630082     326688 3 3 40.0 100.0 
 440 1362630082     336709 3 3 40.0 100.0 
 440 1362630082     346662 3 3 40.0 100.0 
 440 1362630082     356683 3 3 40.0 100.0 
 439 1362630082     366704 3 3 40.0 100.0 
 439 1362630082     376733 3 3 40.0 100.0 
 439 1362630082     386697 3 3 40.0 100.0 
 440 1362630082     396738 3 3 40.0 100.0 
 440 1362630082     406706 3 3 40.0 100.0 
 440 1362630082     416753 3 3 40.0 100.0 
 439 1362630082     426720 3 3 40.0 100.0 
 439 1362630082     436735 3 3 40.0 100.0 
 439 1362630082     446780 3 3 40.0 100.0 
 440 1362630082     456780 3 3 40.0 100.0 
 439 1362630082     466810 3 3 40.0 100.0 
 439 1362630082     476778 3 3 40.0 100.0 
 440 1362630082     486803 3 3 40.0 100.0 
 439 1362630082     496778 3 3 40.0 100.0 
 440 1362630082     506801 3 3 40.0 100.0 
 440 1362630082     516827 3 3 40.0 100.0 
 439 1362630082     526797 3 3 40.0 100.0 
 440 1362630082     536840 3 3 40.0 100.0 
 440 1362630082     546814 3 3 40.0 100.0 
 440 1362630082     556844 3 3 40.0 100.0 
 440 1362630082     566813 3 3 40.0 100.0 
 439 1362630082     576844 3 3 40.0 100.0 
 440 1362630082     586877 3 3 40.0 100.0 
 439 1362630082     596859 3 3 40.0 100.0 
 439 1362630082     606904 3 3 40.0 100.0 
 439 1362630082     616853 3 3 40.0 100.0 
 440 1362630082     626879 3 3 40.0 100.0 
 440 1362630082     636920 3 3 40.0 100.0 
 439 1362630082     646861 3 3 40.0 100.0 
 440 1362630082     656879 3 3 40.0 100.0 
 441 1362630082     666895 3 3 40.0 100.0 
 440 1362630082     676934 3 3 40.0 100.0 
 440 1362630082     686937 3 3 40.0 100.0 
 439 1362630082     696898 3 3 40.0 100.0 
 439 1362630082     706913 3 3 40.0 100.0 
 439 1362630082     716955 3 3 40.0 100.0 
 440 1362630082     726977 3 3 40.0 100.0 
 440 1362630082     736934 3 3 40.0 100.0 
 439 1362630082     746970 3 3 40.0 100.0 
 440 1362630082     756951 3 3 40.0 100.0 
 440 1362630082     766947 3 3 40.0 100.0 
