 458 1362629353     424445 2 5 40.0 100.0 
 458 1362629353     434421 2 5 40.0 100.0 
 457 1362629353     444466 2 5 40.0 100.0 
 458 1362629353     454438 2 5 40.0 100.0 
 458 1362629353     464444 2 5 40.0 100.0 
 457 1362629353     474466 2 5 40.0 100.0 
 457 1362629353     484435 2 5 40.0 100.0 
 458 1362629353     494459 2 5 40.0 100.0 
 458 1362629353     504437 2 5 40.0 100.0 
 458 1362629353     514477 2 5 40.0 100.0 
 457 1362629353     524495 2 5 40.0 100.0 
 458 1362629353     534463 2 5 40.0 100.0 
 459 1362629353     544486 2 5 40.0 100.0 
 458 1362629353     554536 2 5 40.0 100.0 
 457 1362629353     564477 2 5 40.0 100.0 
 458 1362629353     574500 2 5 40.0 100.0 
 458 1362629353     584526 2 5 40.0 100.0 
 458 1362629353     594556 2 5 40.0 100.0 
 458 1362629353     604546 2 5 40.0 100.0 
 458 1362629353     614510 2 5 40.0 100.0 
 457 1362629353     624535 2 5 40.0 100.0 
 457 1362629353     634556 2 5 40.0 100.0 
 458 1362629353     644528 2 5 40.0 100.0 
 457 1362629353     654576 2 5 40.0 100.0 
 458 1362629353     664608 2 5 40.0 100.0 
 458 1362629353     674572 2 5 40.0 100.0 
 457 1362629353     684599 2 5 40.0 100.0 
 457 1362629353     694571 2 5 40.0 100.0 
 457 1362629353     704591 2 5 40.0 100.0 
 458 1362629353     714620 2 5 40.0 100.0 
 458 1362629353     724622 2 5 40.0 100.0 
 458 1362629353     734650 2 5 40.0 100.0 
 458 1362629353     744609 2 5 40.0 100.0 
 458 1362629353     754665 2 5 40.0 100.0 
 457 1362629353     764648 2 5 40.0 100.0 
 457 1362629353     774675 2 5 40.0 100.0 
 458 1362629353     784639 2 5 40.0 100.0 
 458 1362629353     794677 2 5 40.0 100.0 
 457 1362629353     804651 2 5 40.0 100.0 
 458 1362629353     814694 2 5 40.0 100.0 
 458 1362629353     824692 2 5 40.0 100.0 
 458 1362629353     834722 2 5 40.0 100.0 
 458 1362629353     844670 2 5 40.0 100.0 
 457 1362629353     854720 2 5 40.0 100.0 
 458 1362629353     864741 2 5 40.0 100.0 
 459 1362629353     874697 2 5 40.0 100.0 
 458 1362629353     884730 2 5 40.0 100.0 
 458 1362629353     894753 2 5 40.0 100.0 
 458 1362629353     904712 2 5 40.0 100.0 
 458 1362629353     914757 2 5 40.0 100.0 
 457 1362629353     924723 2 5 40.0 100.0 
 458 1362629353     934730 2 5 40.0 100.0 
 458 1362629353     944774 2 5 40.0 100.0 
 458 1362629353     954797 2 5 40.0 100.0 
 458 1362629353     964760 2 5 40.0 100.0 
 458 1362629353     974774 2 5 40.0 100.0 
 457 1362629353     984759 2 5 40.0 100.0 
 458 1362629353     994789 2 5 40.0 100.0 
 458 1362629354       4811 2 5 40.0 100.0 
 457 1362629354      14777 2 5 40.0 100.0 
 457 1362629354      24799 2 5 40.0 100.0 
 458 1362629354      34815 2 5 40.0 100.0 
 458 1362629354      44825 2 5 40.0 100.0 
 457 1362629354      54862 2 5 40.0 100.0 
 458 1362629354      64815 2 5 40.0 100.0 
 458 1362629354      74882 2 5 40.0 100.0 
 457 1362629354      84845 2 5 40.0 100.0 
 457 1362629354      94887 2 5 40.0 100.0 
 458 1362629354     104846 2 5 40.0 100.0 
 458 1362629354     114889 2 5 40.0 100.0 
 457 1362629354     124915 2 5 40.0 100.0 
 457 1362629354     134856 2 5 40.0 100.0 
 458 1362629354     144878 2 5 40.0 100.0 
 458 1362629354     154925 2 5 40.0 100.0 
 458 1362629354     164878 2 5 40.0 100.0 
 458 1362629354     174904 2 5 40.0 100.0 
 458 1362629354     184921 2 5 40.0 100.0 
 458 1362629354     194898 2 5 40.0 100.0 
 458 1362629354     204933 2 5 40.0 100.0 
 458 1362629354     214953 2 5 40.0 100.0 
 459 1362629354     224919 2 5 40.0 100.0 
 459 1362629354     234940 2 5 40.0 100.0 
 458 1362629354     244965 2 5 40.0 100.0 
 458 1362629354     254981 2 5 40.0 100.0 
 458 1362629354     264994 2 5 40.0 100.0 
 458 1362629354     275010 2 5 40.0 100.0 
 457 1362629354     284959 2 5 40.0 100.0 
 458 1362629354     295004 2 5 40.0 100.0 
 458 1362629354     305029 2 5 40.0 100.0 
 458 1362629354     314999 2 5 40.0 100.0 
 458 1362629354     325020 2 5 40.0 100.0 
 457 1362629354     335047 2 5 40.0 100.0 
 457 1362629354     345065 2 5 40.0 100.0 
 457 1362629354     355008 2 5 40.0 100.0 
 458 1362629354     365049 2 5 40.0 100.0 
 458 1362629354     375060 2 5 40.0 100.0 
 458 1362629354     385082 2 5 40.0 100.0 
 458 1362629354     395056 2 5 40.0 100.0 
 458 1362629354     405086 2 5 40.0 100.0 
 458 1362629354     415041 2 5 40.0 100.0 
