 473 1362623953     873276 0 10 40.0 150.0 
 473 1362623953     883267 0 10 40.0 150.0 
 473 1362623953     893276 0 10 40.0 150.0 
 473 1362623953     903240 0 10 40.0 150.0 
 473 1362623953     913221 0 10 40.0 150.0 
 474 1362623953     923194 0 10 40.0 150.0 
 473 1362623953     933203 0 10 40.0 150.0 
 473 1362623953     943153 0 10 40.0 150.0 
 473 1362623953     962853 0 10 40.0 150.0 
 473 1362623953     973196 0 10 40.0 150.0 
 473 1362623953     983164 0 10 40.0 150.0 
 472 1362623953     993180 0 10 40.0 150.0 
 474 1362623954       3194 0 10 40.0 150.0 
 472 1362623954      13230 0 10 40.0 150.0 
 472 1362623954      23242 0 10 40.0 150.0 
 473 1362623954      33209 0 10 40.0 150.0 
 472 1362623954      43243 0 10 40.0 150.0 
 474 1362623954      53208 0 10 40.0 150.0 
 472 1362623954      63253 0 10 40.0 150.0 
 473 1362623954      73276 0 10 40.0 150.0 
 472 1362623954      83254 0 10 40.0 150.0 
 473 1362623954      93243 0 10 40.0 150.0 
 473 1362623954     103286 0 10 40.0 150.0 
 473 1362623954     113253 0 10 40.0 150.0 
 473 1362623954     123288 0 10 40.0 150.0 
 473 1362623954     133323 0 10 40.0 150.0 
 473 1362623954     143262 0 10 40.0 150.0 
 473 1362623954     153281 0 10 40.0 150.0 
 474 1362623954     163295 0 10 40.0 150.0 
 472 1362623954     173324 0 10 40.0 150.0 
 473 1362623954     183348 0 10 40.0 150.0 
 473 1362623954     193310 0 10 40.0 150.0 
 473 1362623954     203332 0 10 40.0 150.0 
 473 1362623954     213360 0 10 40.0 150.0 
 474 1362623954     223321 0 10 40.0 150.0 
 472 1362623954     233340 0 10 40.0 150.0 
 473 1362623954     243377 0 10 40.0 150.0 
 473 1362623954     253392 0 10 40.0 150.0 
 473 1362623954     263365 0 10 40.0 150.0 
 473 1362623954     273389 0 10 40.0 150.0 
 472 1362623954     283421 0 10 40.0 150.0 
 474 1362623954     293388 0 10 40.0 150.0 
 473 1362623954     303425 0 10 40.0 150.0 
 472 1362623954     313388 0 10 40.0 150.0 
 473 1362623954     323405 0 10 40.0 150.0 
 473 1362623954     333450 0 10 40.0 150.0 
 473 1362623954     343417 0 10 40.0 150.0 
 474 1362623954     353445 0 10 40.0 150.0 
 473 1362623954     363467 0 10 40.0 150.0 
 473 1362623954     373419 0 10 40.0 150.0 
 473 1362623954     383443 0 10 40.0 150.0 
 472 1362623954     393455 0 10 40.0 150.0 
 473 1362623954     403475 0 10 40.0 150.0 
 472 1362623954     413504 0 10 40.0 150.0 
 474 1362623954     423455 0 10 40.0 150.0 
 473 1362623954     433471 0 10 40.0 150.0 
 473 1362623954     443501 0 10 40.0 150.0 
 473 1362623954     453526 0 10 40.0 150.0 
 473 1362623954     463486 0 10 40.0 150.0 
 473 1362623954     473519 0 10 40.0 150.0 
 473 1362623954     483544 0 10 40.0 150.0 
 473 1362623954     493520 0 10 40.0 150.0 
 472 1362623954     503562 0 10 40.0 150.0 
 474 1362623954     513520 0 10 40.0 150.0 
 472 1362623954     523568 0 10 40.0 150.0 
 473 1362623954     533520 0 10 40.0 150.0 
 473 1362623954     543542 0 10 40.0 150.0 
 473 1362623954     553577 0 10 40.0 150.0 
 473 1362623954     563606 0 10 40.0 150.0 
 473 1362623954     573574 0 10 40.0 150.0 
 473 1362623954     583602 0 10 40.0 150.0 
 473 1362623954     593625 0 10 40.0 150.0 
 473 1362623954     603582 0 10 40.0 150.0 
 473 1362623954     613621 0 10 40.0 150.0 
 473 1362623954     623594 0 10 40.0 150.0 
 472 1362623954     633620 0 10 40.0 150.0 
 473 1362623954     643640 0 10 40.0 150.0 
 472 1362623954     653605 0 10 40.0 150.0 
 473 1362623954     663613 0 10 40.0 150.0 
 473 1362623954     673649 0 10 40.0 150.0 
 472 1362623954     683675 0 10 40.0 150.0 
 473 1362623954     693633 0 10 40.0 150.0 
 473 1362623954     703646 0 10 40.0 150.0 
 473 1362623954     713695 0 10 40.0 150.0 
 473 1362623954     723699 0 10 40.0 150.0 
 472 1362623954     733713 0 10 40.0 150.0 
 473 1362623954     743669 0 10 40.0 150.0 
 473 1362623954     753700 0 10 40.0 150.0 
 473 1362623954     763700 0 10 40.0 150.0 
 473 1362623954     773721 0 10 40.0 150.0 
 473 1362623954     783738 0 10 40.0 150.0 
 473 1362623954     793754 0 10 40.0 150.0 
 473 1362623954     803698 0 10 40.0 150.0 
 474 1362623954     813731 0 10 40.0 150.0 
 473 1362623954     823771 0 10 40.0 150.0 
 473 1362623954     833762 0 10 40.0 150.0 
 473 1362623954     843766 0 10 40.0 150.0 
 473 1362623954     853802 0 10 40.0 150.0 
 473 1362623954     863764 0 10 40.0 150.0 
 473 1362623954     873787 0 10 40.0 150.0 
