 528 1362622277     785808 0 1 40.0 150.0 
 529 1362622277     795924 0 1 40.0 150.0 
 528 1362622277     805956 0 1 40.0 150.0 
 529 1362622277     815983 0 1 40.0 150.0 
 529 1362622277     825826 0 1 40.0 150.0 
 528 1362622277     835972 0 1 40.0 150.0 
 528 1362622277     845906 0 1 40.0 150.0 
 528 1362622277     855871 0 1 40.0 150.0 
 528 1362622277     865974 0 1 40.0 150.0 
 528 1362622277     875921 0 1 40.0 150.0 
 528 1362622277     885848 0 1 40.0 150.0 
 528 1362622277     895984 0 1 40.0 150.0 
 528 1362622277     905962 0 1 40.0 150.0 
 528 1362622277     915932 0 1 40.0 150.0 
 529 1362622277     925953 0 1 40.0 150.0 
 528 1362622277     936016 0 1 40.0 150.0 
 528 1362622277     946030 0 1 40.0 150.0 
 528 1362622277     956037 0 1 40.0 150.0 
 529 1362622277     965989 0 1 40.0 150.0 
 528 1362622277     975989 0 1 40.0 150.0 
 529 1362622277     985956 0 1 40.0 150.0 
 528 1362622277     995963 0 1 40.0 150.0 
 528 1362622278       5962 0 1 40.0 150.0 
 528 1362622278      16736 0 1 40.0 150.0 
 528 1362622278      26061 0 1 40.0 150.0 
 529 1362622278      35971 0 1 40.0 150.0 
 528 1362622278      45983 0 1 40.0 150.0 
 528 1362622278      55984 0 1 40.0 150.0 
 529 1362622278      65987 0 1 40.0 150.0 
 528 1362622278      76022 0 1 40.0 150.0 
 529 1362622278      86024 0 1 40.0 150.0 
 527 1362622278      96030 0 1 40.0 150.0 
 529 1362622278     106040 0 1 40.0 150.0 
 529 1362622278     115986 0 1 40.0 150.0 
 528 1362622278     126047 0 1 40.0 150.0 
 528 1362622278     136041 0 1 40.0 150.0 
 528 1362622278     146069 0 1 40.0 150.0 
 528 1362622278     156025 0 1 40.0 150.0 
 528 1362622278     166041 0 1 40.0 150.0 
 528 1362622278     176052 0 1 40.0 150.0 
 529 1362622278     186067 0 1 40.0 150.0 
 528 1362622278     196070 0 1 40.0 150.0 
 529 1362622278     206076 0 1 40.0 150.0 
 528 1362622278     216088 0 1 40.0 150.0 
 528 1362622278     226103 0 1 40.0 150.0 
 529 1362622278     236110 0 1 40.0 150.0 
 528 1362622278     246108 0 1 40.0 150.0 
 528 1362622278     256101 0 1 40.0 150.0 
 528 1362622278     266105 0 1 40.0 150.0 
 529 1362622278     276100 0 1 40.0 150.0 
 529 1362622278     286099 0 1 40.0 150.0 
 529 1362622278     296127 0 1 40.0 150.0 
 529 1362622278     306133 0 1 40.0 150.0 
 528 1362622278     316141 0 1 40.0 150.0 
 528 1362622278     326149 0 1 40.0 150.0 
 528 1362622278     336146 0 1 40.0 150.0 
 528 1362622278     346167 0 1 40.0 150.0 
 528 1362622278     356185 0 1 40.0 150.0 
 529 1362622278     366203 0 1 40.0 150.0 
 528 1362622278     376206 0 1 40.0 150.0 
 528 1362622278     386212 0 1 40.0 150.0 
 528 1362622278     396229 0 1 40.0 150.0 
 528 1362622278     406241 0 1 40.0 150.0 
 529 1362622278     416254 0 1 40.0 150.0 
 528 1362622278     426258 0 1 40.0 150.0 
 528 1362622278     436244 0 1 40.0 150.0 
 528 1362622278     446254 0 1 40.0 150.0 
 528 1362622278     456251 0 1 40.0 150.0 
 528 1362622278     466246 0 1 40.0 150.0 
 527 1362622278     476250 0 1 40.0 150.0 
 529 1362622278     486272 0 1 40.0 150.0 
 529 1362622278     496284 0 1 40.0 150.0 
 527 1362622278     506298 0 1 40.0 150.0 
 528 1362622278     516297 0 1 40.0 150.0 
 528 1362622278     526309 0 1 40.0 150.0 
 529 1362622278     536313 0 1 40.0 150.0 
 528 1362622278     546326 0 1 40.0 150.0 
 528 1362622278     556346 0 1 40.0 150.0 
 528 1362622278     566295 0 1 40.0 150.0 
 528 1362622278     576294 0 1 40.0 150.0 
 529 1362622278     586349 0 1 40.0 150.0 
 528 1362622278     596365 0 1 40.0 150.0 
 529 1362622278     606375 0 1 40.0 150.0 
 529 1362622278     616326 0 1 40.0 150.0 
 527 1362622278     626330 0 1 40.0 150.0 
 529 1362622278     636334 0 1 40.0 150.0 
 527 1362622278     646350 0 1 40.0 150.0 
 528 1362622278     656355 0 1 40.0 150.0 
 529 1362622278     666364 0 1 40.0 150.0 
 527 1362622278     676372 0 1 40.0 150.0 
 528 1362622278     686418 0 1 40.0 150.0 
 529 1362622278     696432 0 1 40.0 150.0 
 529 1362622278     706385 0 1 40.0 150.0 
 528 1362622278     716407 0 1 40.0 150.0 
 528 1362622278     726402 0 1 40.0 150.0 
 528 1362622278     736410 0 1 40.0 150.0 
 529 1362622278     746412 0 1 40.0 150.0 
 528 1362622278     756427 0 1 40.0 150.0 
 528 1362622278     766430 0 1 40.0 150.0 
 528 1362622278     776429 0 1 40.0 150.0 
 529 1362622278     786500 0 1 40.0 150.0 
 529 1362622278     796437 0 1 40.0 150.0 
 528 1362622278     806443 0 1 40.0 150.0 
 529 1362622278     816467 0 1 40.0 150.0 
 528 1362622278     826523 0 1 40.0 150.0 
 528 1362622278     836521 0 1 40.0 150.0 
 528 1362622278     846528 0 1 40.0 150.0 
 528 1362622278     856523 0 1 40.0 150.0 
 529 1362622278     866484 0 1 40.0 150.0 
 528 1362622278     876541 0 1 40.0 150.0 
 528 1362622278     886556 0 1 40.0 150.0 
 528 1362622278     896564 0 1 40.0 150.0 
 529 1362622278     906573 0 1 40.0 150.0 
 529 1362622278     916581 0 1 40.0 150.0 
 528 1362622278     926560 0 1 40.0 150.0 
 528 1362622278     936554 0 1 40.0 150.0 
 529 1362622278     946549 0 1 40.0 150.0 
 528 1362622278     956546 0 1 40.0 150.0 
 529 1362622278     966591 0 1 40.0 150.0 
 528 1362622278     976569 0 1 40.0 150.0 
 528 1362622278     986585 0 1 40.0 150.0 
 529 1362622278     996594 0 1 40.0 150.0 
 527 1362622279       6627 0 1 40.0 150.0 
 529 1362622279      16605 0 1 40.0 150.0 
 528 1362622279      26606 0 1 40.0 150.0 
 528 1362622279      36633 0 1 40.0 150.0 
 529 1362622279      46648 0 1 40.0 150.0 
 528 1362622279      56680 0 1 40.0 150.0 
 529 1362622279      66641 0 1 40.0 150.0 
 528 1362622279      76649 0 1 40.0 150.0 
 528 1362622279      86683 0 1 40.0 150.0 
 529 1362622279      96652 0 1 40.0 150.0 
 528 1362622279     106710 0 1 40.0 150.0 
 528 1362622279     116692 0 1 40.0 150.0 
 529 1362622279     126722 0 1 40.0 150.0 
 528 1362622279     136702 0 1 40.0 150.0 
 529 1362622279     146675 0 1 40.0 150.0 
 528 1362622279     156734 0 1 40.0 150.0 
 528 1362622279     166713 0 1 40.0 150.0 
 528 1362622279     176690 0 1 40.0 150.0 
 529 1362622279     186747 0 1 40.0 150.0 
 528 1362622279     196725 0 1 40.0 150.0 
 528 1362622279     206766 0 1 40.0 150.0 
 528 1362622279     216718 0 1 40.0 150.0 
 528 1362622279     226779 0 1 40.0 150.0 
 529 1362622279     236776 0 1 40.0 150.0 
 527 1362622279     246762 0 1 40.0 150.0 
 529 1362622279     256783 0 1 40.0 150.0 
 528 1362622279     266773 0 1 40.0 150.0 
 528 1362622279     276761 0 1 40.0 150.0 
 529 1362622279     286780 0 1 40.0 150.0 
 528 1362622279     296787 0 1 40.0 150.0 
 529 1362622279     306806 0 1 40.0 150.0 
 528 1362622279     316824 0 1 40.0 150.0 
 528 1362622279     326816 0 1 40.0 150.0 
 529 1362622279     336813 0 1 40.0 150.0 
 528 1362622279     346800 0 1 40.0 150.0 
 529 1362622279     356836 0 1 40.0 150.0 
 527 1362622279     366833 0 1 40.0 150.0 
 529 1362622279     376821 0 1 40.0 150.0 
 528 1362622279     386892 0 1 40.0 150.0 
 528 1362622279     396893 0 1 40.0 150.0 
 528 1362622279     406841 0 1 40.0 150.0 
 528 1362622279     416857 0 1 40.0 150.0 
 529 1362622279     426872 0 1 40.0 150.0 
 529 1362622279     436902 0 1 40.0 150.0 
 528 1362622279     446908 0 1 40.0 150.0 
 528 1362622279     456906 0 1 40.0 150.0 
 529 1362622279     466913 0 1 40.0 150.0 
 529 1362622279     476913 0 1 40.0 150.0 
 528 1362622279     486954 0 1 40.0 150.0 
 528 1362622279     496958 0 1 40.0 150.0 
 528 1362622279     506905 0 1 40.0 150.0 
 528 1362622279     516980 0 1 40.0 150.0 
 528 1362622279     526984 0 1 40.0 150.0 
 528 1362622279     536960 0 1 40.0 150.0 
 528 1362622279     546959 0 1 40.0 150.0 
 528 1362622279     556963 0 1 40.0 150.0 
 528 1362622279     566977 0 1 40.0 150.0 
 528 1362622279     576977 0 1 40.0 150.0 
 529 1362622279     586976 0 1 40.0 150.0 
 529 1362622279     596969 0 1 40.0 150.0 
 527 1362622279     606991 0 1 40.0 150.0 
 529 1362622279     617000 0 1 40.0 150.0 
 528 1362622279     627006 0 1 40.0 150.0 
 528 1362622279     637017 0 1 40.0 150.0 
 529 1362622279     647027 0 1 40.0 150.0 
 528 1362622279     657046 0 1 40.0 150.0 
 529 1362622279     667053 0 1 40.0 150.0 
 528 1362622279     677055 0 1 40.0 150.0 
 528 1362622279     687049 0 1 40.0 150.0 
 528 1362622279     697057 0 1 40.0 150.0 
 528 1362622279     707069 0 1 40.0 150.0 
 529 1362622279     717088 0 1 40.0 150.0 
 527 1362622279     727094 0 1 40.0 150.0 
 529 1362622279     737115 0 1 40.0 150.0 
 528 1362622279     747094 0 1 40.0 150.0 
 528 1362622279     757107 0 1 40.0 150.0 
 528 1362622279     767115 0 1 40.0 150.0 
 528 1362622279     777105 0 1 40.0 150.0 
 529 1362622279     787119 0 1 40.0 150.0 
 528 1362622279     797117 0 1 40.0 150.0 
 529 1362622279     807158 0 1 40.0 150.0 
 528 1362622279     817175 0 1 40.0 150.0 
 529 1362622279     827180 0 1 40.0 150.0 
 529 1362622279     837185 0 1 40.0 150.0 
 528 1362622279     847182 0 1 40.0 150.0 
 528 1362622279     857192 0 1 40.0 150.0 
 529 1362622279     867209 0 1 40.0 150.0 
 528 1362622279     877204 0 1 40.0 150.0 
 528 1362622279     887208 0 1 40.0 150.0 
 528 1362622279     897382 0 1 40.0 150.0 
 528 1362622279     907172 0 1 40.0 150.0 
 528 1362622279     917172 0 1 40.0 150.0 
 529 1362622279     927230 0 1 40.0 150.0 
 529 1362622279     937200 0 1 40.0 150.0 
 528 1362622279     947250 0 1 40.0 150.0 
 529 1362622279     957271 0 1 40.0 150.0 
 527 1362622279     967224 0 1 40.0 150.0 
 528 1362622279     977262 0 1 40.0 150.0 
 529 1362622279     987257 0 1 40.0 150.0 
 528 1362622279     997255 0 1 40.0 150.0 
 528 1362622280       7241 0 1 40.0 150.0 
 527 1362622280      17279 0 1 40.0 150.0 
 529 1362622280      27251 0 1 40.0 150.0 
 527 1362622280      37278 0 1 40.0 150.0 
 529 1362622280      47268 0 1 40.0 150.0 
 528 1362622280      57311 0 1 40.0 150.0 
 528 1362622280      67265 0 1 40.0 150.0 
 528 1362622280      77325 0 1 40.0 150.0 
 528 1362622280      87324 0 1 40.0 150.0 
 529 1362622280      97321 0 1 40.0 150.0 
 529 1362622280     107317 0 1 40.0 150.0 
 529 1362622280     117355 0 1 40.0 150.0 
 528 1362622280     127337 0 1 40.0 150.0 
 529 1362622280     137318 0 1 40.0 150.0 
 529 1362622280     147316 0 1 40.0 150.0 
 527 1362622280     157360 0 1 40.0 150.0 
 528 1362622280     167369 0 1 40.0 150.0 
 529 1362622280     177362 0 1 40.0 150.0 
 528 1362622280     187390 0 1 40.0 150.0 
 528 1362622280     197412 0 1 40.0 150.0 
 528 1362622280     207411 0 1 40.0 150.0 
 528 1362622280     217365 0 1 40.0 150.0 
 528 1362622280     227425 0 1 40.0 150.0 
 528 1362622280     237420 0 1 40.0 150.0 
 528 1362622280     247427 0 1 40.0 150.0 
 529 1362622280     257431 0 1 40.0 150.0 
 529 1362622280     267444 0 1 40.0 150.0 
 528 1362622280     277426 0 1 40.0 150.0 
 529 1362622280     287414 0 1 40.0 150.0 
 528 1362622280     297435 0 1 40.0 150.0 
 528 1362622280     307460 0 1 40.0 150.0 
 528 1362622280     317434 0 1 40.0 150.0 
 528 1362622280     327454 0 1 40.0 150.0 
 529 1362622280     337502 0 1 40.0 150.0 
 528 1362622280     347487 0 1 40.0 150.0 
 528 1362622280     357477 0 1 40.0 150.0 
 529 1362622280     367468 0 1 40.0 150.0 
 527 1362622280     377469 0 1 40.0 150.0 
 529 1362622280     387502 0 1 40.0 150.0 
 528 1362622280     397509 0 1 40.0 150.0 
 528 1362622280     407546 0 1 40.0 150.0 
 528 1362622280     417524 0 1 40.0 150.0 
 528 1362622280     427530 0 1 40.0 150.0 
 528 1362622280     437521 0 1 40.0 150.0 
 528 1362622280     447562 0 1 40.0 150.0 
 529 1362622280     457528 0 1 40.0 150.0 
 528 1362622280     467590 0 1 40.0 150.0 
 529 1362622280     477542 0 1 40.0 150.0 
 528 1362622280     487561 0 1 40.0 150.0 
 529 1362622280     497576 0 1 40.0 150.0 
 528 1362622280     507555 0 1 40.0 150.0 
 528 1362622280     517581 0 1 40.0 150.0 
 529 1362622280     527580 0 1 40.0 150.0 
 528 1362622280     537578 0 1 40.0 150.0 
 528 1362622280     547611 0 1 40.0 150.0 
 528 1362622280     557633 0 1 40.0 150.0 
 528 1362622280     567608 0 1 40.0 150.0 
 529 1362622280     577647 0 1 40.0 150.0 
 528 1362622280     587661 0 1 40.0 150.0 
 528 1362622280     597636 0 1 40.0 150.0 
 528 1362622280     607676 0 1 40.0 150.0 
 528 1362622280     617651 0 1 40.0 150.0 
 528 1362622280     627691 0 1 40.0 150.0 
 528 1362622280     637701 0 1 40.0 150.0 
 530 1362622280     647667 0 1 40.0 150.0 
 528 1362622280     657709 0 1 40.0 150.0 
 528 1362622280     667705 0 1 40.0 150.0 
 529 1362622280     677671 0 1 40.0 150.0 
 528 1362622280     687710 0 1 40.0 150.0 
 528 1362622280     697740 0 1 40.0 150.0 
 528 1362622280     707745 0 1 40.0 150.0 
 528 1362622280     717744 0 1 40.0 150.0 
 529 1362622280     727741 0 1 40.0 150.0 
 528 1362622280     737738 0 1 40.0 150.0 
 528 1362622280     747739 0 1 40.0 150.0 
 528 1362622280     757722 0 1 40.0 150.0 
 529 1362622280     767775 0 1 40.0 150.0 
 528 1362622280     777768 0 1 40.0 150.0 
 527 1362622280     787787 0 1 40.0 150.0 
 528 1362622280     797789 0 1 40.0 150.0 
 529 1362622280     807763 0 1 40.0 150.0 
 529 1362622280     817798 0 1 40.0 150.0 
 527 1362622280     827821 0 1 40.0 150.0 
 529 1362622280     837814 0 1 40.0 150.0 
 528 1362622280     847819 0 1 40.0 150.0 
 528 1362622280     857822 0 1 40.0 150.0 
 529 1362622280     867838 0 1 40.0 150.0 
 528 1362622280     877823 0 1 40.0 150.0 
 529 1362622280     887848 0 1 40.0 150.0 
 529 1362622280     897850 0 1 40.0 150.0 
 529 1362622280     907850 0 1 40.0 150.0 
 529 1362622280     917865 0 1 40.0 150.0 
 528 1362622280     927868 0 1 40.0 150.0 
 528 1362622280     937898 0 1 40.0 150.0 
 529 1362622280     947874 0 1 40.0 150.0 
 527 1362622280     957898 0 1 40.0 150.0 
 528 1362622280     967902 0 1 40.0 150.0 
 528 1362622280     977898 0 1 40.0 150.0 
 528 1362622280     987888 0 1 40.0 150.0 
 529 1362622280     997933 0 1 40.0 150.0 
 528 1362622281       7909 0 1 40.0 150.0 
 527 1362622281      17896 0 1 40.0 150.0 
 528 1362622281      27936 0 1 40.0 150.0 
 529 1362622281      37927 0 1 40.0 150.0 
 528 1362622281      47922 0 1 40.0 150.0 
 528 1362622281      57975 0 1 40.0 150.0 
 528 1362622281      67971 0 1 40.0 150.0 
 529 1362622281      77930 0 1 40.0 150.0 
 528 1362622281      87989 0 1 40.0 150.0 
 529 1362622281      97986 0 1 40.0 150.0 
 528 1362622281     107957 0 1 40.0 150.0 
 528 1362622281     117957 0 1 40.0 150.0 
 529 1362622281     127969 0 1 40.0 150.0 
 528 1362622281     137974 0 1 40.0 150.0 
 528 1362622281     148023 0 1 40.0 150.0 
 528 1362622281     158038 0 1 40.0 150.0 
 528 1362622281     168030 0 1 40.0 150.0 
 528 1362622281     178048 0 1 40.0 150.0 
 528 1362622281     188011 0 1 40.0 150.0 
 529 1362622281     198064 0 1 40.0 150.0 
 528 1362622281     208029 0 1 40.0 150.0 
 528 1362622281     218071 0 1 40.0 150.0 
 528 1362622281     228075 0 1 40.0 150.0 
 528 1362622281     238089 0 1 40.0 150.0 
 529 1362622281     248077 0 1 40.0 150.0 
 527 1362622281     258104 0 1 40.0 150.0 
 529 1362622281     268074 0 1 40.0 150.0 
 529 1362622281     278078 0 1 40.0 150.0 
 528 1362622281     288087 0 1 40.0 150.0 
 529 1362622281     298113 0 1 40.0 150.0 
 528 1362622281     308086 0 1 40.0 150.0 
 528 1362622281     318118 0 1 40.0 150.0 
 528 1362622281     328126 0 1 40.0 150.0 
 528 1362622281     338102 0 1 40.0 150.0 
 528 1362622281     348154 0 1 40.0 150.0 
 529 1362622281     358135 0 1 40.0 150.0 
 529 1362622281     368127 0 1 40.0 150.0 
 528 1362622281     378129 0 1 40.0 150.0 
 528 1362622281     388137 0 1 40.0 150.0 
 528 1362622281     398162 0 1 40.0 150.0 
 529 1362622281     408212 0 1 40.0 150.0 
 527 1362622281     418216 0 1 40.0 150.0 
 528 1362622281     428204 0 1 40.0 150.0 
 528 1362622281     438216 0 1 40.0 150.0 
 529 1362622281     448185 0 1 40.0 150.0 
 528 1362622281     458207 0 1 40.0 150.0 
 528 1362622281     468205 0 1 40.0 150.0 
 528 1362622281     478228 0 1 40.0 150.0 
 528 1362622281     488213 0 1 40.0 150.0 
 527 1362622281     498244 0 1 40.0 150.0 
 529 1362622281     508267 0 1 40.0 150.0 
 526 1362622281     518272 0 1 40.0 150.0 
 529 1362622281     528248 0 1 40.0 150.0 
 528 1362622281     538294 0 1 40.0 150.0 
 529 1362622281     548256 0 1 40.0 150.0 
 528 1362622281     558251 0 1 40.0 150.0 
 529 1362622281     568259 0 1 40.0 150.0 
 528 1362622281     578313 0 1 40.0 150.0 
 527 1362622281     588326 0 1 40.0 150.0 
 529 1362622281     598277 0 1 40.0 150.0 
 528 1362622281     608319 0 1 40.0 150.0 
 528 1362622281     618309 0 1 40.0 150.0 
 528 1362622281     628348 0 1 40.0 150.0 
 528 1362622281     638337 0 1 40.0 150.0 
 529 1362622281     648317 0 1 40.0 150.0 
 528 1362622281     658373 0 1 40.0 150.0 
 528 1362622281     668366 0 1 40.0 150.0 
 528 1362622281     678362 0 1 40.0 150.0 
 528 1362622281     688376 0 1 40.0 150.0 
 529 1362622281     698375 0 1 40.0 150.0 
 528 1362622281     708361 0 1 40.0 150.0 
 528 1362622281     718370 0 1 40.0 150.0 
 529 1362622281     728413 0 1 40.0 150.0 
 528 1362622281     738424 0 1 40.0 150.0 
 529 1362622281     748390 0 1 40.0 150.0 
 529 1362622281     758404 0 1 40.0 150.0 
 529 1362622281     768392 0 1 40.0 150.0 
 528 1362622281     778452 0 1 40.0 150.0 
 529 1362622281     788449 0 1 40.0 150.0 
 528 1362622281     798409 0 1 40.0 150.0 
 529 1362622281     808418 0 1 40.0 150.0 
 528 1362622281     818436 0 1 40.0 150.0 
 528 1362622281     828482 0 1 40.0 150.0 
 529 1362622281     838431 0 1 40.0 150.0 
 528 1362622281     848498 0 1 40.0 150.0 
 528 1362622281     858507 0 1 40.0 150.0 
 528 1362622281     868458 0 1 40.0 150.0 
 528 1362622281     878504 0 1 40.0 150.0 
 530 1362622281     888484 0 1 40.0 150.0 
 528 1362622281     898526 0 1 40.0 150.0 
 528 1362622281     908526 0 1 40.0 150.0 
 528 1362622281     918490 0 1 40.0 150.0 
 528 1362622281     928498 0 1 40.0 150.0 
 529 1362622281     938530 0 1 40.0 150.0 
 528 1362622281     948523 0 1 40.0 150.0 
 529 1362622281     958515 0 1 40.0 150.0 
 528 1362622281     968554 0 1 40.0 150.0 
 528 1362622281     978528 0 1 40.0 150.0 
 529 1362622281     988570 0 1 40.0 150.0 
 528 1362622281     998561 0 1 40.0 150.0 
 528 1362622282       8602 0 1 40.0 150.0 
 528 1362622282      18628 0 1 40.0 150.0 
 529 1362622282      28618 0 1 40.0 150.0 
 527 1362622282      38625 0 1 40.0 150.0 
 529 1362622282      48571 0 1 40.0 150.0 
 529 1362622282      58616 0 1 40.0 150.0 
 528 1362622282      68595 0 1 40.0 150.0 
 529 1362622282      78653 0 1 40.0 150.0 
 528 1362622282      88606 0 1 40.0 150.0 
 528 1362622282      98608 0 1 40.0 150.0 
 529 1362622282     108633 0 1 40.0 150.0 
 528 1362622282     118620 0 1 40.0 150.0 
 528 1362622282     128646 0 1 40.0 150.0 
 528 1362622282     138689 0 1 40.0 150.0 
 529 1362622282     148687 0 1 40.0 150.0 
 528 1362622282     158678 0 1 40.0 150.0 
 528 1362622282     168653 0 1 40.0 150.0 
 528 1362622282     178682 0 1 40.0 150.0 
 529 1362622282     188688 0 1 40.0 150.0 
 528 1362622282     198720 0 1 40.0 150.0 
 528 1362622282     208715 0 1 40.0 150.0 
 530 1362622282     218705 0 1 40.0 150.0 
 528 1362622282     228737 0 1 40.0 150.0 
 528 1362622282     238709 0 1 40.0 150.0 
 529 1362622282     248748 0 1 40.0 150.0 
 527 1362622282     258732 0 1 40.0 150.0 
 528 1362622282     268717 0 1 40.0 150.0 
 528 1362622282     278786 0 1 40.0 150.0 
 528 1362622282     288740 0 1 40.0 150.0 
 529 1362622282     298780 0 1 40.0 150.0 
 528 1362622282     308788 0 1 40.0 150.0 
 529 1362622282     318765 0 1 40.0 150.0 
 529 1362622282     328809 0 1 40.0 150.0 
 528 1362622282     338786 0 1 40.0 150.0 
 529 1362622282     348814 0 1 40.0 150.0 
 528 1362622282     358838 0 1 40.0 150.0 
 528 1362622282     368834 0 1 40.0 150.0 
 528 1362622282     378852 0 1 40.0 150.0 
 529 1362622282     388841 0 1 40.0 150.0 
 528 1362622282     398852 0 1 40.0 150.0 
 529 1362622282     408871 0 1 40.0 150.0 
 527 1362622282     418829 0 1 40.0 150.0 
 529 1362622282     428855 0 1 40.0 150.0 
 529 1362622282     438890 0 1 40.0 150.0 
 528 1362622282     448878 0 1 40.0 150.0 
 529 1362622282     458851 0 1 40.0 150.0 
 527 1362622282     468863 0 1 40.0 150.0 
 529 1362622282     478916 0 1 40.0 150.0 
 528 1362622282     488918 0 1 40.0 150.0 
 528 1362622282     498890 0 1 40.0 150.0 
 529 1362622282     508911 0 1 40.0 150.0 
 528 1362622282     518896 0 1 40.0 150.0 
 528 1362622282     528920 0 1 40.0 150.0 
 528 1362622282     538946 0 1 40.0 150.0 
 528 1362622282     548952 0 1 40.0 150.0 
 529 1362622282     558965 0 1 40.0 150.0 
 528 1362622282     568969 0 1 40.0 150.0 
 528 1362622282     578960 0 1 40.0 150.0 
 528 1362622282     588948 0 1 40.0 150.0 
 528 1362622282     598943 0 1 40.0 150.0 
 528 1362622282     608954 0 1 40.0 150.0 
 529 1362622282     618981 0 1 40.0 150.0 
 528 1362622282     628955 0 1 40.0 150.0 
 528 1362622282     638988 0 1 40.0 150.0 
 528 1362622282     649027 0 1 40.0 150.0 
 528 1362622282     658992 0 1 40.0 150.0 
 528 1362622282     669043 0 1 40.0 150.0 
 527 1362622282     679049 0 1 40.0 150.0 
 528 1362622282     689018 0 1 40.0 150.0 
 528 1362622282     699013 0 1 40.0 150.0 
 528 1362622282     709036 0 1 40.0 150.0 
 528 1362622282     719016 0 1 40.0 150.0 
 528 1362622282     729046 0 1 40.0 150.0 
 527 1362622282     739043 0 1 40.0 150.0 
 528 1362622282     749083 0 1 40.0 150.0 
 529 1362622282     759105 0 1 40.0 150.0 
 529 1362622282     769077 0 1 40.0 150.0 
 528 1362622282     779096 0 1 40.0 150.0 
 529 1362622282     789111 0 1 40.0 150.0 
 529 1362622282     799098 0 1 40.0 150.0 
 528 1362622282     809126 0 1 40.0 150.0 
 529 1362622282     819091 0 1 40.0 150.0 
 528 1362622282     829132 0 1 40.0 150.0 
 528 1362622282     839130 0 1 40.0 150.0 
 528 1362622282     849115 0 1 40.0 150.0 
 529 1362622282     859152 0 1 40.0 150.0 
 527 1362622282     869149 0 1 40.0 150.0 
 528 1362622282     879167 0 1 40.0 150.0 
 528 1362622282     889174 0 1 40.0 150.0 
 528 1362622282     899163 0 1 40.0 150.0 
 529 1362622282     909195 0 1 40.0 150.0 
 528 1362622282     919178 0 1 40.0 150.0 
 530 1362622282     929200 0 1 40.0 150.0 
 528 1362622282     939188 0 1 40.0 150.0 
 528 1362622282     949223 0 1 40.0 150.0 
 528 1362622282     959182 0 1 40.0 150.0 
 528 1362622282     969227 0 1 40.0 150.0 
 528 1362622282     979237 0 1 40.0 150.0 
 528 1362622282     989243 0 1 40.0 150.0 
 527 1362622282     999248 0 1 40.0 150.0 
 529 1362622283       9266 0 1 40.0 150.0 
 528 1362622283      19264 0 1 40.0 150.0 
 528 1362622283      29270 0 1 40.0 150.0 
 528 1362622283      39279 0 1 40.0 150.0 
 528 1362622283      49269 0 1 40.0 150.0 
 528 1362622283      59269 0 1 40.0 150.0 
 528 1362622283      69247 0 1 40.0 150.0 
 529 1362622283      79315 0 1 40.0 150.0 
 527 1362622283      89286 0 1 40.0 150.0 
 529 1362622283      99294 0 1 40.0 150.0 
 528 1362622283     109287 0 1 40.0 150.0 
 528 1362622283     119338 0 1 40.0 150.0 
 528 1362622283     129345 0 1 40.0 150.0 
 528 1362622283     139309 0 1 40.0 150.0 
 528 1362622283     149338 0 1 40.0 150.0 
 528 1362622283     159364 0 1 40.0 150.0 
 529 1362622283     169345 0 1 40.0 150.0 
 528 1362622283     179362 0 1 40.0 150.0 
 529 1362622283     189351 0 1 40.0 150.0 
 528 1362622283     199343 0 1 40.0 150.0 
 529 1362622283     209360 0 1 40.0 150.0 
 529 1362622283     219350 0 1 40.0 150.0 
 528 1362622283     229373 0 1 40.0 150.0 
 529 1362622283     239360 0 1 40.0 150.0 
 527 1362622283     249415 0 1 40.0 150.0 
 530 1362622283     259423 0 1 40.0 150.0 
 528 1362622283     269382 0 1 40.0 150.0 
 528 1362622283     279426 0 1 40.0 150.0 
 529 1362622283     289452 0 1 40.0 150.0 
 528 1362622283     299447 0 1 40.0 150.0 
 528 1362622283     309403 0 1 40.0 150.0 
 529 1362622283     319437 0 1 40.0 150.0 
 529 1362622283     329466 0 1 40.0 150.0 
 528 1362622283     339452 0 1 40.0 150.0 
 528 1362622283     349487 0 1 40.0 150.0 
 529 1362622283     359444 0 1 40.0 150.0 
 528 1362622283     369463 0 1 40.0 150.0 
 529 1362622283     379466 0 1 40.0 150.0 
 529 1362622283     389494 0 1 40.0 150.0 
 528 1362622283     399483 0 1 40.0 150.0 
 528 1362622283     409506 0 1 40.0 150.0 
 529 1362622283     419529 0 1 40.0 150.0 
 528 1362622283     429497 0 1 40.0 150.0 
 528 1362622283     439547 0 1 40.0 150.0 
 529 1362622283     449523 0 1 40.0 150.0 
 528 1362622283     459529 0 1 40.0 150.0 
 528 1362622283     469538 0 1 40.0 150.0 
 529 1362622283     479543 0 1 40.0 150.0 
 528 1362622283     489526 0 1 40.0 150.0 
 527 1362622283     499580 0 1 40.0 150.0 
 529 1362622283     509537 0 1 40.0 150.0 
 527 1362622283     519567 0 1 40.0 150.0 
 528 1362622283     529569 0 1 40.0 150.0 
 528 1362622283     539594 0 1 40.0 150.0 
 528 1362622283     549579 0 1 40.0 150.0 
 528 1362622283     559587 0 1 40.0 150.0 
 528 1362622283     569623 0 1 40.0 150.0 
 528 1362622283     579639 0 1 40.0 150.0 
 528 1362622283     589615 0 1 40.0 150.0 
 528 1362622283     599638 0 1 40.0 150.0 
 527 1362622283     609640 0 1 40.0 150.0 
 529 1362622283     619653 0 1 40.0 150.0 
 528 1362622283     629632 0 1 40.0 150.0 
 529 1362622283     639664 0 1 40.0 150.0 
 529 1362622283     649673 0 1 40.0 150.0 
 528 1362622283     659700 0 1 40.0 150.0 
 529 1362622283     669666 0 1 40.0 150.0 
 528 1362622283     679698 0 1 40.0 150.0 
 528 1362622283     689656 0 1 40.0 150.0 
 529 1362622283     699679 0 1 40.0 150.0 
 528 1362622283     709696 0 1 40.0 150.0 
 529 1362622283     719726 0 1 40.0 150.0 
 528 1362622283     729734 0 1 40.0 150.0 
 529 1362622283     739745 0 1 40.0 150.0 
 528 1362622283     749719 0 1 40.0 150.0 
 528 1362622283     759756 0 1 40.0 150.0 
 528 1362622283     769742 0 1 40.0 150.0 
 528 1362622283     779746 0 1 40.0 150.0 
 529 1362622283     789722 0 1 40.0 150.0 
 528 1362622283     799748 0 1 40.0 150.0 
 529 1362622283     809779 0 1 40.0 150.0 
 528 1362622283     819801 0 1 40.0 150.0 
 528 1362622283     829806 0 1 40.0 150.0 
 528 1362622283     839807 0 1 40.0 150.0 
 528 1362622283     849763 0 1 40.0 150.0 
 529 1362622283     859803 0 1 40.0 150.0 
 528 1362622283     869817 0 1 40.0 150.0 
 528 1362622283     879838 0 1 40.0 150.0 
 528 1362622283     889835 0 1 40.0 150.0 
 528 1362622283     899805 0 1 40.0 150.0 
 528 1362622283     909863 0 1 40.0 150.0 
 528 1362622283     919844 0 1 40.0 150.0 
 529 1362622283     929856 0 1 40.0 150.0 
 528 1362622283     939841 0 1 40.0 150.0 
 528 1362622283     949834 0 1 40.0 150.0 
 528 1362622283     959897 0 1 40.0 150.0 
 528 1362622283     969874 0 1 40.0 150.0 
 529 1362622283     979898 0 1 40.0 150.0 
 528 1362622283     989914 0 1 40.0 150.0 
 529 1362622283     999915 0 1 40.0 150.0 
 528 1362622284       9931 0 1 40.0 150.0 
 527 1362622284      19946 0 1 40.0 150.0 
 528 1362622284      29894 0 1 40.0 150.0 
 527 1362622284      39895 0 1 40.0 150.0 
 528 1362622284      49952 0 1 40.0 150.0 
 529 1362622284      59940 0 1 40.0 150.0 
 528 1362622284      69933 0 1 40.0 150.0 
 528 1362622284      79930 0 1 40.0 150.0 
 528 1362622284      89946 0 1 40.0 150.0 
 528 1362622284      99981 0 1 40.0 150.0 
 528 1362622284     109973 0 1 40.0 150.0 
 528 1362622284     119989 0 1 40.0 150.0 
 528 1362622284     129953 0 1 40.0 150.0 
 529 1362622284     139973 0 1 40.0 150.0 
 528 1362622284     150015 0 1 40.0 150.0 
 528 1362622284     160015 0 1 40.0 150.0 
 529 1362622284     170014 0 1 40.0 150.0 
 528 1362622284     179981 0 1 40.0 150.0 
 528 1362622284     190024 0 1 40.0 150.0 
 528 1362622284     199997 0 1 40.0 150.0 
 528 1362622284     210049 0 1 40.0 150.0 
 528 1362622284     220019 0 1 40.0 150.0 
 529 1362622284     230043 0 1 40.0 150.0 
 529 1362622284     240033 0 1 40.0 150.0 
 528 1362622284     250047 0 1 40.0 150.0 
 528 1362622284     260073 0 1 40.0 150.0 
 529 1362622284     270037 0 1 40.0 150.0 
 528 1362622284     280101 0 1 40.0 150.0 
 528 1362622284     290082 0 1 40.0 150.0 
 528 1362622284     300099 0 1 40.0 150.0 
 529 1362622284     310076 0 1 40.0 150.0 
 528 1362622284     320082 0 1 40.0 150.0 
 528 1362622284     330090 0 1 40.0 150.0 
 528 1362622284     340093 0 1 40.0 150.0 
 527 1362622284     350143 0 1 40.0 150.0 
 529 1362622284     360103 0 1 40.0 150.0 
 528 1362622284     370167 0 1 40.0 150.0 
 529 1362622284     380117 0 1 40.0 150.0 
 528 1362622284     390150 0 1 40.0 150.0 
 529 1362622284     400140 0 1 40.0 150.0 
 528 1362622284     410174 0 1 40.0 150.0 
 528 1362622284     420153 0 1 40.0 150.0 
 529 1362622284     430153 0 1 40.0 150.0 
 528 1362622284     440205 0 1 40.0 150.0 
 528 1362622284     450197 0 1 40.0 150.0 
 528 1362622284     460191 0 1 40.0 150.0 
 528 1362622284     470220 0 1 40.0 150.0 
 528 1362622284     480237 0 1 40.0 150.0 
 528 1362622284     490189 0 1 40.0 150.0 
 528 1362622284     500223 0 1 40.0 150.0 
 528 1362622284     510251 0 1 40.0 150.0 
 528 1362622284     520263 0 1 40.0 150.0 
 528 1362622284     530283 0 1 40.0 150.0 
 528 1362622284     540246 0 1 40.0 150.0 
 529 1362622284     550256 0 1 40.0 150.0 
 528 1362622284     560276 0 1 40.0 150.0 
 528 1362622284     570281 0 1 40.0 150.0 
 528 1362622284     580244 0 1 40.0 150.0 
 528 1362622284     590275 0 1 40.0 150.0 
 529 1362622284     600273 0 1 40.0 150.0 
 528 1362622284     610284 0 1 40.0 150.0 
 529 1362622284     620276 0 1 40.0 150.0 
 529 1362622284     630305 0 1 40.0 150.0 
 528 1362622284     640347 0 1 40.0 150.0 
 528 1362622284     650313 0 1 40.0 150.0 
 528 1362622284     660324 0 1 40.0 150.0 
 528 1362622284     670341 0 1 40.0 150.0 
 528 1362622284     680344 0 1 40.0 150.0 
 528 1362622284     690356 0 1 40.0 150.0 
 528 1362622284     700329 0 1 40.0 150.0 
 529 1362622284     710366 0 1 40.0 150.0 
 528 1362622284     720350 0 1 40.0 150.0 
 528 1362622284     730386 0 1 40.0 150.0 
 528 1362622284     740349 0 1 40.0 150.0 
 528 1362622284     750389 0 1 40.0 150.0 
 529 1362622284     760410 0 1 40.0 150.0 
 528 1362622284     770391 0 1 40.0 150.0 
 528 1362622284     780434 0 1 40.0 150.0 
 528 1362622284     790391 0 1 40.0 150.0 
 528 1362622284     800449 0 1 40.0 150.0 
 528 1362622284     810440 0 1 40.0 150.0 
 529 1362622284     820410 0 1 40.0 150.0 
 527 1362622284     830424 0 1 40.0 150.0 
 529 1362622284     840427 0 1 40.0 150.0 
 528 1362622284     850484 0 1 40.0 150.0 
 528 1362622284     860435 0 1 40.0 150.0 
 528 1362622284     870491 0 1 40.0 150.0 
 528 1362622284     880446 0 1 40.0 150.0 
 528 1362622284     890469 0 1 40.0 150.0 
 527 1362622284     900517 0 1 40.0 150.0 
 529 1362622284     910501 0 1 40.0 150.0 
 529 1362622284     920518 0 1 40.0 150.0 
 528 1362622284     930484 0 1 40.0 150.0 
 528 1362622284     940528 0 1 40.0 150.0 
 528 1362622284     950515 0 1 40.0 150.0 
 529 1362622284     960536 0 1 40.0 150.0 
 528 1362622284     970502 0 1 40.0 150.0 
 529 1362622284     980538 0 1 40.0 150.0 
 528 1362622284     990557 0 1 40.0 150.0 
 528 1362622285        547 0 1 40.0 150.0 
 528 1362622285      10567 0 1 40.0 150.0 
 528 1362622285      20554 0 1 40.0 150.0 
 529 1362622285      30566 0 1 40.0 150.0 
 528 1362622285      40560 0 1 40.0 150.0 
 529 1362622285      50608 0 1 40.0 150.0 
 528 1362622285      60583 0 1 40.0 150.0 
 528 1362622285      70574 0 1 40.0 150.0 
 528 1362622285      80615 0 1 40.0 150.0 
 528 1362622285      90623 0 1 40.0 150.0 
 528 1362622285     100652 0 1 40.0 150.0 
 529 1362622285     110655 0 1 40.0 150.0 
 528 1362622285     120645 0 1 40.0 150.0 
 528 1362622285     130645 0 1 40.0 150.0 
 528 1362622285     140644 0 1 40.0 150.0 
 529 1362622285     150678 0 1 40.0 150.0 
 528 1362622285     160635 0 1 40.0 150.0 
 528 1362622285     170674 0 1 40.0 150.0 
 528 1362622285     180654 0 1 40.0 150.0 
 528 1362622285     190662 0 1 40.0 150.0 
 529 1362622285     200662 0 1 40.0 150.0 
 528 1362622285     210699 0 1 40.0 150.0 
 528 1362622285     220714 0 1 40.0 150.0 
 528 1362622285     230712 0 1 40.0 150.0 
 528 1362622285     240740 0 1 40.0 150.0 
 529 1362622285     250709 0 1 40.0 150.0 
 528 1362622285     260708 0 1 40.0 150.0 
 528 1362622285     270734 0 1 40.0 150.0 
 528 1362622285     280724 0 1 40.0 150.0 
 529 1362622285     290722 0 1 40.0 150.0 
 528 1362622285     300730 0 1 40.0 150.0 
 529 1362622285     310777 0 1 40.0 150.0 
 528 1362622285     320776 0 1 40.0 150.0 
 527 1362622285     330789 0 1 40.0 150.0 
 529 1362622285     340750 0 1 40.0 150.0 
 528 1362622285     350754 0 1 40.0 150.0 
 528 1362622285     360783 0 1 40.0 150.0 
 528 1362622285     370775 0 1 40.0 150.0 
 528 1362622285     380793 0 1 40.0 150.0 
 529 1362622285     390802 0 1 40.0 150.0 
 528 1362622285     400811 0 1 40.0 150.0 
 529 1362622285     410794 0 1 40.0 150.0 
 529 1362622285     420804 0 1 40.0 150.0 
 528 1362622285     430814 0 1 40.0 150.0 
 529 1362622285     440838 0 1 40.0 150.0 
 528 1362622285     450819 0 1 40.0 150.0 
 528 1362622285     460846 0 1 40.0 150.0 
 529 1362622285     470894 0 1 40.0 150.0 
 527 1362622285     480864 0 1 40.0 150.0 
 529 1362622285     490878 0 1 40.0 150.0 
 528 1362622285     500898 0 1 40.0 150.0 
 528 1362622285     510911 0 1 40.0 150.0 
 528 1362622285     520872 0 1 40.0 150.0 
 528 1362622285     530888 0 1 40.0 150.0 
 528 1362622285     540887 0 1 40.0 150.0 
 528 1362622285     550947 0 1 40.0 150.0 
 529 1362622285     560953 0 1 40.0 150.0 
 527 1362622285     570915 0 1 40.0 150.0 
 528 1362622285     580964 0 1 40.0 150.0 
 529 1362622285     590930 0 1 40.0 150.0 
 528 1362622285     600926 0 1 40.0 150.0 
 528 1362622285     610965 0 1 40.0 150.0 
 529 1362622285     620965 0 1 40.0 150.0 
 529 1362622285     630980 0 1 40.0 150.0 
 528 1362622285     641006 0 1 40.0 150.0 
 528 1362622285     650978 0 1 40.0 150.0 
 528 1362622285     661020 0 1 40.0 150.0 
 528 1362622285     671012 0 1 40.0 150.0 
 528 1362622285     680975 0 1 40.0 150.0 
 528 1362622285     690997 0 1 40.0 150.0 
 528 1362622285     700997 0 1 40.0 150.0 
 528 1362622285     711044 0 1 40.0 150.0 
 528 1362622285     721046 0 1 40.0 150.0 
 529 1362622285     731055 0 1 40.0 150.0 
 528 1362622285     741015 0 1 40.0 150.0 
 529 1362622285     751029 0 1 40.0 150.0 
 529 1362622285     761067 0 1 40.0 150.0 
 528 1362622285     771068 0 1 40.0 150.0 
 529 1362622285     781095 0 1 40.0 150.0 
 528 1362622285     791049 0 1 40.0 150.0 
 529 1362622285     801069 0 1 40.0 150.0 
 528 1362622285     811120 0 1 40.0 150.0 
 529 1362622285     821065 0 1 40.0 150.0 
 528 1362622285     831094 0 1 40.0 150.0 
 529 1362622285     841095 0 1 40.0 150.0 
 528 1362622285     851102 0 1 40.0 150.0 
 528 1362622285     861154 0 1 40.0 150.0 
 529 1362622285     871103 0 1 40.0 150.0 
 528 1362622285     881121 0 1 40.0 150.0 
 528 1362622285     891119 0 1 40.0 150.0 
 528 1362622285     901174 0 1 40.0 150.0 
 528 1362622285     911152 0 1 40.0 150.0 
 529 1362622285     921145 0 1 40.0 150.0 
 528 1362622285     931180 0 1 40.0 150.0 
 528 1362622285     941175 0 1 40.0 150.0 
 529 1362622285     951199 0 1 40.0 150.0 
 528 1362622285     961174 0 1 40.0 150.0 
 527 1362622285     971172 0 1 40.0 150.0 
 528 1362622285     981233 0 1 40.0 150.0 
 529 1362622285     991214 0 1 40.0 150.0 
 528 1362622286       1226 0 1 40.0 150.0 
 528 1362622286      11213 0 1 40.0 150.0 
 528 1362622286      21211 0 1 40.0 150.0 
 528 1362622286      31235 0 1 40.0 150.0 
 528 1362622286      41265 0 1 40.0 150.0 
 528 1362622286      51258 0 1 40.0 150.0 
 529 1362622286      61237 0 1 40.0 150.0 
 528 1362622286      71284 0 1 40.0 150.0 
 528 1362622286      81288 0 1 40.0 150.0 
 529 1362622286      91281 0 1 40.0 150.0 
 527 1362622286     101266 0 1 40.0 150.0 
 529 1362622286     111297 0 1 40.0 150.0 
 528 1362622286     121271 0 1 40.0 150.0 
 528 1362622286     131298 0 1 40.0 150.0 
 529 1362622286     141282 0 1 40.0 150.0 
 529 1362622286     151340 0 1 40.0 150.0 
 529 1362622286     161328 0 1 40.0 150.0 
 528 1362622286     171297 0 1 40.0 150.0 
 529 1362622286     181303 0 1 40.0 150.0 
 528 1362622286     191349 0 1 40.0 150.0 
 528 1362622286     201371 0 1 40.0 150.0 
 528 1362622286     211348 0 1 40.0 150.0 
 528 1362622286     221347 0 1 40.0 150.0 
 529 1362622286     231368 0 1 40.0 150.0 
 528 1362622286     241359 0 1 40.0 150.0 
 528 1362622286     251382 0 1 40.0 150.0 
 528 1362622286     261402 0 1 40.0 150.0 
 529 1362622286     271421 0 1 40.0 150.0 
 529 1362622286     281422 0 1 40.0 150.0 
 527 1362622286     291407 0 1 40.0 150.0 
 529 1362622286     301418 0 1 40.0 150.0 
 528 1362622286     311429 0 1 40.0 150.0 
 528 1362622286     321424 0 1 40.0 150.0 
 528 1362622286     331402 0 1 40.0 150.0 
 528 1362622286     341458 0 1 40.0 150.0 
 528 1362622286     351468 0 1 40.0 150.0 
 528 1362622286     361460 0 1 40.0 150.0 
 528 1362622286     371492 0 1 40.0 150.0 
 528 1362622286     381478 0 1 40.0 150.0 
 528 1362622286     391465 0 1 40.0 150.0 
 528 1362622286     401456 0 1 40.0 150.0 
 528 1362622286     411518 0 1 40.0 150.0 
 529 1362622286     421521 0 1 40.0 150.0 
 528 1362622286     431512 0 1 40.0 150.0 
 529 1362622286     441498 0 1 40.0 150.0 
 528 1362622286     451509 0 1 40.0 150.0 
 528 1362622286     461534 0 1 40.0 150.0 
 529 1362622286     471546 0 1 40.0 150.0 
 527 1362622286     481515 0 1 40.0 150.0 
 529 1362622286     491513 0 1 40.0 150.0 
 528 1362622286     501568 0 1 40.0 150.0 
 527 1362622286     511520 0 1 40.0 150.0 
 528 1362622286     521536 0 1 40.0 150.0 
 528 1362622286     531577 0 1 40.0 150.0 
 529 1362622286     541591 0 1 40.0 150.0 
 528 1362622286     551554 0 1 40.0 150.0 
 528 1362622286     561566 0 1 40.0 150.0 
 529 1362622286     571602 0 1 40.0 150.0 
 528 1362622286     581609 0 1 40.0 150.0 
 528 1362622286     591596 0 1 40.0 150.0 
 528 1362622286     601622 0 1 40.0 150.0 
 528 1362622286     611619 0 1 40.0 150.0 
 528 1362622286     621606 0 1 40.0 150.0 
 528 1362622286     631658 0 1 40.0 150.0 
 528 1362622286     641662 0 1 40.0 150.0 
 528 1362622286     651618 0 1 40.0 150.0 
 529 1362622286     661644 0 1 40.0 150.0 
 528 1362622286     671673 0 1 40.0 150.0 
 528 1362622286     681683 0 1 40.0 150.0 
 528 1362622286     691668 0 1 40.0 150.0 
 529 1362622286     701678 0 1 40.0 150.0 
 529 1362622286     711666 0 1 40.0 150.0 
 528 1362622286     721663 0 1 40.0 150.0 
 528 1362622286     731676 0 1 40.0 150.0 
 528 1362622286     741731 0 1 40.0 150.0 
 528 1362622286     751679 0 1 40.0 150.0 
 528 1362622286     761744 0 1 40.0 150.0 
 528 1362622286     771724 0 1 40.0 150.0 
 529 1362622286     781742 0 1 40.0 150.0 
 528 1362622286     791730 0 1 40.0 150.0 
 528 1362622286     801753 0 1 40.0 150.0 
 529 1362622286     811760 0 1 40.0 150.0 
 528 1362622286     821747 0 1 40.0 150.0 
 528 1362622286     831772 0 1 40.0 150.0 
 528 1362622286     841794 0 1 40.0 150.0 
 529 1362622286     851785 0 1 40.0 150.0 
 528 1362622286     861755 0 1 40.0 150.0 
 528 1362622286     871791 0 1 40.0 150.0 
 528 1362622286     881804 0 1 40.0 150.0 
 528 1362622286     891796 0 1 40.0 150.0 
 529 1362622286     901810 0 1 40.0 150.0 
 528 1362622286     911844 0 1 40.0 150.0 
 529 1362622286     921797 0 1 40.0 150.0 
 527 1362622286     931818 0 1 40.0 150.0 
 528 1362622286     941849 0 1 40.0 150.0 
 529 1362622286     951832 0 1 40.0 150.0 
 528 1362622286     961850 0 1 40.0 150.0 
 528 1362622286     971829 0 1 40.0 150.0 
 528 1362622286     981866 0 1 40.0 150.0 
 528 1362622286     991857 0 1 40.0 150.0 
 528 1362622287       1854 0 1 40.0 150.0 
 527 1362622287      11859 0 1 40.0 150.0 
 529 1362622287      21858 0 1 40.0 150.0 
 528 1362622287      31906 0 1 40.0 150.0 
 528 1362622287      41894 0 1 40.0 150.0 
 529 1362622287      51891 0 1 40.0 150.0 
 528 1362622287      61912 0 1 40.0 150.0 
 528 1362622287      71936 0 1 40.0 150.0 
 529 1362622287      81956 0 1 40.0 150.0 
 528 1362622287      91933 0 1 40.0 150.0 
 528 1362622287     101963 0 1 40.0 150.0 
 528 1362622287     111939 0 1 40.0 150.0 
 528 1362622287     121978 0 1 40.0 150.0 
 528 1362622287     131969 0 1 40.0 150.0 
 529 1362622287     141974 0 1 40.0 150.0 
 528 1362622287     151959 0 1 40.0 150.0 
 528 1362622287     162005 0 1 40.0 150.0 
 528 1362622287     171970 0 1 40.0 150.0 
 529 1362622287     182008 0 1 40.0 150.0 
 528 1362622287     191975 0 1 40.0 150.0 
 528 1362622287     202016 0 1 40.0 150.0 
 529 1362622287     212041 0 1 40.0 150.0 
 528 1362622287     222000 0 1 40.0 150.0 
 528 1362622287     232039 0 1 40.0 150.0 
 529 1362622287     242003 0 1 40.0 150.0 
 528 1362622287     252056 0 1 40.0 150.0 
 529 1362622287     262030 0 1 40.0 150.0 
 528 1362622287     272079 0 1 40.0 150.0 
 528 1362622287     282079 0 1 40.0 150.0 
 529 1362622287     292072 0 1 40.0 150.0 
 529 1362622287     302064 0 1 40.0 150.0 
 528 1362622287     312110 0 1 40.0 150.0 
 528 1362622287     322097 0 1 40.0 150.0 
 528 1362622287     332116 0 1 40.0 150.0 
 528 1362622287     342131 0 1 40.0 150.0 
 529 1362622287     352095 0 1 40.0 150.0 
 528 1362622287     362107 0 1 40.0 150.0 
 528 1362622287     372089 0 1 40.0 150.0 
 528 1362622287     382125 0 1 40.0 150.0 
 528 1362622287     392130 0 1 40.0 150.0 
 529 1362622287     402161 0 1 40.0 150.0 
 528 1362622287     412172 0 1 40.0 150.0 
 528 1362622287     422124 0 1 40.0 150.0 
 528 1362622287     432152 0 1 40.0 150.0 
 528 1362622287     442196 0 1 40.0 150.0 
 529 1362622287     452190 0 1 40.0 150.0 
 528 1362622287     462190 0 1 40.0 150.0 
 528 1362622287     472192 0 1 40.0 150.0 
 528 1362622287     482219 0 1 40.0 150.0 
 528 1362622287     492228 0 1 40.0 150.0 
 528 1362622287     502196 0 1 40.0 150.0 
 528 1362622287     512227 0 1 40.0 150.0 
 528 1362622287     522248 0 1 40.0 150.0 
 528 1362622287     532233 0 1 40.0 150.0 
 529 1362622287     542251 0 1 40.0 150.0 
 529 1362622287     552245 0 1 40.0 150.0 
 528 1362622287     562216 0 1 40.0 150.0 
 528 1362622287     572244 0 1 40.0 150.0 
 528 1362622287     582287 0 1 40.0 150.0 
 528 1362622287     592250 0 1 40.0 150.0 
 528 1362622287     602285 0 1 40.0 150.0 
 529 1362622287     612286 0 1 40.0 150.0 
 528 1362622287     622293 0 1 40.0 150.0 
 528 1362622287     632279 0 1 40.0 150.0 
 529 1362622287     642334 0 1 40.0 150.0 
 528 1362622287     652325 0 1 40.0 150.0 
 528 1362622287     662329 0 1 40.0 150.0 
 529 1362622287     672303 0 1 40.0 150.0 
 527 1362622287     682356 0 1 40.0 150.0 
 529 1362622287     692325 0 1 40.0 150.0 
 529 1362622287     702319 0 1 40.0 150.0 
 529 1362622287     712316 0 1 40.0 150.0 
 528 1362622287     722334 0 1 40.0 150.0 
 528 1362622287     732385 0 1 40.0 150.0 
 528 1362622287     742373 0 1 40.0 150.0 
 528 1362622287     752357 0 1 40.0 150.0 
 528 1362622287     762384 0 1 40.0 150.0 
 527 1362622287     772408 0 1 40.0 150.0 
 528 1362622287     782380 0 1 40.0 150.0 
