 308 1362623603     371654 0 8 40.0 100.0 
 308 1362623603     381582 0 8 40.0 100.0 
 310 1362623603     391677 0 8 40.0 100.0 
 309 1362623603     401686 0 8 40.0 100.0 
 308 1362623603     411614 0 8 40.0 100.0 
 308 1362623603     421582 0 8 40.0 100.0 
 308 1362623603     431692 0 8 40.0 100.0 
 308 1362623603     441643 0 8 40.0 100.0 
 308 1362623603     451622 0 8 40.0 100.0 
 308 1362623603     461708 0 8 40.0 100.0 
 307 1362623603     471692 0 8 40.0 100.0 
 308 1362623603     481652 0 8 40.0 100.0 
 308 1362623603     506637 0 8 40.0 100.0 
 309 1362623603     511658 0 8 40.0 100.0 
 309 1362623603     521623 0 8 40.0 100.0 
 308 1362623603     531639 0 8 40.0 100.0 
 309 1362623603     541629 0 8 40.0 100.0 
 309 1362623603     551627 0 8 40.0 100.0 
 309 1362623603     561691 0 8 40.0 100.0 
 308 1362623603     571632 0 8 40.0 100.0 
 308 1362623603     581639 0 8 40.0 100.0 
 308 1362623603     591662 0 8 40.0 100.0 
 308 1362623603     601678 0 8 40.0 100.0 
 308 1362623603     611679 0 8 40.0 100.0 
 308 1362623603     621698 0 8 40.0 100.0 
 308 1362623603     631731 0 8 40.0 100.0 
 308 1362623603     641685 0 8 40.0 100.0 
 308 1362623603     651691 0 8 40.0 100.0 
 309 1362623603     661689 0 8 40.0 100.0 
 308 1362623603     671712 0 8 40.0 100.0 
 308 1362623603     681731 0 8 40.0 100.0 
 308 1362623603     691754 0 8 40.0 100.0 
 309 1362623603     701754 0 8 40.0 100.0 
 308 1362623603     711774 0 8 40.0 100.0 
 308 1362623603     721772 0 8 40.0 100.0 
 308 1362623603     731740 0 8 40.0 100.0 
 309 1362623603     741751 0 8 40.0 100.0 
 308 1362623603     751768 0 8 40.0 100.0 
 309 1362623603     761769 0 8 40.0 100.0 
 309 1362623603     771773 0 8 40.0 100.0 
 308 1362623603     781784 0 8 40.0 100.0 
 309 1362623603     791789 0 8 40.0 100.0 
 308 1362623603     801804 0 8 40.0 100.0 
 308 1362623603     811810 0 8 40.0 100.0 
 309 1362623603     821816 0 8 40.0 100.0 
 308 1362623603     831844 0 8 40.0 100.0 
 309 1362623603     841853 0 8 40.0 100.0 
 308 1362623603     851861 0 8 40.0 100.0 
 308 1362623603     861854 0 8 40.0 100.0 
 308 1362623603     871870 0 8 40.0 100.0 
 308 1362623603     881889 0 8 40.0 100.0 
 308 1362623603     891909 0 8 40.0 100.0 
 309 1362623603     901866 0 8 40.0 100.0 
 309 1362623603     911864 0 8 40.0 100.0 
 309 1362623603     921868 0 8 40.0 100.0 
 309 1362623603     931886 0 8 40.0 100.0 
 308 1362623603     941901 0 8 40.0 100.0 
 308 1362623603     951932 0 8 40.0 100.0 
 308 1362623603     961939 0 8 40.0 100.0 
 308 1362623603     971949 0 8 40.0 100.0 
 309 1362623603     981972 0 8 40.0 100.0 
 309 1362623603     991909 0 8 40.0 100.0 
 308 1362623604       1923 0 8 40.0 100.0 
 308 1362623604      11950 0 8 40.0 100.0 
 308 1362623604      21962 0 8 40.0 100.0 
 308 1362623604      31995 0 8 40.0 100.0 
 309 1362623604      41948 0 8 40.0 100.0 
 309 1362623604      51987 0 8 40.0 100.0 
 309 1362623604      61977 0 8 40.0 100.0 
 308 1362623604      71977 0 8 40.0 100.0 
 308 1362623604      82006 0 8 40.0 100.0 
 308 1362623604      92020 0 8 40.0 100.0 
 308 1362623604     102046 0 8 40.0 100.0 
 308 1362623604     112039 0 8 40.0 100.0 
 308 1362623604     122046 0 8 40.0 100.0 
 308 1362623604     132065 0 8 40.0 100.0 
 307 1362623604     142069 0 8 40.0 100.0 
 308 1362623604     152027 0 8 40.0 100.0 
 308 1362623604     162086 0 8 40.0 100.0 
 309 1362623604     172095 0 8 40.0 100.0 
 308 1362623604     182045 0 8 40.0 100.0 
 309 1362623604     192053 0 8 40.0 100.0 
 308 1362623604     202071 0 8 40.0 100.0 
 308 1362623604     212105 0 8 40.0 100.0 
 308 1362623604     222106 0 8 40.0 100.0 
 308 1362623604     232112 0 8 40.0 100.0 
 309 1362623604     242120 0 8 40.0 100.0 
 309 1362623604     252144 0 8 40.0 100.0 
 309 1362623604     262112 0 8 40.0 100.0 
 308 1362623604     272126 0 8 40.0 100.0 
 309 1362623604     282126 0 8 40.0 100.0 
 308 1362623604     292138 0 8 40.0 100.0 
 308 1362623604     302146 0 8 40.0 100.0 
 308 1362623604     312142 0 8 40.0 100.0 
 309 1362623604     322155 0 8 40.0 100.0 
 308 1362623604     332196 0 8 40.0 100.0 
 308 1362623604     342150 0 8 40.0 100.0 
 308 1362623604     352176 0 8 40.0 100.0 
 308 1362623604     362222 0 8 40.0 100.0 
 308 1362623604     372166 0 8 40.0 100.0 
 309 1362623604     382185 0 8 40.0 100.0 
 309 1362623604     392193 0 8 40.0 100.0 
 309 1362623604     402190 0 8 40.0 100.0 
 308 1362623604     412235 0 8 40.0 100.0 
 308 1362623604     422257 0 8 40.0 100.0 
 308 1362623604     432209 0 8 40.0 100.0 
 309 1362623604     442215 0 8 40.0 100.0 
 309 1362623604     452238 0 8 40.0 100.0 
 308 1362623604     462237 0 8 40.0 100.0 
 308 1362623604     472262 0 8 40.0 100.0 
 308 1362623604     482276 0 8 40.0 100.0 
 308 1362623604     492271 0 8 40.0 100.0 
 309 1362623604     502287 0 8 40.0 100.0 
 308 1362623604     512271 0 8 40.0 100.0 
 308 1362623604     522290 0 8 40.0 100.0 
 308 1362623604     532314 0 8 40.0 100.0 
 308 1362623604     542331 0 8 40.0 100.0 
 308 1362623604     552340 0 8 40.0 100.0 
 309 1362623604     562311 0 8 40.0 100.0 
 308 1362623604     572330 0 8 40.0 100.0 
 309 1362623604     582334 0 8 40.0 100.0 
 308 1362623604     592358 0 8 40.0 100.0 
 309 1362623604     602337 0 8 40.0 100.0 
 308 1362623604     612317 0 8 40.0 100.0 
 308 1362623604     622330 0 8 40.0 100.0 
 308 1362623604     632401 0 8 40.0 100.0 
 308 1362623604     642342 0 8 40.0 100.0 
 308 1362623604     652347 0 8 40.0 100.0 
 309 1362623604     662409 0 8 40.0 100.0 
 308 1362623604     672425 0 8 40.0 100.0 
 308 1362623604     682375 0 8 40.0 100.0 
 308 1362623604     692389 0 8 40.0 100.0 
 308 1362623604     702422 0 8 40.0 100.0 
 309 1362623604     712413 0 8 40.0 100.0 
 308 1362623604     722405 0 8 40.0 100.0 
 309 1362623604     732420 0 8 40.0 100.0 
 308 1362623604     742416 0 8 40.0 100.0 
 309 1362623604     752433 0 8 40.0 100.0 
 308 1362623604     762421 0 8 40.0 100.0 
 308 1362623604     772446 0 8 40.0 100.0 
 309 1362623604     782476 0 8 40.0 100.0 
 308 1362623604     792480 0 8 40.0 100.0 
 308 1362623604     802508 0 8 40.0 100.0 
 308 1362623604     812499 0 8 40.0 100.0 
 309 1362623604     822507 0 8 40.0 100.0 
 308 1362623604     832471 0 8 40.0 100.0 
 308 1362623604     842490 0 8 40.0 100.0 
 308 1362623604     852507 0 8 40.0 100.0 
 308 1362623604     862542 0 8 40.0 100.0 
 309 1362623604     872500 0 8 40.0 100.0 
 309 1362623604     882503 0 8 40.0 100.0 
 307 1362623604     892511 0 8 40.0 100.0 
 308 1362623604     902517 0 8 40.0 100.0 
 307 1362623604     912579 0 8 40.0 100.0 
 308 1362623604     922537 0 8 40.0 100.0 
 308 1362623604     932554 0 8 40.0 100.0 
 309 1362623604     942564 0 8 40.0 100.0 
 308 1362623604     952584 0 8 40.0 100.0 
 308 1362623604     962557 0 8 40.0 100.0 
 308 1362623604     972572 0 8 40.0 100.0 
 307 1362623604     982596 0 8 40.0 100.0 
 309 1362623604     992617 0 8 40.0 100.0 
 308 1362623605       2578 0 8 40.0 100.0 
 309 1362623605      12600 0 8 40.0 100.0 
 308 1362623605      22619 0 8 40.0 100.0 
 308 1362623605      32653 0 8 40.0 100.0 
 308 1362623605      42601 0 8 40.0 100.0 
 308 1362623605      52624 0 8 40.0 100.0 
 309 1362623605      62677 0 8 40.0 100.0 
 309 1362623605      72631 0 8 40.0 100.0 
 309 1362623605      82675 0 8 40.0 100.0 
 308 1362623605      92641 0 8 40.0 100.0 
 308 1362623605     102673 0 8 40.0 100.0 
 307 1362623605     112706 0 8 40.0 100.0 
 308 1362623605     122692 0 8 40.0 100.0 
 309 1362623605     132696 0 8 40.0 100.0 
 309 1362623605     142691 0 8 40.0 100.0 
 308 1362623605     152739 0 8 40.0 100.0 
 308 1362623605     162682 0 8 40.0 100.0 
 309 1362623605     172745 0 8 40.0 100.0 
 308 1362623605     182730 0 8 40.0 100.0 
 308 1362623605     192726 0 8 40.0 100.0 
 308 1362623605     202710 0 8 40.0 100.0 
 308 1362623605     212754 0 8 40.0 100.0 
 308 1362623605     222749 0 8 40.0 100.0 
 308 1362623605     232776 0 8 40.0 100.0 
 308 1362623605     242771 0 8 40.0 100.0 
 308 1362623605     252782 0 8 40.0 100.0 
 308 1362623605     262790 0 8 40.0 100.0 
 309 1362623605     272809 0 8 40.0 100.0 
 309 1362623605     282828 0 8 40.0 100.0 
 309 1362623605     292780 0 8 40.0 100.0 
 309 1362623605     302797 0 8 40.0 100.0 
 308 1362623605     312811 0 8 40.0 100.0 
 309 1362623605     322833 0 8 40.0 100.0 
 308 1362623605     332847 0 8 40.0 100.0 
 308 1362623605     342859 0 8 40.0 100.0 
 308 1362623605     352856 0 8 40.0 100.0 
 308 1362623605     362867 0 8 40.0 100.0 
 308 1362623605     372886 0 8 40.0 100.0 
 308 1362623605     382830 0 8 40.0 100.0 
 307 1362623605     392839 0 8 40.0 100.0 
 309 1362623605     402870 0 8 40.0 100.0 
 308 1362623605     412880 0 8 40.0 100.0 
 308 1362623605     422902 0 8 40.0 100.0 
 309 1362623605     432910 0 8 40.0 100.0 
 309 1362623605     442909 0 8 40.0 100.0 
 308 1362623605     452913 0 8 40.0 100.0 
 308 1362623605     462887 0 8 40.0 100.0 
 308 1362623605     472924 0 8 40.0 100.0 
 309 1362623605     482939 0 8 40.0 100.0 
 309 1362623605     492908 0 8 40.0 100.0 
 308 1362623605     502943 0 8 40.0 100.0 
 308 1362623605     512905 0 8 40.0 100.0 
 308 1362623605     522960 0 8 40.0 100.0 
 308 1362623605     532962 0 8 40.0 100.0 
 309 1362623605     542961 0 8 40.0 100.0 
 309 1362623605     552983 0 8 40.0 100.0 
 308 1362623605     562968 0 8 40.0 100.0 
 308 1362623605     572984 0 8 40.0 100.0 
 308 1362623605     582949 0 8 40.0 100.0 
 308 1362623605     592960 0 8 40.0 100.0 
 308 1362623605     603017 0 8 40.0 100.0 
 309 1362623605     612982 0 8 40.0 100.0 
 308 1362623605     623003 0 8 40.0 100.0 
 309 1362623605     633015 0 8 40.0 100.0 
 308 1362623605     643025 0 8 40.0 100.0 
 308 1362623605     653038 0 8 40.0 100.0 
 308 1362623605     663023 0 8 40.0 100.0 
 308 1362623605     673063 0 8 40.0 100.0 
 309 1362623605     683055 0 8 40.0 100.0 
 308 1362623605     693038 0 8 40.0 100.0 
 309 1362623605     703067 0 8 40.0 100.0 
 308 1362623605     713081 0 8 40.0 100.0 
 308 1362623605     723079 0 8 40.0 100.0 
 308 1362623605     733050 0 8 40.0 100.0 
 309 1362623605     743071 0 8 40.0 100.0 
 308 1362623605     753080 0 8 40.0 100.0 
 308 1362623605     763089 0 8 40.0 100.0 
 308 1362623605     773074 0 8 40.0 100.0 
 308 1362623605     783118 0 8 40.0 100.0 
 308 1362623605     793134 0 8 40.0 100.0 
 308 1362623605     803135 0 8 40.0 100.0 
 309 1362623605     813127 0 8 40.0 100.0 
 308 1362623605     823140 0 8 40.0 100.0 
 308 1362623605     833126 0 8 40.0 100.0 
 308 1362623605     843173 0 8 40.0 100.0 
 308 1362623605     853136 0 8 40.0 100.0 
 308 1362623605     863190 0 8 40.0 100.0 
 308 1362623605     873186 0 8 40.0 100.0 
 308 1362623605     883208 0 8 40.0 100.0 
 308 1362623605     893150 0 8 40.0 100.0 
 309 1362623605     903166 0 8 40.0 100.0 
 308 1362623605     913182 0 8 40.0 100.0 
 309 1362623605     923230 0 8 40.0 100.0 
 308 1362623605     933188 0 8 40.0 100.0 
 309 1362623605     943186 0 8 40.0 100.0 
 307 1362623605     953213 0 8 40.0 100.0 
 308 1362623605     963224 0 8 40.0 100.0 
 308 1362623605     973245 0 8 40.0 100.0 
 308 1362623605     983217 0 8 40.0 100.0 
 308 1362623605     993279 0 8 40.0 100.0 
 308 1362623606       3243 0 8 40.0 100.0 
 308 1362623606      13255 0 8 40.0 100.0 
 308 1362623606      23252 0 8 40.0 100.0 
 308 1362623606      33288 0 8 40.0 100.0 
 308 1362623606      43285 0 8 40.0 100.0 
 309 1362623606      53280 0 8 40.0 100.0 
 307 1362623606      63313 0 8 40.0 100.0 
 308 1362623606      73323 0 8 40.0 100.0 
 308 1362623606      83332 0 8 40.0 100.0 
 309 1362623606      93320 0 8 40.0 100.0 
 308 1362623606     103329 0 8 40.0 100.0 
 309 1362623606     113308 0 8 40.0 100.0 
 308 1362623606     123336 0 8 40.0 100.0 
 309 1362623606     133349 0 8 40.0 100.0 
 308 1362623606     143378 0 8 40.0 100.0 
 308 1362623606     153360 0 8 40.0 100.0 
 309 1362623606     163377 0 8 40.0 100.0 
 308 1362623606     173343 0 8 40.0 100.0 
 308 1362623606     183349 0 8 40.0 100.0 
 307 1362623606     193382 0 8 40.0 100.0 
 309 1362623606     203355 0 8 40.0 100.0 
 309 1362623606     213363 0 8 40.0 100.0 
 309 1362623606     223388 0 8 40.0 100.0 
 308 1362623606     233380 0 8 40.0 100.0 
 308 1362623606     243389 0 8 40.0 100.0 
 308 1362623606     253393 0 8 40.0 100.0 
 308 1362623606     263452 0 8 40.0 100.0 
 308 1362623606     273424 0 8 40.0 100.0 
 308 1362623606     283453 0 8 40.0 100.0 
 308 1362623606     293475 0 8 40.0 100.0 
 308 1362623606     303435 0 8 40.0 100.0 
 309 1362623606     313487 0 8 40.0 100.0 
 308 1362623606     323483 0 8 40.0 100.0 
 308 1362623606     333466 0 8 40.0 100.0 
 308 1362623606     343501 0 8 40.0 100.0 
 308 1362623606     353475 0 8 40.0 100.0 
 308 1362623606     363507 0 8 40.0 100.0 
 308 1362623606     373499 0 8 40.0 100.0 
 308 1362623606     383492 0 8 40.0 100.0 
 308 1362623606     393534 0 8 40.0 100.0 
 308 1362623606     403517 0 8 40.0 100.0 
 309 1362623606     413508 0 8 40.0 100.0 
 309 1362623606     423503 0 8 40.0 100.0 
 308 1362623606     433554 0 8 40.0 100.0 
 309 1362623606     443535 0 8 40.0 100.0 
 307 1362623606     453548 0 8 40.0 100.0 
 309 1362623606     463588 0 8 40.0 100.0 
 309 1362623606     473576 0 8 40.0 100.0 
 309 1362623606     483555 0 8 40.0 100.0 
 308 1362623606     493590 0 8 40.0 100.0 
 308 1362623606     503574 0 8 40.0 100.0 
 308 1362623606     513571 0 8 40.0 100.0 
 308 1362623606     523577 0 8 40.0 100.0 
 308 1362623606     533575 0 8 40.0 100.0 
 307 1362623606     543593 0 8 40.0 100.0 
 309 1362623606     553635 0 8 40.0 100.0 
 308 1362623606     563632 0 8 40.0 100.0 
 308 1362623606     573622 0 8 40.0 100.0 
 308 1362623606     583643 0 8 40.0 100.0 
 308 1362623606     593677 0 8 40.0 100.0 
 309 1362623606     603623 0 8 40.0 100.0 
 309 1362623606     613645 0 8 40.0 100.0 
 309 1362623606     623683 0 8 40.0 100.0 
 308 1362623606     633666 0 8 40.0 100.0 
 308 1362623606     643658 0 8 40.0 100.0 
 308 1362623606     653714 0 8 40.0 100.0 
 308 1362623606     663693 0 8 40.0 100.0 
 308 1362623606     673701 0 8 40.0 100.0 
 308 1362623606     683728 0 8 40.0 100.0 
 308 1362623606     693744 0 8 40.0 100.0 
 308 1362623606     703703 0 8 40.0 100.0 
 308 1362623606     713701 0 8 40.0 100.0 
 309 1362623606     723751 0 8 40.0 100.0 
 308 1362623606     733744 0 8 40.0 100.0 
 309 1362623606     743762 0 8 40.0 100.0 
 307 1362623606     753731 0 8 40.0 100.0 
 308 1362623606     763763 0 8 40.0 100.0 
 308 1362623606     773785 0 8 40.0 100.0 
 309 1362623606     783803 0 8 40.0 100.0 
 309 1362623606     793776 0 8 40.0 100.0 
 308 1362623606     803811 0 8 40.0 100.0 
 308 1362623606     813786 0 8 40.0 100.0 
 307 1362623606     823817 0 8 40.0 100.0 
 309 1362623606     833796 0 8 40.0 100.0 
 308 1362623606     843784 0 8 40.0 100.0 
 309 1362623606     853849 0 8 40.0 100.0 
 308 1362623606     863851 0 8 40.0 100.0 
 308 1362623606     873831 0 8 40.0 100.0 
 308 1362623606     883833 0 8 40.0 100.0 
 309 1362623606     893831 0 8 40.0 100.0 
 308 1362623606     903878 0 8 40.0 100.0 
 309 1362623606     913850 0 8 40.0 100.0 
 309 1362623606     923838 0 8 40.0 100.0 
 308 1362623606     933848 0 8 40.0 100.0 
 309 1362623606     943880 0 8 40.0 100.0 
 308 1362623606     953864 0 8 40.0 100.0 
 309 1362623606     963875 0 8 40.0 100.0 
 308 1362623606     973889 0 8 40.0 100.0 
 309 1362623606     983882 0 8 40.0 100.0 
 309 1362623606     993885 0 8 40.0 100.0 
 308 1362623607       3920 0 8 40.0 100.0 
 308 1362623607      13953 0 8 40.0 100.0 
 309 1362623607      23958 0 8 40.0 100.0 
 309 1362623607      33957 0 8 40.0 100.0 
 309 1362623607      43960 0 8 40.0 100.0 
 308 1362623607      53947 0 8 40.0 100.0 
 308 1362623607      63925 0 8 40.0 100.0 
 309 1362623607      73941 0 8 40.0 100.0 
 308 1362623607      83942 0 8 40.0 100.0 
 308 1362623607      93961 0 8 40.0 100.0 
 308 1362623607     103971 0 8 40.0 100.0 
 309 1362623607     113969 0 8 40.0 100.0 
 309 1362623607     123985 0 8 40.0 100.0 
 308 1362623607     133969 0 8 40.0 100.0 
 308 1362623607     144000 0 8 40.0 100.0 
 308 1362623607     153997 0 8 40.0 100.0 
 308 1362623607     164018 0 8 40.0 100.0 
 308 1362623607     174017 0 8 40.0 100.0 
 309 1362623607     184043 0 8 40.0 100.0 
 308 1362623607     194056 0 8 40.0 100.0 
 309 1362623607     204020 0 8 40.0 100.0 
 308 1362623607     214043 0 8 40.0 100.0 
 309 1362623607     224083 0 8 40.0 100.0 
 308 1362623607     234045 0 8 40.0 100.0 
 308 1362623607     244082 0 8 40.0 100.0 
 308 1362623607     254053 0 8 40.0 100.0 
 308 1362623607     264086 0 8 40.0 100.0 
 308 1362623607     274107 0 8 40.0 100.0 
 308 1362623607     284124 0 8 40.0 100.0 
 308 1362623607     294115 0 8 40.0 100.0 
 309 1362623607     304141 0 8 40.0 100.0 
 308 1362623607     314098 0 8 40.0 100.0 
 308 1362623607     324096 0 8 40.0 100.0 
 308 1362623607     334109 0 8 40.0 100.0 
 307 1362623607     344172 0 8 40.0 100.0 
 308 1362623607     354158 0 8 40.0 100.0 
 308 1362623607     364127 0 8 40.0 100.0 
 308 1362623607     374176 0 8 40.0 100.0 
 308 1362623607     384135 0 8 40.0 100.0 
 309 1362623607     394195 0 8 40.0 100.0 
 308 1362623607     404203 0 8 40.0 100.0 
 308 1362623607     414219 0 8 40.0 100.0 
 308 1362623607     424215 0 8 40.0 100.0 
 309 1362623607     434192 0 8 40.0 100.0 
 308 1362623607     444180 0 8 40.0 100.0 
 308 1362623607     454214 0 8 40.0 100.0 
 309 1362623607     464208 0 8 40.0 100.0 
 309 1362623607     474205 0 8 40.0 100.0 
 308 1362623607     484263 0 8 40.0 100.0 
 308 1362623607     494220 0 8 40.0 100.0 
 309 1362623607     504265 0 8 40.0 100.0 
 308 1362623607     514258 0 8 40.0 100.0 
 308 1362623607     524257 0 8 40.0 100.0 
 308 1362623607     534261 0 8 40.0 100.0 
 308 1362623607     544288 0 8 40.0 100.0 
 308 1362623607     554308 0 8 40.0 100.0 
 308 1362623607     564269 0 8 40.0 100.0 
 308 1362623607     574291 0 8 40.0 100.0 
 308 1362623607     584276 0 8 40.0 100.0 
 308 1362623607     594273 0 8 40.0 100.0 
 308 1362623607     604334 0 8 40.0 100.0 
 308 1362623607     614293 0 8 40.0 100.0 
 308 1362623607     624330 0 8 40.0 100.0 
 308 1362623607     634328 0 8 40.0 100.0 
 309 1362623607     644344 0 8 40.0 100.0 
 308 1362623607     654322 0 8 40.0 100.0 
 308 1362623607     664325 0 8 40.0 100.0 
 309 1362623607     674388 0 8 40.0 100.0 
 308 1362623607     684367 0 8 40.0 100.0 
 308 1362623607     694386 0 8 40.0 100.0 
 308 1362623607     704364 0 8 40.0 100.0 
 308 1362623607     714364 0 8 40.0 100.0 
 308 1362623607     724387 0 8 40.0 100.0 
 308 1362623607     734387 0 8 40.0 100.0 
 309 1362623607     744428 0 8 40.0 100.0 
 308 1362623607     754427 0 8 40.0 100.0 
 309 1362623607     764391 0 8 40.0 100.0 
 308 1362623607     774426 0 8 40.0 100.0 
 308 1362623607     784444 0 8 40.0 100.0 
 308 1362623607     794434 0 8 40.0 100.0 
 308 1362623607     804432 0 8 40.0 100.0 
 308 1362623607     814428 0 8 40.0 100.0 
 309 1362623607     824482 0 8 40.0 100.0 
 309 1362623607     834438 0 8 40.0 100.0 
 309 1362623607     844493 0 8 40.0 100.0 
 309 1362623607     854455 0 8 40.0 100.0 
 308 1362623607     864482 0 8 40.0 100.0 
 309 1362623607     874485 0 8 40.0 100.0 
 308 1362623607     884499 0 8 40.0 100.0 
 308 1362623607     894495 0 8 40.0 100.0 
 308 1362623607     904512 0 8 40.0 100.0 
 309 1362623607     914506 0 8 40.0 100.0 
 308 1362623607     924509 0 8 40.0 100.0 
 308 1362623607     934522 0 8 40.0 100.0 
 308 1362623607     944571 0 8 40.0 100.0 
 308 1362623607     954564 0 8 40.0 100.0 
 308 1362623607     964534 0 8 40.0 100.0 
 308 1362623607     974564 0 8 40.0 100.0 
 308 1362623607     984561 0 8 40.0 100.0 
 308 1362623607     994576 0 8 40.0 100.0 
 309 1362623608       4559 0 8 40.0 100.0 
 307 1362623608      14577 0 8 40.0 100.0 
 309 1362623608      24575 0 8 40.0 100.0 
 308 1362623608      34581 0 8 40.0 100.0 
 309 1362623608      44611 0 8 40.0 100.0 
 308 1362623608      54607 0 8 40.0 100.0 
 308 1362623608      64612 0 8 40.0 100.0 
 308 1362623608      74649 0 8 40.0 100.0 
 309 1362623608      84647 0 8 40.0 100.0 
 308 1362623608      94649 0 8 40.0 100.0 
 309 1362623608     104668 0 8 40.0 100.0 
 309 1362623608     114636 0 8 40.0 100.0 
 308 1362623608     124671 0 8 40.0 100.0 
 309 1362623608     134664 0 8 40.0 100.0 
 308 1362623608     144656 0 8 40.0 100.0 
 309 1362623608     154674 0 8 40.0 100.0 
 308 1362623608     164653 0 8 40.0 100.0 
 309 1362623608     174680 0 8 40.0 100.0 
 308 1362623608     184670 0 8 40.0 100.0 
 308 1362623608     194719 0 8 40.0 100.0 
 308 1362623608     204710 0 8 40.0 100.0 
 308 1362623608     214708 0 8 40.0 100.0 
 308 1362623608     224732 0 8 40.0 100.0 
 308 1362623608     234734 0 8 40.0 100.0 
 308 1362623608     244745 0 8 40.0 100.0 
 309 1362623608     254730 0 8 40.0 100.0 
 309 1362623608     264723 0 8 40.0 100.0 
 308 1362623608     274782 0 8 40.0 100.0 
 308 1362623608     284781 0 8 40.0 100.0 
 308 1362623608     294737 0 8 40.0 100.0 
 309 1362623608     304756 0 8 40.0 100.0 
 308 1362623608     314813 0 8 40.0 100.0 
 308 1362623608     324756 0 8 40.0 100.0 
 308 1362623608     334807 0 8 40.0 100.0 
 308 1362623608     344771 0 8 40.0 100.0 
 309 1362623608     354829 0 8 40.0 100.0 
 308 1362623608     364782 0 8 40.0 100.0 
 308 1362623608     374790 0 8 40.0 100.0 
 309 1362623608     384806 0 8 40.0 100.0 
 308 1362623608     394844 0 8 40.0 100.0 
 308 1362623608     404812 0 8 40.0 100.0 
 309 1362623608     414876 0 8 40.0 100.0 
 308 1362623608     424831 0 8 40.0 100.0 
 308 1362623608     434890 0 8 40.0 100.0 
 308 1362623608     444882 0 8 40.0 100.0 
 308 1362623608     454886 0 8 40.0 100.0 
 308 1362623608     464874 0 8 40.0 100.0 
 309 1362623608     474875 0 8 40.0 100.0 
 308 1362623608     484886 0 8 40.0 100.0 
 308 1362623608     494915 0 8 40.0 100.0 
 308 1362623608     504929 0 8 40.0 100.0 
 308 1362623608     514900 0 8 40.0 100.0 
 309 1362623608     524890 0 8 40.0 100.0 
 308 1362623608     534914 0 8 40.0 100.0 
 308 1362623608     544906 0 8 40.0 100.0 
 308 1362623608     554920 0 8 40.0 100.0 
 308 1362623608     564949 0 8 40.0 100.0 
 308 1362623608     574925 0 8 40.0 100.0 
 309 1362623608     584948 0 8 40.0 100.0 
 309 1362623608     594978 0 8 40.0 100.0 
 308 1362623608     604961 0 8 40.0 100.0 
 308 1362623608     614992 0 8 40.0 100.0 
 308 1362623608     625006 0 8 40.0 100.0 
 308 1362623608     635024 0 8 40.0 100.0 
 308 1362623608     645017 0 8 40.0 100.0 
 308 1362623608     654984 0 8 40.0 100.0 
 308 1362623608     665032 0 8 40.0 100.0 
 309 1362623608     675015 0 8 40.0 100.0 
 308 1362623608     684998 0 8 40.0 100.0 
 308 1362623608     695048 0 8 40.0 100.0 
 307 1362623608     705060 0 8 40.0 100.0 
 309 1362623608     715045 0 8 40.0 100.0 
 308 1362623608     725052 0 8 40.0 100.0 
 308 1362623608     735035 0 8 40.0 100.0 
 308 1362623608     745034 0 8 40.0 100.0 
 308 1362623608     755044 0 8 40.0 100.0 
 308 1362623608     765098 0 8 40.0 100.0 
 309 1362623608     775103 0 8 40.0 100.0 
 308 1362623608     785092 0 8 40.0 100.0 
 309 1362623608     795126 0 8 40.0 100.0 
 308 1362623608     805107 0 8 40.0 100.0 
 308 1362623608     815091 0 8 40.0 100.0 
 309 1362623608     825094 0 8 40.0 100.0 
 308 1362623608     835119 0 8 40.0 100.0 
 309 1362623608     845108 0 8 40.0 100.0 
 308 1362623608     855154 0 8 40.0 100.0 
 309 1362623608     865174 0 8 40.0 100.0 
 308 1362623608     875133 0 8 40.0 100.0 
 308 1362623608     885183 0 8 40.0 100.0 
 308 1362623608     895140 0 8 40.0 100.0 
 308 1362623608     905187 0 8 40.0 100.0 
 308 1362623608     915165 0 8 40.0 100.0 
 309 1362623608     925153 0 8 40.0 100.0 
 309 1362623608     935223 0 8 40.0 100.0 
 309 1362623608     945209 0 8 40.0 100.0 
 308 1362623608     955197 0 8 40.0 100.0 
 308 1362623608     965200 0 8 40.0 100.0 
 309 1362623608     975239 0 8 40.0 100.0 
 308 1362623608     985250 0 8 40.0 100.0 
 309 1362623608     995219 0 8 40.0 100.0 
 307 1362623609       5243 0 8 40.0 100.0 
 308 1362623609      15216 0 8 40.0 100.0 
 308 1362623609      25274 0 8 40.0 100.0 
 308 1362623609      35267 0 8 40.0 100.0 
 308 1362623609      45286 0 8 40.0 100.0 
 308 1362623609      55278 0 8 40.0 100.0 
 308 1362623609      65293 0 8 40.0 100.0 
 309 1362623609      75276 0 8 40.0 100.0 
 308 1362623609      85295 0 8 40.0 100.0 
 307 1362623609      95327 0 8 40.0 100.0 
 309 1362623609     105325 0 8 40.0 100.0 
 307 1362623609     115300 0 8 40.0 100.0 
 309 1362623609     125343 0 8 40.0 100.0 
 308 1362623609     135310 0 8 40.0 100.0 
 308 1362623609     145322 0 8 40.0 100.0 
 308 1362623609     155309 0 8 40.0 100.0 
 309 1362623609     165339 0 8 40.0 100.0 
 308 1362623609     175329 0 8 40.0 100.0 
 308 1362623609     185383 0 8 40.0 100.0 
 308 1362623609     195350 0 8 40.0 100.0 
 308 1362623609     205347 0 8 40.0 100.0 
 308 1362623609     215369 0 8 40.0 100.0 
 308 1362623609     225390 0 8 40.0 100.0 
 308 1362623609     235414 0 8 40.0 100.0 
 307 1362623609     245405 0 8 40.0 100.0 
 308 1362623609     255428 0 8 40.0 100.0 
 308 1362623609     265420 0 8 40.0 100.0 
 308 1362623609     275433 0 8 40.0 100.0 
 308 1362623609     285427 0 8 40.0 100.0 
 309 1362623609     295439 0 8 40.0 100.0 
 308 1362623609     305412 0 8 40.0 100.0 
 309 1362623609     315475 0 8 40.0 100.0 
 309 1362623609     325468 0 8 40.0 100.0 
 308 1362623609     335449 0 8 40.0 100.0 
 309 1362623609     345492 0 8 40.0 100.0 
 307 1362623609     355479 0 8 40.0 100.0 
 308 1362623609     365463 0 8 40.0 100.0 
 307 1362623609     375493 0 8 40.0 100.0 
 308 1362623609     385500 0 8 40.0 100.0 
 309 1362623609     395504 0 8 40.0 100.0 
 308 1362623609     405500 0 8 40.0 100.0 
 308 1362623609     415502 0 8 40.0 100.0 
 309 1362623609     425487 0 8 40.0 100.0 
 309 1362623609     435518 0 8 40.0 100.0 
 309 1362623609     445497 0 8 40.0 100.0 
 308 1362623609     455559 0 8 40.0 100.0 
 308 1362623609     465512 0 8 40.0 100.0 
 309 1362623609     475538 0 8 40.0 100.0 
 308 1362623609     485583 0 8 40.0 100.0 
 308 1362623609     495544 0 8 40.0 100.0 
 308 1362623609     505554 0 8 40.0 100.0 
 309 1362623609     515553 0 8 40.0 100.0 
 308 1362623609     525559 0 8 40.0 100.0 
 308 1362623609     535615 0 8 40.0 100.0 
 308 1362623609     545578 0 8 40.0 100.0 
 309 1362623609     555597 0 8 40.0 100.0 
 308 1362623609     565628 0 8 40.0 100.0 
 309 1362623609     575621 0 8 40.0 100.0 
 308 1362623609     585596 0 8 40.0 100.0 
 308 1362623609     595596 0 8 40.0 100.0 
 309 1362623609     605662 0 8 40.0 100.0 
 308 1362623609     615653 0 8 40.0 100.0 
 309 1362623609     625676 0 8 40.0 100.0 
 309 1362623609     635682 0 8 40.0 100.0 
 308 1362623609     645682 0 8 40.0 100.0 
 309 1362623609     655698 0 8 40.0 100.0 
 308 1362623609     665673 0 8 40.0 100.0 
 308 1362623609     675700 0 8 40.0 100.0 
 308 1362623609     685719 0 8 40.0 100.0 
 309 1362623609     695673 0 8 40.0 100.0 
 308 1362623609     705725 0 8 40.0 100.0 
 308 1362623609     715710 0 8 40.0 100.0 
 308 1362623609     725709 0 8 40.0 100.0 
 309 1362623609     735708 0 8 40.0 100.0 
 308 1362623609     745723 0 8 40.0 100.0 
 309 1362623609     755740 0 8 40.0 100.0 
 308 1362623609     765733 0 8 40.0 100.0 
 309 1362623609     775716 0 8 40.0 100.0 
 309 1362623609     785778 0 8 40.0 100.0 
 308 1362623609     795768 0 8 40.0 100.0 
 309 1362623609     805796 0 8 40.0 100.0 
 309 1362623609     815791 0 8 40.0 100.0 
 308 1362623609     825782 0 8 40.0 100.0 
 309 1362623609     835759 0 8 40.0 100.0 
 308 1362623609     845819 0 8 40.0 100.0 
 308 1362623609     855821 0 8 40.0 100.0 
 307 1362623609     865780 0 8 40.0 100.0 
 308 1362623609     875831 0 8 40.0 100.0 
 309 1362623609     885830 0 8 40.0 100.0 
 308 1362623609     895839 0 8 40.0 100.0 
 309 1362623609     905846 0 8 40.0 100.0 
 308 1362623609     915834 0 8 40.0 100.0 
 308 1362623609     925856 0 8 40.0 100.0 
 308 1362623609     935860 0 8 40.0 100.0 
 308 1362623609     945856 0 8 40.0 100.0 
 308 1362623609     955867 0 8 40.0 100.0 
 309 1362623609     965898 0 8 40.0 100.0 
 308 1362623609     975883 0 8 40.0 100.0 
 309 1362623609     985860 0 8 40.0 100.0 
 309 1362623609     995909 0 8 40.0 100.0 
 308 1362623610       5879 0 8 40.0 100.0 
 308 1362623610      15875 0 8 40.0 100.0 
 309 1362623610      25891 0 8 40.0 100.0 
 309 1362623610      35942 0 8 40.0 100.0 
 307 1362623610      45909 0 8 40.0 100.0 
 309 1362623610      55917 0 8 40.0 100.0 
 309 1362623610      65908 0 8 40.0 100.0 
 308 1362623610      75938 0 8 40.0 100.0 
 309 1362623610      85931 0 8 40.0 100.0 
 309 1362623610      95960 0 8 40.0 100.0 
 308 1362623610     105940 0 8 40.0 100.0 
 308 1362623610     115962 0 8 40.0 100.0 
 309 1362623610     125976 0 8 40.0 100.0 
 308 1362623610     135999 0 8 40.0 100.0 
 308 1362623610     145997 0 8 40.0 100.0 
 308 1362623610     156027 0 8 40.0 100.0 
 309 1362623610     166005 0 8 40.0 100.0 
 308 1362623610     176040 0 8 40.0 100.0 
 309 1362623610     185995 0 8 40.0 100.0 
 308 1362623610     196054 0 8 40.0 100.0 
 308 1362623610     206027 0 8 40.0 100.0 
 308 1362623610     216016 0 8 40.0 100.0 
 309 1362623610     226062 0 8 40.0 100.0 
 308 1362623610     236042 0 8 40.0 100.0 
 307 1362623610     246047 0 8 40.0 100.0 
 308 1362623610     256089 0 8 40.0 100.0 
 308 1362623610     266057 0 8 40.0 100.0 
 308 1362623610     276099 0 8 40.0 100.0 
 308 1362623610     286067 0 8 40.0 100.0 
 308 1362623610     296089 0 8 40.0 100.0 
 309 1362623610     306109 0 8 40.0 100.0 
 309 1362623610     316129 0 8 40.0 100.0 
 308 1362623610     326102 0 8 40.0 100.0 
 308 1362623610     336119 0 8 40.0 100.0 
 309 1362623610     346134 0 8 40.0 100.0 
 309 1362623610     356161 0 8 40.0 100.0 
 309 1362623610     366159 0 8 40.0 100.0 
 308 1362623610     376131 0 8 40.0 100.0 
 309 1362623610     386139 0 8 40.0 100.0 
 308 1362623610     396182 0 8 40.0 100.0 
 308 1362623610     406143 0 8 40.0 100.0 
 308 1362623610     416153 0 8 40.0 100.0 
 308 1362623610     426161 0 8 40.0 100.0 
 308 1362623610     436188 0 8 40.0 100.0 
 308 1362623610     446166 0 8 40.0 100.0 
 308 1362623610     456177 0 8 40.0 100.0 
 308 1362623610     466173 0 8 40.0 100.0 
 308 1362623610     476226 0 8 40.0 100.0 
 309 1362623610     486245 0 8 40.0 100.0 
 309 1362623610     496235 0 8 40.0 100.0 
 308 1362623610     506240 0 8 40.0 100.0 
 309 1362623610     516220 0 8 40.0 100.0 
 308 1362623610     526246 0 8 40.0 100.0 
 308 1362623610     536232 0 8 40.0 100.0 
 308 1362623610     546288 0 8 40.0 100.0 
 308 1362623610     556286 0 8 40.0 100.0 
 308 1362623610     566260 0 8 40.0 100.0 
 308 1362623610     576302 0 8 40.0 100.0 
 309 1362623610     586303 0 8 40.0 100.0 
 307 1362623610     596258 0 8 40.0 100.0 
 309 1362623610     606307 0 8 40.0 100.0 
 309 1362623610     616301 0 8 40.0 100.0 
 309 1362623610     626306 0 8 40.0 100.0 
 308 1362623610     636295 0 8 40.0 100.0 
 309 1362623610     646316 0 8 40.0 100.0 
 309 1362623610     656314 0 8 40.0 100.0 
 309 1362623610     666342 0 8 40.0 100.0 
 309 1362623610     676322 0 8 40.0 100.0 
 308 1362623610     686339 0 8 40.0 100.0 
 309 1362623610     696324 0 8 40.0 100.0 
 308 1362623610     706387 0 8 40.0 100.0 
 309 1362623610     716388 0 8 40.0 100.0 
 308 1362623610     726345 0 8 40.0 100.0 
 308 1362623610     736405 0 8 40.0 100.0 
 309 1362623610     746416 0 8 40.0 100.0 
 309 1362623610     756395 0 8 40.0 100.0 
 308 1362623610     766410 0 8 40.0 100.0 
 308 1362623610     776411 0 8 40.0 100.0 
 308 1362623610     786412 0 8 40.0 100.0 
 307 1362623610     796411 0 8 40.0 100.0 
 308 1362623610     806444 0 8 40.0 100.0 
 309 1362623610     816413 0 8 40.0 100.0 
 308 1362623610     826416 0 8 40.0 100.0 
 309 1362623610     836476 0 8 40.0 100.0 
 309 1362623610     846427 0 8 40.0 100.0 
 308 1362623610     856488 0 8 40.0 100.0 
 309 1362623610     866466 0 8 40.0 100.0 
 308 1362623610     876506 0 8 40.0 100.0 
 309 1362623610     886501 0 8 40.0 100.0 
 308 1362623610     896493 0 8 40.0 100.0 
 309 1362623610     906480 0 8 40.0 100.0 
 308 1362623610     916494 0 8 40.0 100.0 
 309 1362623610     926486 0 8 40.0 100.0 
 309 1362623610     936512 0 8 40.0 100.0 
 308 1362623610     946490 0 8 40.0 100.0 
 309 1362623610     956528 0 8 40.0 100.0 
 308 1362623610     966552 0 8 40.0 100.0 
 308 1362623610     976543 0 8 40.0 100.0 
 308 1362623610     986572 0 8 40.0 100.0 
 309 1362623610     996537 0 8 40.0 100.0 
 308 1362623611       6557 0 8 40.0 100.0 
 309 1362623611      16546 0 8 40.0 100.0 
 308 1362623611      26551 0 8 40.0 100.0 
 308 1362623611      36552 0 8 40.0 100.0 
 308 1362623611      46554 0 8 40.0 100.0 
 308 1362623611      56611 0 8 40.0 100.0 
 308 1362623611      66608 0 8 40.0 100.0 
 308 1362623611      76613 0 8 40.0 100.0 
 308 1362623611      86614 0 8 40.0 100.0 
 308 1362623611      96611 0 8 40.0 100.0 
 309 1362623611     106615 0 8 40.0 100.0 
 308 1362623611     116657 0 8 40.0 100.0 
 309 1362623611     126641 0 8 40.0 100.0 
 309 1362623611     136635 0 8 40.0 100.0 
 309 1362623611     146631 0 8 40.0 100.0 
 308 1362623611     156669 0 8 40.0 100.0 
 308 1362623611     166688 0 8 40.0 100.0 
 308 1362623611     176666 0 8 40.0 100.0 
 308 1362623611     186689 0 8 40.0 100.0 
 308 1362623611     196681 0 8 40.0 100.0 
 308 1362623611     206677 0 8 40.0 100.0 
 309 1362623611     216726 0 8 40.0 100.0 
 308 1362623611     226735 0 8 40.0 100.0 
 309 1362623611     236721 0 8 40.0 100.0 
 309 1362623611     246699 0 8 40.0 100.0 
 308 1362623611     256756 0 8 40.0 100.0 
 308 1362623611     266761 0 8 40.0 100.0 
 309 1362623611     276733 0 8 40.0 100.0 
 309 1362623611     286755 0 8 40.0 100.0 
 308 1362623611     296780 0 8 40.0 100.0 
 309 1362623611     306731 0 8 40.0 100.0 
 308 1362623611     316742 0 8 40.0 100.0 
 309 1362623611     326761 0 8 40.0 100.0 
 308 1362623611     336771 0 8 40.0 100.0 
 309 1362623611     346809 0 8 40.0 100.0 
 308 1362623611     356768 0 8 40.0 100.0 
 309 1362623611     366800 0 8 40.0 100.0 
 308 1362623611     376830 0 8 40.0 100.0 
 309 1362623611     386785 0 8 40.0 100.0 
 309 1362623611     396842 0 8 40.0 100.0 
 308 1362623611     406844 0 8 40.0 100.0 
 309 1362623611     416804 0 8 40.0 100.0 
 309 1362623611     426836 0 8 40.0 100.0 
 308 1362623611     436828 0 8 40.0 100.0 
 308 1362623611     446821 0 8 40.0 100.0 
 309 1362623611     456878 0 8 40.0 100.0 
 308 1362623611     466847 0 8 40.0 100.0 
 309 1362623611     476900 0 8 40.0 100.0 
 309 1362623611     486868 0 8 40.0 100.0 
 309 1362623611     496874 0 8 40.0 100.0 
 308 1362623611     506907 0 8 40.0 100.0 
 309 1362623611     516897 0 8 40.0 100.0 
 309 1362623611     526877 0 8 40.0 100.0 
 309 1362623611     536917 0 8 40.0 100.0 
 308 1362623611     546931 0 8 40.0 100.0 
 308 1362623611     556927 0 8 40.0 100.0 
 308 1362623611     566943 0 8 40.0 100.0 
 309 1362623611     576929 0 8 40.0 100.0 
 308 1362623611     586929 0 8 40.0 100.0 
 308 1362623611     596921 0 8 40.0 100.0 
 308 1362623611     606970 0 8 40.0 100.0 
 308 1362623611     616991 0 8 40.0 100.0 
 309 1362623611     626992 0 8 40.0 100.0 
 308 1362623611     636977 0 8 40.0 100.0 
 308 1362623611     646957 0 8 40.0 100.0 
 308 1362623611     656990 0 8 40.0 100.0 
 309 1362623611     667007 0 8 40.0 100.0 
 307 1362623611     676991 0 8 40.0 100.0 
 309 1362623611     687015 0 8 40.0 100.0 
 309 1362623611     696998 0 8 40.0 100.0 
 308 1362623611     707000 0 8 40.0 100.0 
 309 1362623611     717017 0 8 40.0 100.0 
 308 1362623611     727061 0 8 40.0 100.0 
 309 1362623611     737019 0 8 40.0 100.0 
 308 1362623611     747076 0 8 40.0 100.0 
 308 1362623611     757066 0 8 40.0 100.0 
 307 1362623611     767084 0 8 40.0 100.0 
 309 1362623611     777094 0 8 40.0 100.0 
 308 1362623611     787048 0 8 40.0 100.0 
 308 1362623611     797092 0 8 40.0 100.0 
 308 1362623611     807059 0 8 40.0 100.0 
 308 1362623611     817071 0 8 40.0 100.0 
 308 1362623611     827116 0 8 40.0 100.0 
 308 1362623611     837093 0 8 40.0 100.0 
 309 1362623611     847118 0 8 40.0 100.0 
 307 1362623611     857152 0 8 40.0 100.0 
 309 1362623611     867101 0 8 40.0 100.0 
 308 1362623611     877129 0 8 40.0 100.0 
 309 1362623611     887172 0 8 40.0 100.0 
 308 1362623611     897140 0 8 40.0 100.0 
 309 1362623611     907126 0 8 40.0 100.0 
 307 1362623611     917162 0 8 40.0 100.0 
 308 1362623611     927197 0 8 40.0 100.0 
 308 1362623611     937164 0 8 40.0 100.0 
 308 1362623611     947154 0 8 40.0 100.0 
 309 1362623611     957198 0 8 40.0 100.0 
 308 1362623611     967161 0 8 40.0 100.0 
 309 1362623611     977198 0 8 40.0 100.0 
 308 1362623611     987176 0 8 40.0 100.0 
 309 1362623611     997227 0 8 40.0 100.0 
 308 1362623612       7197 0 8 40.0 100.0 
 308 1362623612      17250 0 8 40.0 100.0 
 309 1362623612      27246 0 8 40.0 100.0 
 308 1362623612      37221 0 8 40.0 100.0 
 308 1362623612      47280 0 8 40.0 100.0 
 309 1362623612      57283 0 8 40.0 100.0 
 309 1362623612      67272 0 8 40.0 100.0 
 308 1362623612      77288 0 8 40.0 100.0 
 309 1362623612      87303 0 8 40.0 100.0 
 308 1362623612      97269 0 8 40.0 100.0 
 310 1362623612     107271 0 8 40.0 100.0 
 308 1362623612     117312 0 8 40.0 100.0 
 309 1362623612     127279 0 8 40.0 100.0 
 309 1362623612     137332 0 8 40.0 100.0 
 308 1362623612     147326 0 8 40.0 100.0 
 308 1362623612     157346 0 8 40.0 100.0 
 309 1362623612     167335 0 8 40.0 100.0 
 308 1362623612     177310 0 8 40.0 100.0 
 308 1362623612     187354 0 8 40.0 100.0 
 309 1362623612     197316 0 8 40.0 100.0 
 308 1362623612     207324 0 8 40.0 100.0 
 309 1362623612     217383 0 8 40.0 100.0 
 308 1362623612     227373 0 8 40.0 100.0 
 308 1362623612     237368 0 8 40.0 100.0 
 308 1362623612     247371 0 8 40.0 100.0 
 308 1362623612     257384 0 8 40.0 100.0 
 308 1362623612     267373 0 8 40.0 100.0 
 307 1362623612     277407 0 8 40.0 100.0 
 309 1362623612     287401 0 8 40.0 100.0 
 309 1362623612     297444 0 8 40.0 100.0 
 308 1362623612     307428 0 8 40.0 100.0 
 308 1362623612     317409 0 8 40.0 100.0 
 308 1362623612     327401 0 8 40.0 100.0 
 308 1362623612     337450 0 8 40.0 100.0 
 309 1362623612     347460 0 8 40.0 100.0 
 308 1362623612     357457 0 8 40.0 100.0 
 308 1362623612     367433 0 8 40.0 100.0 
 309 1362623612     377492 0 8 40.0 100.0 
 308 1362623612     387478 0 8 40.0 100.0 
 309 1362623612     397472 0 8 40.0 100.0 
 309 1362623612     407485 0 8 40.0 100.0 
 308 1362623612     417464 0 8 40.0 100.0 
 308 1362623612     427497 0 8 40.0 100.0 
 309 1362623612     437510 0 8 40.0 100.0 
 308 1362623612     447518 0 8 40.0 100.0 
 309 1362623612     457499 0 8 40.0 100.0 
 308 1362623612     467506 0 8 40.0 100.0 
 309 1362623612     477541 0 8 40.0 100.0 
 308 1362623612     487539 0 8 40.0 100.0 
 309 1362623612     497522 0 8 40.0 100.0 
 308 1362623612     507539 0 8 40.0 100.0 
 308 1362623612     517547 0 8 40.0 100.0 
 309 1362623612     527578 0 8 40.0 100.0 
 308 1362623612     537599 0 8 40.0 100.0 
 308 1362623612     547595 0 8 40.0 100.0 
 308 1362623612     557594 0 8 40.0 100.0 
 308 1362623612     567571 0 8 40.0 100.0 
 308 1362623612     577586 0 8 40.0 100.0 
 309 1362623612     587634 0 8 40.0 100.0 
 308 1362623612     597606 0 8 40.0 100.0 
 308 1362623612     607634 0 8 40.0 100.0 
 308 1362623612     617642 0 8 40.0 100.0 
 308 1362623612     627613 0 8 40.0 100.0 
 308 1362623612     637661 0 8 40.0 100.0 
 309 1362623612     647676 0 8 40.0 100.0 
 308 1362623612     657639 0 8 40.0 100.0 
 308 1362623612     667654 0 8 40.0 100.0 
 308 1362623612     677673 0 8 40.0 100.0 
 308 1362623612     687643 0 8 40.0 100.0 
 309 1362623612     697659 0 8 40.0 100.0 
 308 1362623612     707701 0 8 40.0 100.0 
 309 1362623612     717682 0 8 40.0 100.0 
 308 1362623612     727720 0 8 40.0 100.0 
 308 1362623612     737723 0 8 40.0 100.0 
 308 1362623612     747702 0 8 40.0 100.0 
 308 1362623612     757702 0 8 40.0 100.0 
 308 1362623612     767691 0 8 40.0 100.0 
 308 1362623612     777762 0 8 40.0 100.0 
 309 1362623612     787706 0 8 40.0 100.0 
 308 1362623612     797746 0 8 40.0 100.0 
 309 1362623612     807721 0 8 40.0 100.0 
 309 1362623612     817782 0 8 40.0 100.0 
 309 1362623612     827795 0 8 40.0 100.0 
 309 1362623612     837783 0 8 40.0 100.0 
 309 1362623612     847789 0 8 40.0 100.0 
 309 1362623612     857806 0 8 40.0 100.0 
 308 1362623612     867786 0 8 40.0 100.0 
 308 1362623612     877775 0 8 40.0 100.0 
 308 1362623612     887810 0 8 40.0 100.0 
 308 1362623612     897818 0 8 40.0 100.0 
 309 1362623612     907788 0 8 40.0 100.0 
 309 1362623612     917816 0 8 40.0 100.0 
 308 1362623612     927829 0 8 40.0 100.0 
 309 1362623612     937859 0 8 40.0 100.0 
 308 1362623612     947841 0 8 40.0 100.0 
 309 1362623612     957838 0 8 40.0 100.0 
 308 1362623612     967880 0 8 40.0 100.0 
 309 1362623612     977861 0 8 40.0 100.0 
 308 1362623612     987861 0 8 40.0 100.0 
 308 1362623612     997865 0 8 40.0 100.0 
 308 1362623613       7913 0 8 40.0 100.0 
 308 1362623613      17882 0 8 40.0 100.0 
 309 1362623613      27888 0 8 40.0 100.0 
 309 1362623613      37871 0 8 40.0 100.0 
 309 1362623613      47916 0 8 40.0 100.0 
 308 1362623613      57921 0 8 40.0 100.0 
 309 1362623613      67929 0 8 40.0 100.0 
 308 1362623613      77945 0 8 40.0 100.0 
 309 1362623613      87914 0 8 40.0 100.0 
 308 1362623613      97959 0 8 40.0 100.0 
 309 1362623613     107967 0 8 40.0 100.0 
 308 1362623613     117969 0 8 40.0 100.0 
 309 1362623613     127970 0 8 40.0 100.0 
 308 1362623613     137979 0 8 40.0 100.0 
 309 1362623613     147956 0 8 40.0 100.0 
 308 1362623613     158005 0 8 40.0 100.0 
 308 1362623613     167960 0 8 40.0 100.0 
 308 1362623613     177967 0 8 40.0 100.0 
 308 1362623613     188029 0 8 40.0 100.0 
 309 1362623613     198020 0 8 40.0 100.0 
 308 1362623613     208029 0 8 40.0 100.0 
 308 1362623613     218009 0 8 40.0 100.0 
 308 1362623613     228040 0 8 40.0 100.0 
 308 1362623613     238048 0 8 40.0 100.0 
 307 1362623613     248038 0 8 40.0 100.0 
 308 1362623613     258021 0 8 40.0 100.0 
 308 1362623613     268048 0 8 40.0 100.0 
 308 1362623613     278073 0 8 40.0 100.0 
 308 1362623613     288090 0 8 40.0 100.0 
 308 1362623613     298064 0 8 40.0 100.0 
 308 1362623613     308103 0 8 40.0 100.0 
 308 1362623613     318110 0 8 40.0 100.0 
 309 1362623613     328078 0 8 40.0 100.0 
 308 1362623613     338131 0 8 40.0 100.0 
 308 1362623613     348122 0 8 40.0 100.0 
 308 1362623613     358091 0 8 40.0 100.0 
 308 1362623613     368138 0 8 40.0 100.0 
 308 1362623613     378134 0 8 40.0 100.0 
