 605 1362629153     762336 2 1 40.0 150.0 
 605 1362629153     772329 2 1 40.0 150.0 
 606 1362629153     782337 2 1 40.0 150.0 
 605 1362629153     792325 2 1 40.0 150.0 
 604 1362629153     802354 2 1 40.0 150.0 
 604 1362629153     812363 2 1 40.0 150.0 
 604 1362629153     822387 2 1 40.0 150.0 
 605 1362629153     832325 2 1 40.0 150.0 
 605 1362629153     842362 2 1 40.0 150.0 
 605 1362629153     852347 2 1 40.0 150.0 
 604 1362629153     862368 2 1 40.0 150.0 
 605 1362629153     872389 2 1 40.0 150.0 
 605 1362629153     882411 2 1 40.0 150.0 
 605 1362629153     892380 2 1 40.0 150.0 
 605 1362629153     902385 2 1 40.0 150.0 
 605 1362629153     912410 2 1 40.0 150.0 
 605 1362629153     922442 2 1 40.0 150.0 
 605 1362629153     932400 2 1 40.0 150.0 
 605 1362629153     942421 2 1 40.0 150.0 
 604 1362629153     952446 2 1 40.0 150.0 
 604 1362629153     962474 2 1 40.0 150.0 
 605 1362629153     972430 2 1 40.0 150.0 
 604 1362629153     982444 2 1 40.0 150.0 
 604 1362629153     992475 2 1 40.0 150.0 
 604 1362629154       2508 2 1 40.0 150.0 
 605 1362629154      12510 2 1 40.0 150.0 
 605 1362629154      22466 2 1 40.0 150.0 
 605 1362629154      32493 2 1 40.0 150.0 
 605 1362629154      42526 2 1 40.0 150.0 
 605 1362629154      52492 2 1 40.0 150.0 
 605 1362629154      62509 2 1 40.0 150.0 
 604 1362629154      72540 2 1 40.0 150.0 
 604 1362629154      82550 2 1 40.0 150.0 
 604 1362629154      92519 2 1 40.0 150.0 
 605 1362629154     102554 2 1 40.0 150.0 
 605 1362629154     112572 2 1 40.0 150.0 
 605 1362629154     122531 2 1 40.0 150.0 
 605 1362629154     132555 2 1 40.0 150.0 
 604 1362629154     142531 2 1 40.0 150.0 
 604 1362629154     152561 2 1 40.0 150.0 
 604 1362629154     162579 2 1 40.0 150.0 
 604 1362629154     172598 2 1 40.0 150.0 
 605 1362629154     182618 2 1 40.0 150.0 
 605 1362629154     192597 2 1 40.0 150.0 
 604 1362629154     202628 2 1 40.0 150.0 
 605 1362629154     212577 2 1 40.0 150.0 
 605 1362629154     222612 2 1 40.0 150.0 
 605 1362629154     232619 2 1 40.0 150.0 
 604 1362629154     242643 2 1 40.0 150.0 
 604 1362629154     252630 2 1 40.0 150.0 
 605 1362629154     262656 2 1 40.0 150.0 
 605 1362629154     272634 2 1 40.0 150.0 
 604 1362629154     282653 2 1 40.0 150.0 
 605 1362629154     292694 2 1 40.0 150.0 
 604 1362629154     302660 2 1 40.0 150.0 
 605 1362629154     312683 2 1 40.0 150.0 
 605 1362629154     322717 2 1 40.0 150.0 
 604 1362629154     332672 2 1 40.0 150.0 
 604 1362629154     342708 2 1 40.0 150.0 
 604 1362629154     352681 2 1 40.0 150.0 
 605 1362629154     362714 2 1 40.0 150.0 
 605 1362629154     372753 2 1 40.0 150.0 
 605 1362629154     382697 2 1 40.0 150.0 
 605 1362629154     392724 2 1 40.0 150.0 
 605 1362629154     402751 2 1 40.0 150.0 
 604 1362629154     412776 2 1 40.0 150.0 
 605 1362629154     422737 2 1 40.0 150.0 
 605 1362629154     432773 2 1 40.0 150.0 
 605 1362629154     442794 2 1 40.0 150.0 
 605 1362629154     452748 2 1 40.0 150.0 
 604 1362629154     462767 2 1 40.0 150.0 
 605 1362629154     472793 2 1 40.0 150.0 
 605 1362629154     482809 2 1 40.0 150.0 
 605 1362629154     492793 2 1 40.0 150.0 
 605 1362629154     502827 2 1 40.0 150.0 
 604 1362629154     512833 2 1 40.0 150.0 
 605 1362629154     522786 2 1 40.0 150.0 
 605 1362629154     532807 2 1 40.0 150.0 
 603 1362629154     542802 2 1 40.0 150.0 
 604 1362629154     552851 2 1 40.0 150.0 
 605 1362629154     562861 2 1 40.0 150.0 
 605 1362629154     572823 2 1 40.0 150.0 
 605 1362629154     582843 2 1 40.0 150.0 
 604 1362629154     592875 2 1 40.0 150.0 
 605 1362629154     602853 2 1 40.0 150.0 
 604 1362629154     612865 2 1 40.0 150.0 
 605 1362629154     622894 2 1 40.0 150.0 
 604 1362629154     632914 2 1 40.0 150.0 
 604 1362629154     642876 2 1 40.0 150.0 
 604 1362629154     652904 2 1 40.0 150.0 
 605 1362629154     662880 2 1 40.0 150.0 
 605 1362629154     672918 2 1 40.0 150.0 
 604 1362629154     682948 2 1 40.0 150.0 
 605 1362629154     692916 2 1 40.0 150.0 
 605 1362629154     702946 2 1 40.0 150.0 
 605 1362629154     712973 2 1 40.0 150.0 
 604 1362629154     722943 2 1 40.0 150.0 
 605 1362629154     732941 2 1 40.0 150.0 
 605 1362629154     742978 2 1 40.0 150.0 
 605 1362629154     752935 2 1 40.0 150.0 
