1998 1362625427     487156 1 11 40.0 150.0 
1998 1362625427     497240 1 11 40.0 150.0 
1998 1362625427     507239 1 11 40.0 150.0 
1998 1362625427     517157 1 11 40.0 150.0 
1998 1362625427     527133 1 11 40.0 150.0 
1997 1362625427     537275 1 11 40.0 150.0 
1998 1362625427     547191 1 11 40.0 150.0 
1998 1362625427     557112 1 11 40.0 150.0 
1998 1362625427     567245 1 11 40.0 150.0 
1998 1362625427     577184 1 11 40.0 150.0 
1998 1362625427     587190 1 11 40.0 150.0 
1998 1362625427     597222 1 11 40.0 150.0 
1998 1362625427     607178 1 11 40.0 150.0 
1998 1362625427     617274 1 11 40.0 150.0 
1998 1362625427     627146 1 11 40.0 150.0 
1998 1362625427     637188 1 11 40.0 150.0 
1998 1362625427     647186 1 11 40.0 150.0 
1998 1362625427     657220 1 11 40.0 150.0 
1998 1362625427     667202 1 11 40.0 150.0 
1998 1362625427     677221 1 11 40.0 150.0 
1998 1362625427     687228 1 11 40.0 150.0 
1998 1362625427     697251 1 11 40.0 150.0 
1996 1362625427     707196 1 11 40.0 150.0 
1998 1362625427     717249 1 11 40.0 150.0 
1998 1362625427     727266 1 11 40.0 150.0 
1998 1362625427     737231 1 11 40.0 150.0 
1998 1362625427     747243 1 11 40.0 150.0 
1998 1362625427     757242 1 11 40.0 150.0 
1998 1362625427     767239 1 11 40.0 150.0 
1998 1362625427     777260 1 11 40.0 150.0 
1998 1362625427     787292 1 11 40.0 150.0 
1998 1362625427     797257 1 11 40.0 150.0 
1998 1362625427     807288 1 11 40.0 150.0 
1998 1362625427     817296 1 11 40.0 150.0 
1998 1362625427     827302 1 11 40.0 150.0 
1998 1362625427     837329 1 11 40.0 150.0 
1998 1362625427     847343 1 11 40.0 150.0 
1998 1362625427     857296 1 11 40.0 150.0 
1998 1362625427     867369 1 11 40.0 150.0 
1998 1362625427     877328 1 11 40.0 150.0 
1998 1362625427     887356 1 11 40.0 150.0 
1997 1362625427     897395 1 11 40.0 150.0 
1998 1362625427     907350 1 11 40.0 150.0 
1999 1362625427     917352 1 11 40.0 150.0 
1998 1362625427     927383 1 11 40.0 150.0 
1998 1362625427     937350 1 11 40.0 150.0 
1998 1362625427     947359 1 11 40.0 150.0 
1998 1362625427     957375 1 11 40.0 150.0 
1998 1362625427     967392 1 11 40.0 150.0 
1997 1362625427     977442 1 11 40.0 150.0 
1997 1362625427     987449 1 11 40.0 150.0 
1998 1362625427     997408 1 11 40.0 150.0 
1998 1362625428       7434 1 11 40.0 150.0 
1998 1362625428      17449 1 11 40.0 150.0 
1999 1362625428      27478 1 11 40.0 150.0 
1998 1362625428      37452 1 11 40.0 150.0 
1998 1362625428      47422 1 11 40.0 150.0 
1997 1362625428      57432 1 11 40.0 150.0 
1998 1362625428      67448 1 11 40.0 150.0 
1998 1362625428      77480 1 11 40.0 150.0 
1998 1362625428      87512 1 11 40.0 150.0 
1998 1362625428      97470 1 11 40.0 150.0 
1998 1362625428     107514 1 11 40.0 150.0 
1998 1362625428     117498 1 11 40.0 150.0 
1998 1362625428     127527 1 11 40.0 150.0 
1997 1362625428     137491 1 11 40.0 150.0 
1998 1362625428     147502 1 11 40.0 150.0 
1998 1362625428     157528 1 11 40.0 150.0 
1998 1362625428     167538 1 11 40.0 150.0 
1998 1362625428     177568 1 11 40.0 150.0 
1998 1362625428     187578 1 11 40.0 150.0 
1998 1362625428     197540 1 11 40.0 150.0 
1998 1362625428     207556 1 11 40.0 150.0 
1998 1362625428     217558 1 11 40.0 150.0 
1998 1362625428     227545 1 11 40.0 150.0 
1998 1362625428     237567 1 11 40.0 150.0 
1998 1362625428     247588 1 11 40.0 150.0 
1998 1362625428     257616 1 11 40.0 150.0 
1998 1362625428     267578 1 11 40.0 150.0 
1998 1362625428     277619 1 11 40.0 150.0 
1997 1362625428     287648 1 11 40.0 150.0 
1999 1362625428     297606 1 11 40.0 150.0 
1998 1362625428     307634 1 11 40.0 150.0 
1998 1362625428     317657 1 11 40.0 150.0 
1998 1362625428     327606 1 11 40.0 150.0 
1998 1362625428     337647 1 11 40.0 150.0 
1998 1362625428     347618 1 11 40.0 150.0 
1999 1362625428     357645 1 11 40.0 150.0 
1998 1362625428     367669 1 11 40.0 150.0 
1998 1362625428     377701 1 11 40.0 150.0 
1998 1362625428     387660 1 11 40.0 150.0 
1998 1362625428     397680 1 11 40.0 150.0 
1998 1362625428     407701 1 11 40.0 150.0 
1998 1362625428     417673 1 11 40.0 150.0 
1998 1362625428     427733 1 11 40.0 150.0 
1998 1362625428     437703 1 11 40.0 150.0 
1998 1362625428     447737 1 11 40.0 150.0 
1998 1362625428     457757 1 11 40.0 150.0 
1998 1362625428     467718 1 11 40.0 150.0 
1998 1362625428     477746 1 11 40.0 150.0 
