 283 1362625000     584935 1 8 40.0 50.0 
 283 1362625000     594951 1 8 40.0 50.0 
 282 1362625000     604995 1 8 40.0 50.0 
 282 1362625000     614985 1 8 40.0 50.0 
 282 1362625000     625005 1 8 40.0 50.0 
 283 1362625000     634979 1 8 40.0 50.0 
 283 1362625000     645004 1 8 40.0 50.0 
 283 1362625000     654973 1 8 40.0 50.0 
 282 1362625000     664985 1 8 40.0 50.0 
 282 1362625000     675017 1 8 40.0 50.0 
 282 1362625000     684988 1 8 40.0 50.0 
 283 1362625000     695014 1 8 40.0 50.0 
 283 1362625000     705020 1 8 40.0 50.0 
 283 1362625000     715062 1 8 40.0 50.0 
 282 1362625000     725018 1 8 40.0 50.0 
 282 1362625000     735051 1 8 40.0 50.0 
 283 1362625000     745015 1 8 40.0 50.0 
 282 1362625000     755046 1 8 40.0 50.0 
 282 1362625000     765040 1 8 40.0 50.0 
 282 1362625000     775073 1 8 40.0 50.0 
 283 1362625000     785090 1 8 40.0 50.0 
 283 1362625000     795054 1 8 40.0 50.0 
 282 1362625000     805075 1 8 40.0 50.0 
 283 1362625000     815102 1 8 40.0 50.0 
 282 1362625000     825134 1 8 40.0 50.0 
 282 1362625000     835145 1 8 40.0 50.0 
 282 1362625000     845105 1 8 40.0 50.0 
 283 1362625000     855123 1 8 40.0 50.0 
 283 1362625000     865140 1 8 40.0 50.0 
 283 1362625000     875166 1 8 40.0 50.0 
 282 1362625000     885137 1 8 40.0 50.0 
 282 1362625000     895185 1 8 40.0 50.0 
 283 1362625000     905185 1 8 40.0 50.0 
 282 1362625000     915142 1 8 40.0 50.0 
 283 1362625000     925162 1 8 40.0 50.0 
 282 1362625000     935199 1 8 40.0 50.0 
 282 1362625000     945165 1 8 40.0 50.0 
 282 1362625000     955195 1 8 40.0 50.0 
 282 1362625000     965230 1 8 40.0 50.0 
 283 1362625000     975188 1 8 40.0 50.0 
 282 1362625000     985210 1 8 40.0 50.0 
 282 1362625000     995224 1 8 40.0 50.0 
 282 1362625001       5220 1 8 40.0 50.0 
 282 1362625001      15263 1 8 40.0 50.0 
 283 1362625001      25225 1 8 40.0 50.0 
 283 1362625001      35263 1 8 40.0 50.0 
 282 1362625001      45240 1 8 40.0 50.0 
 283 1362625001      55287 1 8 40.0 50.0 
 282 1362625001      65247 1 8 40.0 50.0 
 282 1362625001      75296 1 8 40.0 50.0 
 283 1362625001      85275 1 8 40.0 50.0 
 282 1362625001      95246 1 8 40.0 50.0 
 282 1362625001     105312 1 8 40.0 50.0 
 282 1362625001     115311 1 8 40.0 50.0 
 282 1362625001     125311 1 8 40.0 50.0 
 283 1362625001     135301 1 8 40.0 50.0 
 283 1362625001     145296 1 8 40.0 50.0 
 282 1362625001     155306 1 8 40.0 50.0 
 282 1362625001     165295 1 8 40.0 50.0 
 283 1362625001     175304 1 8 40.0 50.0 
 283 1362625001     185373 1 8 40.0 50.0 
 283 1362625001     195313 1 8 40.0 50.0 
 283 1362625001     205330 1 8 40.0 50.0 
 282 1362625001     215357 1 8 40.0 50.0 
 282 1362625001     225392 1 8 40.0 50.0 
 282 1362625001     235359 1 8 40.0 50.0 
 283 1362625001     245384 1 8 40.0 50.0 
 283 1362625001     255411 1 8 40.0 50.0 
 282 1362625001     265397 1 8 40.0 50.0 
 282 1362625001     275433 1 8 40.0 50.0 
 283 1362625001     285396 1 8 40.0 50.0 
 283 1362625001     295409 1 8 40.0 50.0 
 282 1362625001     305448 1 8 40.0 50.0 
 282 1362625001     315401 1 8 40.0 50.0 
 282 1362625001     325417 1 8 40.0 50.0 
 283 1362625001     335455 1 8 40.0 50.0 
 283 1362625001     345473 1 8 40.0 50.0 
 283 1362625001     355439 1 8 40.0 50.0 
 283 1362625001     365464 1 8 40.0 50.0 
 282 1362625001     375489 1 8 40.0 50.0 
 283 1362625001     385440 1 8 40.0 50.0 
 283 1362625001     395464 1 8 40.0 50.0 
 282 1362625001     405485 1 8 40.0 50.0 
 283 1362625001     415487 1 8 40.0 50.0 
 283 1362625001     425501 1 8 40.0 50.0 
 282 1362625001     435516 1 8 40.0 50.0 
 283 1362625001     445480 1 8 40.0 50.0 
 282 1362625001     455520 1 8 40.0 50.0 
 282 1362625001     465542 1 8 40.0 50.0 
 283 1362625001     475503 1 8 40.0 50.0 
 282 1362625001     485517 1 8 40.0 50.0 
 283 1362625001     495537 1 8 40.0 50.0 
 283 1362625001     505556 1 8 40.0 50.0 
 282 1362625001     515592 1 8 40.0 50.0 
 283 1362625001     525557 1 8 40.0 50.0 
 282 1362625001     535572 1 8 40.0 50.0 
 283 1362625001     545609 1 8 40.0 50.0 
 283 1362625001     555576 1 8 40.0 50.0 
 283 1362625001     565604 1 8 40.0 50.0 
 283 1362625001     575626 1 8 40.0 50.0 
