 602 1362630119     861679 3 4 40.0 150.0 
 602 1362630119     871530 3 4 40.0 150.0 
 602 1362630119     881617 3 4 40.0 150.0 
 601 1362630119     891623 3 4 40.0 150.0 
 602 1362630119     901582 3 4 40.0 150.0 
 602 1362630119     911647 3 4 40.0 150.0 
 603 1362630119     921643 3 4 40.0 150.0 
 601 1362630119     931614 3 4 40.0 150.0 
 602 1362630119     941576 3 4 40.0 150.0 
 602 1362630119     951735 3 4 40.0 150.0 
 603 1362630119     961699 3 4 40.0 150.0 
 603 1362630119     971604 3 4 40.0 150.0 
 603 1362630119     981756 3 4 40.0 150.0 
 602 1362630119     991736 3 4 40.0 150.0 
 602 1362630120       1649 3 4 40.0 150.0 
 602 1362630120      25087 3 4 40.0 150.0 
 602 1362630120      31682 3 4 40.0 150.0 
 602 1362630120      41671 3 4 40.0 150.0 
 602 1362630120      51612 3 4 40.0 150.0 
 602 1362630120      61682 3 4 40.0 150.0 
 602 1362630120      71649 3 4 40.0 150.0 
 603 1362630120      81686 3 4 40.0 150.0 
 602 1362630120      91652 3 4 40.0 150.0 
 602 1362630120     101684 3 4 40.0 150.0 
 602 1362630120     111698 3 4 40.0 150.0 
 603 1362630120     121655 3 4 40.0 150.0 
 602 1362630120     131677 3 4 40.0 150.0 
 602 1362630120     141696 3 4 40.0 150.0 
 602 1362630120     151714 3 4 40.0 150.0 
 602 1362630120     161723 3 4 40.0 150.0 
 602 1362630120     171743 3 4 40.0 150.0 
 602 1362630120     181716 3 4 40.0 150.0 
 602 1362630120     191740 3 4 40.0 150.0 
 602 1362630120     201772 3 4 40.0 150.0 
 602 1362630120     211730 3 4 40.0 150.0 
 602 1362630120     221766 3 4 40.0 150.0 
 601 1362630120     231789 3 4 40.0 150.0 
 601 1362630120     241776 3 4 40.0 150.0 
 601 1362630120     251760 3 4 40.0 150.0 
 602 1362630120     261786 3 4 40.0 150.0 
 601 1362630120     271757 3 4 40.0 150.0 
 602 1362630120     281769 3 4 40.0 150.0 
 602 1362630120     291798 3 4 40.0 150.0 
 603 1362630120     301796 3 4 40.0 150.0 
 602 1362630120     311846 3 4 40.0 150.0 
 602 1362630120     321820 3 4 40.0 150.0 
 602 1362630120     331839 3 4 40.0 150.0 
 602 1362630120     341821 3 4 40.0 150.0 
 602 1362630120     351860 3 4 40.0 150.0 
 602 1362630120     361883 3 4 40.0 150.0 
 602 1362630120     371846 3 4 40.0 150.0 
 602 1362630120     381894 3 4 40.0 150.0 
 602 1362630120     391870 3 4 40.0 150.0 
 602 1362630120     401908 3 4 40.0 150.0 
 602 1362630120     411872 3 4 40.0 150.0 
 603 1362630120     421904 3 4 40.0 150.0 
 602 1362630120     431867 3 4 40.0 150.0 
 601 1362630120     441915 3 4 40.0 150.0 
 601 1362630120     451878 3 4 40.0 150.0 
 602 1362630120     461901 3 4 40.0 150.0 
 603 1362630120     471947 3 4 40.0 150.0 
 602 1362630120     481959 3 4 40.0 150.0 
 602 1362630120     491949 3 4 40.0 150.0 
 601 1362630120     501907 3 4 40.0 150.0 
 602 1362630120     511948 3 4 40.0 150.0 
 603 1362630120     521975 3 4 40.0 150.0 
 602 1362630120     531939 3 4 40.0 150.0 
 601 1362630120     541966 3 4 40.0 150.0 
 602 1362630120     551941 3 4 40.0 150.0 
 602 1362630120     561969 3 4 40.0 150.0 
 602 1362630120     571998 3 4 40.0 150.0 
 602 1362630120     582025 3 4 40.0 150.0 
 602 1362630120     591980 3 4 40.0 150.0 
 602 1362630120     602010 3 4 40.0 150.0 
 603 1362630120     612044 3 4 40.0 150.0 
 602 1362630120     621999 3 4 40.0 150.0 
 601 1362630120     632024 3 4 40.0 150.0 
 602 1362630120     642052 3 4 40.0 150.0 
 602 1362630120     652018 3 4 40.0 150.0 
 602 1362630120     662075 3 4 40.0 150.0 
 601 1362630120     672043 3 4 40.0 150.0 
 602 1362630120     682072 3 4 40.0 150.0 
 602 1362630120     692095 3 4 40.0 150.0 
 603 1362630120     702058 3 4 40.0 150.0 
 602 1362630120     712091 3 4 40.0 150.0 
 601 1362630120     722106 3 4 40.0 150.0 
 602 1362630120     732074 3 4 40.0 150.0 
 603 1362630120     742122 3 4 40.0 150.0 
 601 1362630120     752079 3 4 40.0 150.0 
 602 1362630120     762092 3 4 40.0 150.0 
 602 1362630120     772113 3 4 40.0 150.0 
 603 1362630120     782145 3 4 40.0 150.0 
 602 1362630120     792170 3 4 40.0 150.0 
 602 1362630120     802138 3 4 40.0 150.0 
 602 1362630120     812166 3 4 40.0 150.0 
 603 1362630120     822129 3 4 40.0 150.0 
 602 1362630120     832184 3 4 40.0 150.0 
 602 1362630120     842160 3 4 40.0 150.0 
 602 1362630120     852201 3 4 40.0 150.0 
 602 1362630120     862210 3 4 40.0 150.0 
