 478 1362629142     554913 2 1 40.0 100.0 
 478 1362629142     564936 2 1 40.0 100.0 
 478 1362629142     574925 2 1 40.0 100.0 
 478 1362629142     584906 2 1 40.0 100.0 
 479 1362629142     594929 2 1 40.0 100.0 
 478 1362629142     604902 2 1 40.0 100.0 
 478 1362629142     614944 2 1 40.0 100.0 
 478 1362629142     624957 2 1 40.0 100.0 
 478 1362629142     634956 2 1 40.0 100.0 
 478 1362629142     644994 2 1 40.0 100.0 
 478 1362629142     654955 2 1 40.0 100.0 
 478 1362629142     664971 2 1 40.0 100.0 
 478 1362629142     674998 2 1 40.0 100.0 
 477 1362629142     685018 2 1 40.0 100.0 
 478 1362629142     694975 2 1 40.0 100.0 
 479 1362629142     705018 2 1 40.0 100.0 
 478 1362629142     715015 2 1 40.0 100.0 
 477 1362629142     725039 2 1 40.0 100.0 
 477 1362629142     735037 2 1 40.0 100.0 
 479 1362629142     745049 2 1 40.0 100.0 
 478 1362629142     755002 2 1 40.0 100.0 
 478 1362629142     765021 2 1 40.0 100.0 
 478 1362629142     775044 2 1 40.0 100.0 
 478 1362629142     785043 2 1 40.0 100.0 
 477 1362629142     795059 2 1 40.0 100.0 
 478 1362629142     805031 2 1 40.0 100.0 
 478 1362629142     815055 2 1 40.0 100.0 
 478 1362629142     825068 2 1 40.0 100.0 
 478 1362629142     835108 2 1 40.0 100.0 
 478 1362629142     845123 2 1 40.0 100.0 
 478 1362629142     855076 2 1 40.0 100.0 
 477 1362629142     865100 2 1 40.0 100.0 
 477 1362629142     875129 2 1 40.0 100.0 
 477 1362629142     885130 2 1 40.0 100.0 
 478 1362629142     895095 2 1 40.0 100.0 
 477 1362629142     905123 2 1 40.0 100.0 
 478 1362629142     915145 2 1 40.0 100.0 
 478 1362629142     925109 2 1 40.0 100.0 
 477 1362629142     935123 2 1 40.0 100.0 
 477 1362629142     945141 2 1 40.0 100.0 
 478 1362629142     955162 2 1 40.0 100.0 
 478 1362629142     965142 2 1 40.0 100.0 
 478 1362629142     975178 2 1 40.0 100.0 
 477 1362629142     985193 2 1 40.0 100.0 
 478 1362629142     995226 2 1 40.0 100.0 
 478 1362629143       5211 2 1 40.0 100.0 
 477 1362629143      15212 2 1 40.0 100.0 
 478 1362629143      25181 2 1 40.0 100.0 
 478 1362629143      35250 2 1 40.0 100.0 
 478 1362629143      45233 2 1 40.0 100.0 
 478 1362629143      55230 2 1 40.0 100.0 
 478 1362629143      65207 2 1 40.0 100.0 
 478 1362629143      75252 2 1 40.0 100.0 
 477 1362629143      85221 2 1 40.0 100.0 
 478 1362629143      95266 2 1 40.0 100.0 
 479 1362629143     105265 2 1 40.0 100.0 
 478 1362629143     115263 2 1 40.0 100.0 
 478 1362629143     125276 2 1 40.0 100.0 
 478 1362629143     135259 2 1 40.0 100.0 
 478 1362629143     145264 2 1 40.0 100.0 
 477 1362629143     155271 2 1 40.0 100.0 
 477 1362629143     165291 2 1 40.0 100.0 
 478 1362629143     175293 2 1 40.0 100.0 
 478 1362629143     185288 2 1 40.0 100.0 
 477 1362629143     195292 2 1 40.0 100.0 
 478 1362629143     205310 2 1 40.0 100.0 
 478 1362629143     215326 2 1 40.0 100.0 
 478 1362629143     225347 2 1 40.0 100.0 
 477 1362629143     235354 2 1 40.0 100.0 
 478 1362629143     245377 2 1 40.0 100.0 
 478 1362629143     255326 2 1 40.0 100.0 
 477 1362629143     265361 2 1 40.0 100.0 
 478 1362629143     275396 2 1 40.0 100.0 
 479 1362629143     285411 2 1 40.0 100.0 
 478 1362629143     295372 2 1 40.0 100.0 
 478 1362629143     305417 2 1 40.0 100.0 
 478 1362629143     315376 2 1 40.0 100.0 
 478 1362629143     325411 2 1 40.0 100.0 
 478 1362629143     335440 2 1 40.0 100.0 
 477 1362629143     345419 2 1 40.0 100.0 
 478 1362629143     355455 2 1 40.0 100.0 
 479 1362629143     365437 2 1 40.0 100.0 
 478 1362629143     375476 2 1 40.0 100.0 
 477 1362629143     385414 2 1 40.0 100.0 
 477 1362629143     395436 2 1 40.0 100.0 
 477 1362629143     405476 2 1 40.0 100.0 
 477 1362629143     415492 2 1 40.0 100.0 
 478 1362629143     425446 2 1 40.0 100.0 
 478 1362629143     435461 2 1 40.0 100.0 
 478 1362629143     445487 2 1 40.0 100.0 
 478 1362629143     455511 2 1 40.0 100.0 
 478 1362629143     465527 2 1 40.0 100.0 
 478 1362629143     475492 2 1 40.0 100.0 
 478 1362629143     485523 2 1 40.0 100.0 
 477 1362629143     495490 2 1 40.0 100.0 
 478 1362629143     505517 2 1 40.0 100.0 
 478 1362629143     515560 2 1 40.0 100.0 
 478 1362629143     525518 2 1 40.0 100.0 
 478 1362629143     535530 2 1 40.0 100.0 
 478 1362629143     545553 2 1 40.0 100.0 
