 451 1362624370     658666 1 1 40.0 100.0 
 451 1362624370     668607 1 1 40.0 100.0 
 452 1362624370     678609 1 1 40.0 100.0 
 451 1362624370     688610 1 1 40.0 100.0 
 451 1362624370     698634 1 1 40.0 100.0 
 451 1362624370     708594 1 1 40.0 100.0 
 451 1362624370     718644 1 1 40.0 100.0 
 452 1362624370     728643 1 1 40.0 100.0 
 451 1362624370     738616 1 1 40.0 100.0 
 452 1362624370     748659 1 1 40.0 100.0 
 452 1362624370     758636 1 1 40.0 100.0 
 451 1362624370     768685 1 1 40.0 100.0 
 452 1362624370     778655 1 1 40.0 100.0 
 451 1362624370     788706 1 1 40.0 100.0 
 452 1362624370     798654 1 1 40.0 100.0 
 452 1362624370     808689 1 1 40.0 100.0 
 451 1362624370     818683 1 1 40.0 100.0 
 452 1362624370     828733 1 1 40.0 100.0 
 451 1362624370     838703 1 1 40.0 100.0 
 452 1362624370     848729 1 1 40.0 100.0 
 451 1362624370     858697 1 1 40.0 100.0 
 452 1362624370     868742 1 1 40.0 100.0 
 452 1362624370     878711 1 1 40.0 100.0 
 451 1362624370     888769 1 1 40.0 100.0 
 451 1362624370     898721 1 1 40.0 100.0 
 452 1362624370     908780 1 1 40.0 100.0 
 452 1362624370     918751 1 1 40.0 100.0 
 452 1362624370     928745 1 1 40.0 100.0 
 451 1362624370     938807 1 1 40.0 100.0 
 452 1362624370     948765 1 1 40.0 100.0 
 451 1362624370     958801 1 1 40.0 100.0 
 452 1362624370     968784 1 1 40.0 100.0 
 452 1362624370     978836 1 1 40.0 100.0 
 451 1362624370     988809 1 1 40.0 100.0 
 452 1362624370     998827 1 1 40.0 100.0 
 451 1362624371       8791 1 1 40.0 100.0 
 452 1362624371      18816 1 1 40.0 100.0 
 451 1362624371      28815 1 1 40.0 100.0 
 451 1362624371      38814 1 1 40.0 100.0 
 451 1362624371      48865 1 1 40.0 100.0 
 451 1362624371      58851 1 1 40.0 100.0 
 452 1362624371      68840 1 1 40.0 100.0 
 452 1362624371      78838 1 1 40.0 100.0 
 451 1362624371      88899 1 1 40.0 100.0 
 451 1362624371      98895 1 1 40.0 100.0 
 452 1362624371     108905 1 1 40.0 100.0 
 451 1362624371     118859 1 1 40.0 100.0 
 452 1362624371     128884 1 1 40.0 100.0 
 451 1362624371     138903 1 1 40.0 100.0 
 452 1362624371     148906 1 1 40.0 100.0 
 451 1362624371     158912 1 1 40.0 100.0 
 451 1362624371     168923 1 1 40.0 100.0 
 452 1362624371     178930 1 1 40.0 100.0 
 450 1362624371     188954 1 1 40.0 100.0 
 452 1362624371     198920 1 1 40.0 100.0 
 451 1362624371     208981 1 1 40.0 100.0 
 452 1362624371     218971 1 1 40.0 100.0 
 451 1362624371     228981 1 1 40.0 100.0 
 451 1362624371     238976 1 1 40.0 100.0 
 451 1362624371     249012 1 1 40.0 100.0 
 451 1362624371     258984 1 1 40.0 100.0 
 451 1362624371     268957 1 1 40.0 100.0 
 452 1362624371     279009 1 1 40.0 100.0 
 450 1362624371     288990 1 1 40.0 100.0 
 452 1362624371     299026 1 1 40.0 100.0 
 451 1362624371     309001 1 1 40.0 100.0 
 451 1362624371     318997 1 1 40.0 100.0 
 451 1362624371     329005 1 1 40.0 100.0 
 452 1362624371     339065 1 1 40.0 100.0 
 452 1362624371     349031 1 1 40.0 100.0 
 451 1362624371     359086 1 1 40.0 100.0 
 451 1362624371     369077 1 1 40.0 100.0 
 451 1362624371     379061 1 1 40.0 100.0 
 450 1362624371     389052 1 1 40.0 100.0 
 452 1362624371     399060 1 1 40.0 100.0 
 451 1362624371     409055 1 1 40.0 100.0 
 451 1362624371     419125 1 1 40.0 100.0 
 452 1362624371     429096 1 1 40.0 100.0 
 451 1362624371     439073 1 1 40.0 100.0 
 452 1362624371     449113 1 1 40.0 100.0 
 451 1362624371     459105 1 1 40.0 100.0 
 451 1362624371     469092 1 1 40.0 100.0 
 451 1362624371     479134 1 1 40.0 100.0 
 451 1362624371     489122 1 1 40.0 100.0 
 451 1362624371     499117 1 1 40.0 100.0 
 451 1362624371     509175 1 1 40.0 100.0 
 452 1362624371     519155 1 1 40.0 100.0 
 451 1362624371     529150 1 1 40.0 100.0 
 451 1362624371     539145 1 1 40.0 100.0 
 452 1362624371     549151 1 1 40.0 100.0 
 452 1362624371     559213 1 1 40.0 100.0 
 451 1362624371     569214 1 1 40.0 100.0 
 451 1362624371     579215 1 1 40.0 100.0 
 451 1362624371     589220 1 1 40.0 100.0 
 451 1362624371     599236 1 1 40.0 100.0 
 451 1362624371     609234 1 1 40.0 100.0 
 451 1362624371     619202 1 1 40.0 100.0 
 451 1362624371     629264 1 1 40.0 100.0 
 452 1362624371     639255 1 1 40.0 100.0 
 451 1362624371     649229 1 1 40.0 100.0 
