 593 1362630384     366574 3 5 40.0 150.0 
 592 1362630384     376520 3 5 40.0 150.0 
 592 1362630384     386516 3 5 40.0 150.0 
 593 1362630384     396574 3 5 40.0 150.0 
 593 1362630384     406550 3 5 40.0 150.0 
 593 1362630384     416581 3 5 40.0 150.0 
 593 1362630384     426600 3 5 40.0 150.0 
 594 1362630384     436571 3 5 40.0 150.0 
 592 1362630384     446582 3 5 40.0 150.0 
 593 1362630384     456616 3 5 40.0 150.0 
 593 1362630384     466569 3 5 40.0 150.0 
 592 1362630384     476588 3 5 40.0 150.0 
 593 1362630384     486642 3 5 40.0 150.0 
 593 1362630384     496592 3 5 40.0 150.0 
 593 1362630384     506634 3 5 40.0 150.0 
 592 1362630384     516602 3 5 40.0 150.0 
 593 1362630384     526640 3 5 40.0 150.0 
 593 1362630384     536669 3 5 40.0 150.0 
 593 1362630384     546629 3 5 40.0 150.0 
 593 1362630384     556677 3 5 40.0 150.0 
 592 1362630384     566626 3 5 40.0 150.0 
 593 1362630384     576659 3 5 40.0 150.0 
 592 1362630384     586691 3 5 40.0 150.0 
 593 1362630384     596705 3 5 40.0 150.0 
 592 1362630384     606669 3 5 40.0 150.0 
 593 1362630384     616694 3 5 40.0 150.0 
 592 1362630384     626678 3 5 40.0 150.0 
 593 1362630384     636700 3 5 40.0 150.0 
 593 1362630384     646718 3 5 40.0 150.0 
 592 1362630384     656691 3 5 40.0 150.0 
 593 1362630384     666725 3 5 40.0 150.0 
 592 1362630384     676759 3 5 40.0 150.0 
 592 1362630384     686728 3 5 40.0 150.0 
 593 1362630384     696769 3 5 40.0 150.0 
 592 1362630384     706743 3 5 40.0 150.0 
 593 1362630384     716773 3 5 40.0 150.0 
 592 1362630384     726753 3 5 40.0 150.0 
 592 1362630384     736785 3 5 40.0 150.0 
 592 1362630384     746750 3 5 40.0 150.0 
 592 1362630384     756805 3 5 40.0 150.0 
 592 1362630384     766779 3 5 40.0 150.0 
 593 1362630384     776823 3 5 40.0 150.0 
 591 1362630384     786803 3 5 40.0 150.0 
 593 1362630384     796833 3 5 40.0 150.0 
 592 1362630384     806800 3 5 40.0 150.0 
 592 1362630384     816836 3 5 40.0 150.0 
 593 1362630384     826818 3 5 40.0 150.0 
 593 1362630384     836865 3 5 40.0 150.0 
 593 1362630384     846837 3 5 40.0 150.0 
 593 1362630384     856884 3 5 40.0 150.0 
 592 1362630384     866853 3 5 40.0 150.0 
 594 1362630384     876885 3 5 40.0 150.0 
 592 1362630384     886859 3 5 40.0 150.0 
 593 1362630384     896866 3 5 40.0 150.0 
 593 1362630384     906902 3 5 40.0 150.0 
 593 1362630384     916857 3 5 40.0 150.0 
 592 1362630384     926892 3 5 40.0 150.0 
 593 1362630384     936928 3 5 40.0 150.0 
 593 1362630384     946890 3 5 40.0 150.0 
 593 1362630384     956945 3 5 40.0 150.0 
 592 1362630384     966908 3 5 40.0 150.0 
 592 1362630384     976938 3 5 40.0 150.0 
 593 1362630384     986902 3 5 40.0 150.0 
 593 1362630384     996944 3 5 40.0 150.0 
 593 1362630385       6929 3 5 40.0 150.0 
 593 1362630385      16971 3 5 40.0 150.0 
 593 1362630385      26963 3 5 40.0 150.0 
 593 1362630385      36949 3 5 40.0 150.0 
 593 1362630385      46993 3 5 40.0 150.0 
 593 1362630385      56968 3 5 40.0 150.0 
 593 1362630385      67012 3 5 40.0 150.0 
 594 1362630385      76992 3 5 40.0 150.0 
 593 1362630385      87037 3 5 40.0 150.0 
 593 1362630385      97003 3 5 40.0 150.0 
 592 1362630385     107020 3 5 40.0 150.0 
 592 1362630385     117022 3 5 40.0 150.0 
 593 1362630385     127017 3 5 40.0 150.0 
 593 1362630385     137029 3 5 40.0 150.0 
 593 1362630385     147028 3 5 40.0 150.0 
 592 1362630385     157023 3 5 40.0 150.0 
 593 1362630385     167079 3 5 40.0 150.0 
 593 1362630385     177079 3 5 40.0 150.0 
 592 1362630385     187093 3 5 40.0 150.0 
 593 1362630385     197097 3 5 40.0 150.0 
 593 1362630385     207062 3 5 40.0 150.0 
 592 1362630385     217114 3 5 40.0 150.0 
 592 1362630385     227071 3 5 40.0 150.0 
 592 1362630385     237096 3 5 40.0 150.0 
 592 1362630385     247137 3 5 40.0 150.0 
 592 1362630385     257111 3 5 40.0 150.0 
 592 1362630385     267089 3 5 40.0 150.0 
 592 1362630385     277142 3 5 40.0 150.0 
 593 1362630385     287126 3 5 40.0 150.0 
 593 1362630385     297158 3 5 40.0 150.0 
 593 1362630385     307121 3 5 40.0 150.0 
 592 1362630385     317155 3 5 40.0 150.0 
 592 1362630385     327136 3 5 40.0 150.0 
 593 1362630385     337163 3 5 40.0 150.0 
 592 1362630385     347207 3 5 40.0 150.0 
 592 1362630385     357191 3 5 40.0 150.0 
