 582 1362625342     771250 1 10 40.0 150.0 
 583 1362625342     781088 1 10 40.0 150.0 
 582 1362625342     791180 1 10 40.0 150.0 
 582 1362625342     801170 1 10 40.0 150.0 
 582 1362625342     811181 1 10 40.0 150.0 
 582 1362625342     821172 1 10 40.0 150.0 
 581 1362625342     831203 1 10 40.0 150.0 
 581 1362625342     841290 1 10 40.0 150.0 
 582 1362625342     851272 1 10 40.0 150.0 
 583 1362625342     861268 1 10 40.0 150.0 
 582 1362625342     871240 1 10 40.0 150.0 
 583 1362625342     881196 1 10 40.0 150.0 
 583 1362625342     891320 1 10 40.0 150.0 
 582 1362625342     901311 1 10 40.0 150.0 
 582 1362625342     911285 1 10 40.0 150.0 
 582 1362625342     921185 1 10 40.0 150.0 
 582 1362625342     931307 1 10 40.0 150.0 
 582 1362625342     941259 1 10 40.0 150.0 
 582 1362625342     951210 1 10 40.0 150.0 
 582 1362625342     961206 1 10 40.0 150.0 
 582 1362625342     971203 1 10 40.0 150.0 
 582 1362625342     981224 1 10 40.0 150.0 
 581 1362625342     991245 1 10 40.0 150.0 
 582 1362625343       1249 1 10 40.0 150.0 
 582 1362625343      11260 1 10 40.0 150.0 
 582 1362625343      21242 1 10 40.0 150.0 
 583 1362625343      31298 1 10 40.0 150.0 
 582 1362625343      41273 1 10 40.0 150.0 
 582 1362625343      51253 1 10 40.0 150.0 
 582 1362625343      61268 1 10 40.0 150.0 
 581 1362625343      71320 1 10 40.0 150.0 
 582 1362625343      81278 1 10 40.0 150.0 
 581 1362625343      91278 1 10 40.0 150.0 
 582 1362625343     101281 1 10 40.0 150.0 
 581 1362625343     111317 1 10 40.0 150.0 
 583 1362625343     121316 1 10 40.0 150.0 
 582 1362625343     131338 1 10 40.0 150.0 
 582 1362625343     141342 1 10 40.0 150.0 
 582 1362625343     151349 1 10 40.0 150.0 
 581 1362625343     161367 1 10 40.0 150.0 
 582 1362625343     171386 1 10 40.0 150.0 
 582 1362625343     181386 1 10 40.0 150.0 
 582 1362625343     191340 1 10 40.0 150.0 
 582 1362625343     201358 1 10 40.0 150.0 
 582 1362625343     211364 1 10 40.0 150.0 
 582 1362625343     221394 1 10 40.0 150.0 
 582 1362625343     231427 1 10 40.0 150.0 
 582 1362625343     241415 1 10 40.0 150.0 
 583 1362625343     251437 1 10 40.0 150.0 
 582 1362625343     261444 1 10 40.0 150.0 
 582 1362625343     271406 1 10 40.0 150.0 
 582 1362625343     281435 1 10 40.0 150.0 
 582 1362625343     291460 1 10 40.0 150.0 
 582 1362625343     301414 1 10 40.0 150.0 
 582 1362625343     311415 1 10 40.0 150.0 
 582 1362625343     321444 1 10 40.0 150.0 
 583 1362625343     331468 1 10 40.0 150.0 
 582 1362625343     341498 1 10 40.0 150.0 
 583 1362625343     351462 1 10 40.0 150.0 
 581 1362625343     361466 1 10 40.0 150.0 
 582 1362625343     371500 1 10 40.0 150.0 
 581 1362625343     381483 1 10 40.0 150.0 
 582 1362625343     391519 1 10 40.0 150.0 
 582 1362625343     401539 1 10 40.0 150.0 
 582 1362625343     411522 1 10 40.0 150.0 
 581 1362625343     421542 1 10 40.0 150.0 
 582 1362625343     431509 1 10 40.0 150.0 
 582 1362625343     441530 1 10 40.0 150.0 
 583 1362625343     451553 1 10 40.0 150.0 
 582 1362625343     461581 1 10 40.0 150.0 
 582 1362625343     471533 1 10 40.0 150.0 
 582 1362625343     481573 1 10 40.0 150.0 
 582 1362625343     491602 1 10 40.0 150.0 
 581 1362625343     501551 1 10 40.0 150.0 
 581 1362625343     511568 1 10 40.0 150.0 
 582 1362625343     521588 1 10 40.0 150.0 
 582 1362625343     531615 1 10 40.0 150.0 
 583 1362625343     541568 1 10 40.0 150.0 
 582 1362625343     551592 1 10 40.0 150.0 
 582 1362625343     561643 1 10 40.0 150.0 
 582 1362625343     571600 1 10 40.0 150.0 
 581 1362625343     581626 1 10 40.0 150.0 
 581 1362625343     591628 1 10 40.0 150.0 
 582 1362625343     601649 1 10 40.0 150.0 
 582 1362625343     611617 1 10 40.0 150.0 
 583 1362625343     621649 1 10 40.0 150.0 
 582 1362625343     631671 1 10 40.0 150.0 
 583 1362625343     641693 1 10 40.0 150.0 
 582 1362625343     651652 1 10 40.0 150.0 
 583 1362625343     661671 1 10 40.0 150.0 
 583 1362625343     671708 1 10 40.0 150.0 
 583 1362625343     681723 1 10 40.0 150.0 
 582 1362625343     691737 1 10 40.0 150.0 
 582 1362625343     701684 1 10 40.0 150.0 
 581 1362625343     711728 1 10 40.0 150.0 
 583 1362625343     721753 1 10 40.0 150.0 
 582 1362625343     731705 1 10 40.0 150.0 
 582 1362625343     741723 1 10 40.0 150.0 
 582 1362625343     751744 1 10 40.0 150.0 
 582 1362625343     761781 1 10 40.0 150.0 
