 272 1362630534     525907 3 8 40.0 50.0 
 272 1362630534     535908 3 8 40.0 50.0 
 272 1362630534     545874 3 8 40.0 50.0 
 273 1362630534     555898 3 8 40.0 50.0 
 272 1362630534     565912 3 8 40.0 50.0 
 272 1362630534     575907 3 8 40.0 50.0 
 272 1362630534     585923 3 8 40.0 50.0 
 272 1362630534     595912 3 8 40.0 50.0 
 272 1362630534     605955 3 8 40.0 50.0 
 272 1362630534     615966 3 8 40.0 50.0 
 273 1362630534     625966 3 8 40.0 50.0 
 273 1362630534     635966 3 8 40.0 50.0 
 273 1362630534     645966 3 8 40.0 50.0 
 272 1362630534     655967 3 8 40.0 50.0 
 272 1362630534     665975 3 8 40.0 50.0 
 273 1362630534     675983 3 8 40.0 50.0 
 273 1362630534     686005 3 8 40.0 50.0 
 272 1362630534     696019 3 8 40.0 50.0 
 273 1362630534     705974 3 8 40.0 50.0 
 272 1362630534     715994 3 8 40.0 50.0 
 272 1362630534     726039 3 8 40.0 50.0 
 272 1362630534     735984 3 8 40.0 50.0 
 272 1362630534     745991 3 8 40.0 50.0 
 272 1362630534     756022 3 8 40.0 50.0 
 272 1362630534     766041 3 8 40.0 50.0 
 273 1362630534     776055 3 8 40.0 50.0 
 272 1362630534     786056 3 8 40.0 50.0 
 272 1362630534     796059 3 8 40.0 50.0 
 273 1362630534     806080 3 8 40.0 50.0 
 272 1362630534     816094 3 8 40.0 50.0 
 273 1362630534     826103 3 8 40.0 50.0 
 272 1362630534     836117 3 8 40.0 50.0 
 272 1362630534     846058 3 8 40.0 50.0 
 272 1362630534     856068 3 8 40.0 50.0 
 273 1362630534     866128 3 8 40.0 50.0 
 273 1362630534     876139 3 8 40.0 50.0 
 273 1362630534     886152 3 8 40.0 50.0 
 273 1362630534     896091 3 8 40.0 50.0 
 272 1362630534     906110 3 8 40.0 50.0 
 273 1362630534     916128 3 8 40.0 50.0 
 273 1362630534     926133 3 8 40.0 50.0 
 272 1362630534     936138 3 8 40.0 50.0 
 272 1362630534     946141 3 8 40.0 50.0 
 272 1362630534     956155 3 8 40.0 50.0 
 272 1362630534     966162 3 8 40.0 50.0 
 273 1362630534     976165 3 8 40.0 50.0 
 272 1362630534     986175 3 8 40.0 50.0 
 272 1362630534     996231 3 8 40.0 50.0 
 273 1362630535       6229 3 8 40.0 50.0 
 273 1362630535      16193 3 8 40.0 50.0 
 273 1362630535      26220 3 8 40.0 50.0 
 272 1362630535      36246 3 8 40.0 50.0 
 272 1362630535      46206 3 8 40.0 50.0 
 272 1362630535      56228 3 8 40.0 50.0 
 273 1362630535      66269 3 8 40.0 50.0 
 273 1362630535      76219 3 8 40.0 50.0 
 272 1362630535      86235 3 8 40.0 50.0 
 272 1362630535      96221 3 8 40.0 50.0 
 273 1362630535     106291 3 8 40.0 50.0 
 272 1362630535     116284 3 8 40.0 50.0 
 272 1362630535     126269 3 8 40.0 50.0 
 272 1362630535     136248 3 8 40.0 50.0 
 272 1362630535     146318 3 8 40.0 50.0 
 272 1362630535     156293 3 8 40.0 50.0 
 273 1362630535     166283 3 8 40.0 50.0 
 272 1362630535     176329 3 8 40.0 50.0 
 272 1362630535     186307 3 8 40.0 50.0 
 272 1362630535     196353 3 8 40.0 50.0 
 273 1362630535     206309 3 8 40.0 50.0 
 273 1362630535     216310 3 8 40.0 50.0 
 273 1362630535     226307 3 8 40.0 50.0 
 272 1362630535     236381 3 8 40.0 50.0 
 272 1362630535     246382 3 8 40.0 50.0 
 273 1362630535     256378 3 8 40.0 50.0 
 272 1362630535     266376 3 8 40.0 50.0 
 272 1362630535     276377 3 8 40.0 50.0 
 273 1362630535     286390 3 8 40.0 50.0 
 272 1362630535     296391 3 8 40.0 50.0 
 273 1362630535     306409 3 8 40.0 50.0 
 272 1362630535     316415 3 8 40.0 50.0 
 272 1362630535     326414 3 8 40.0 50.0 
 272 1362630535     336430 3 8 40.0 50.0 
 273 1362630535     346440 3 8 40.0 50.0 
 272 1362630535     356445 3 8 40.0 50.0 
 272 1362630535     366435 3 8 40.0 50.0 
 272 1362630535     376472 3 8 40.0 50.0 
 273 1362630535     386431 3 8 40.0 50.0 
 273 1362630535     396429 3 8 40.0 50.0 
 273 1362630535     406456 3 8 40.0 50.0 
 272 1362630535     416474 3 8 40.0 50.0 
 272 1362630535     426499 3 8 40.0 50.0 
 273 1362630535     436501 3 8 40.0 50.0 
 272 1362630535     446518 3 8 40.0 50.0 
 273 1362630535     456461 3 8 40.0 50.0 
 272 1362630535     466495 3 8 40.0 50.0 
 272 1362630535     476505 3 8 40.0 50.0 
 273 1362630535     486527 3 8 40.0 50.0 
 273 1362630535     496522 3 8 40.0 50.0 
 272 1362630535     506548 3 8 40.0 50.0 
 272 1362630535     516539 3 8 40.0 50.0 
