 594 1362630637     564086 3 10 40.0 150.0 
 594 1362630637     574027 3 10 40.0 150.0 
 593 1362630637     584055 3 10 40.0 150.0 
 593 1362630637     594076 3 10 40.0 150.0 
 593 1362630637     604072 3 10 40.0 150.0 
 594 1362630637     614058 3 10 40.0 150.0 
 594 1362630637     624099 3 10 40.0 150.0 
 594 1362630637     634069 3 10 40.0 150.0 
 594 1362630637     644107 3 10 40.0 150.0 
 593 1362630637     654140 3 10 40.0 150.0 
 593 1362630637     664147 3 10 40.0 150.0 
 594 1362630637     674101 3 10 40.0 150.0 
 593 1362630637     684120 3 10 40.0 150.0 
 593 1362630637     694153 3 10 40.0 150.0 
 593 1362630637     704174 3 10 40.0 150.0 
 593 1362630637     714137 3 10 40.0 150.0 
 594 1362630637     724166 3 10 40.0 150.0 
 594 1362630637     734142 3 10 40.0 150.0 
 594 1362630637     744161 3 10 40.0 150.0 
 594 1362630637     754183 3 10 40.0 150.0 
 594 1362630637     764178 3 10 40.0 150.0 
 594 1362630637     774193 3 10 40.0 150.0 
 593 1362630637     784222 3 10 40.0 150.0 
 594 1362630637     794185 3 10 40.0 150.0 
 594 1362630637     804209 3 10 40.0 150.0 
 594 1362630637     814245 3 10 40.0 150.0 
 594 1362630637     824190 3 10 40.0 150.0 
 595 1362630637     834220 3 10 40.0 150.0 
 594 1362630637     844245 3 10 40.0 150.0 
 593 1362630637     854274 3 10 40.0 150.0 
 594 1362630637     864280 3 10 40.0 150.0 
 594 1362630637     874242 3 10 40.0 150.0 
 594 1362630637     884269 3 10 40.0 150.0 
 593 1362630637     894297 3 10 40.0 150.0 
 594 1362630637     904266 3 10 40.0 150.0 
 594 1362630637     914258 3 10 40.0 150.0 
 594 1362630637     924293 3 10 40.0 150.0 
 594 1362630637     934262 3 10 40.0 150.0 
 594 1362630637     944298 3 10 40.0 150.0 
 594 1362630637     954314 3 10 40.0 150.0 
 594 1362630637     964310 3 10 40.0 150.0 
 594 1362630637     974285 3 10 40.0 150.0 
 594 1362630637     984309 3 10 40.0 150.0 
 594 1362630637     994335 3 10 40.0 150.0 
 592 1362630638       4370 3 10 40.0 150.0 
 594 1362630638      14328 3 10 40.0 150.0 
 594 1362630638      24355 3 10 40.0 150.0 
 594 1362630638      34373 3 10 40.0 150.0 
 594 1362630638      44400 3 10 40.0 150.0 
 594 1362630638      54339 3 10 40.0 150.0 
 595 1362630638      64366 3 10 40.0 150.0 
 593 1362630638      74405 3 10 40.0 150.0 
 593 1362630638      84360 3 10 40.0 150.0 
 594 1362630638      94398 3 10 40.0 150.0 
 594 1362630638     104421 3 10 40.0 150.0 
 594 1362630638     114430 3 10 40.0 150.0 
 594 1362630638     124416 3 10 40.0 150.0 
 595 1362630638     134391 3 10 40.0 150.0 
 594 1362630638     144414 3 10 40.0 150.0 
 594 1362630638     154437 3 10 40.0 150.0 
 594 1362630638     164435 3 10 40.0 150.0 
 594 1362630638     174479 3 10 40.0 150.0 
 593 1362630638     184441 3 10 40.0 150.0 
 593 1362630638     194463 3 10 40.0 150.0 
 594 1362630638     204435 3 10 40.0 150.0 
 595 1362630638     214451 3 10 40.0 150.0 
 594 1362630638     224485 3 10 40.0 150.0 
 593 1362630638     234460 3 10 40.0 150.0 
 594 1362630638     244483 3 10 40.0 150.0 
 594 1362630638     254512 3 10 40.0 150.0 
 594 1362630638     264509 3 10 40.0 150.0 
 594 1362630638     274544 3 10 40.0 150.0 
 594 1362630638     284496 3 10 40.0 150.0 
 594 1362630638     294535 3 10 40.0 150.0 
 594 1362630638     304504 3 10 40.0 150.0 
 594 1362630638     314561 3 10 40.0 150.0 
 594 1362630638     324529 3 10 40.0 150.0 
 594 1362630638     334542 3 10 40.0 150.0 
 593 1362630638     344571 3 10 40.0 150.0 
 594 1362630638     354586 3 10 40.0 150.0 
 594 1362630638     364568 3 10 40.0 150.0 
 594 1362630638     374605 3 10 40.0 150.0 
 594 1362630638     384557 3 10 40.0 150.0 
 593 1362630638     394581 3 10 40.0 150.0 
 594 1362630638     404612 3 10 40.0 150.0 
 593 1362630638     414600 3 10 40.0 150.0 
 594 1362630638     424601 3 10 40.0 150.0 
 593 1362630638     434635 3 10 40.0 150.0 
 594 1362630638     444598 3 10 40.0 150.0 
 594 1362630638     454613 3 10 40.0 150.0 
 594 1362630638     464666 3 10 40.0 150.0 
 593 1362630638     474619 3 10 40.0 150.0 
 593 1362630638     484654 3 10 40.0 150.0 
 593 1362630638     494682 3 10 40.0 150.0 
 593 1362630638     504658 3 10 40.0 150.0 
 594 1362630638     514646 3 10 40.0 150.0 
 594 1362630638     524677 3 10 40.0 150.0 
 595 1362630638     534724 3 10 40.0 150.0 
 594 1362630638     544700 3 10 40.0 150.0 
 593 1362630638     554722 3 10 40.0 150.0 
