 332 1362629343     337876 2 5 40.0 50.0 
 332 1362629343     347850 2 5 40.0 50.0 
 331 1362629343     357834 2 5 40.0 50.0 
 332 1362629343     367819 2 5 40.0 50.0 
 332 1362629343     377862 2 5 40.0 50.0 
 332 1362629343     387790 2 5 40.0 50.0 
 332 1362629343     397851 2 5 40.0 50.0 
 332 1362629343     407918 2 5 40.0 50.0 
 332 1362629343     417914 2 5 40.0 50.0 
 332 1362629343     427897 2 5 40.0 50.0 
 332 1362629343     437851 2 5 40.0 50.0 
 331 1362629343     447904 2 5 40.0 50.0 
 332 1362629343     457794 2 5 40.0 50.0 
 332 1362629343     467851 2 5 40.0 50.0 
 332 1362629343     477808 2 5 40.0 50.0 
 332 1362629343     487818 2 5 40.0 50.0 
 332 1362629343     497845 2 5 40.0 50.0 
 332 1362629343     507862 2 5 40.0 50.0 
 331 1362629343     517884 2 5 40.0 50.0 
 332 1362629343     527838 2 5 40.0 50.0 
 332 1362629343     537844 2 5 40.0 50.0 
 332 1362629343     547880 2 5 40.0 50.0 
 332 1362629343     557910 2 5 40.0 50.0 
 331 1362629343     567869 2 5 40.0 50.0 
 332 1362629343     577895 2 5 40.0 50.0 
 332 1362629343     587934 2 5 40.0 50.0 
 332 1362629343     597881 2 5 40.0 50.0 
 332 1362629343     607908 2 5 40.0 50.0 
 332 1362629343     617952 2 5 40.0 50.0 
 332 1362629343     627901 2 5 40.0 50.0 
 332 1362629343     637925 2 5 40.0 50.0 
 331 1362629343     647974 2 5 40.0 50.0 
 332 1362629343     657926 2 5 40.0 50.0 
 332 1362629343     667948 2 5 40.0 50.0 
 332 1362629343     677964 2 5 40.0 50.0 
 331 1362629343     687996 2 5 40.0 50.0 
 332 1362629343     697963 2 5 40.0 50.0 
 332 1362629343     707997 2 5 40.0 50.0 
 332 1362629343     717972 2 5 40.0 50.0 
 332 1362629343     727994 2 5 40.0 50.0 
 331 1362629343     738028 2 5 40.0 50.0 
 331 1362629343     747995 2 5 40.0 50.0 
 332 1362629343     758029 2 5 40.0 50.0 
 332 1362629343     768058 2 5 40.0 50.0 
 331 1362629343     778017 2 5 40.0 50.0 
 332 1362629343     788045 2 5 40.0 50.0 
 332 1362629343     798072 2 5 40.0 50.0 
 331 1362629343     808021 2 5 40.0 50.0 
 332 1362629343     818082 2 5 40.0 50.0 
 332 1362629343     828097 2 5 40.0 50.0 
 332 1362629343     838069 2 5 40.0 50.0 
 332 1362629343     848112 2 5 40.0 50.0 
 331 1362629343     858117 2 5 40.0 50.0 
 332 1362629343     868079 2 5 40.0 50.0 
 332 1362629343     878131 2 5 40.0 50.0 
 332 1362629343     888075 2 5 40.0 50.0 
 332 1362629343     898101 2 5 40.0 50.0 
 332 1362629343     908139 2 5 40.0 50.0 
 332 1362629343     918099 2 5 40.0 50.0 
 332 1362629343     928138 2 5 40.0 50.0 
 332 1362629343     938144 2 5 40.0 50.0 
 332 1362629343     948161 2 5 40.0 50.0 
 332 1362629343     958131 2 5 40.0 50.0 
 332 1362629343     968163 2 5 40.0 50.0 
 331 1362629343     978199 2 5 40.0 50.0 
 332 1362629343     988145 2 5 40.0 50.0 
 332 1362629343     998171 2 5 40.0 50.0 
 331 1362629344       8219 2 5 40.0 50.0 
 332 1362629344      18201 2 5 40.0 50.0 
 332 1362629344      28228 2 5 40.0 50.0 
 332 1362629344      38234 2 5 40.0 50.0 
 332 1362629344      48205 2 5 40.0 50.0 
 332 1362629344      58248 2 5 40.0 50.0 
 332 1362629344      68207 2 5 40.0 50.0 
 332 1362629344      78227 2 5 40.0 50.0 
 332 1362629344      88244 2 5 40.0 50.0 
 332 1362629344      98216 2 5 40.0 50.0 
 331 1362629344     108266 2 5 40.0 50.0 
 332 1362629344     118235 2 5 40.0 50.0 
 332 1362629344     128261 2 5 40.0 50.0 
 332 1362629344     138285 2 5 40.0 50.0 
 332 1362629344     148302 2 5 40.0 50.0 
 332 1362629344     158254 2 5 40.0 50.0 
 332 1362629344     168278 2 5 40.0 50.0 
 331 1362629344     178305 2 5 40.0 50.0 
 331 1362629344     188313 2 5 40.0 50.0 
 332 1362629344     198296 2 5 40.0 50.0 
 332 1362629344     208335 2 5 40.0 50.0 
 332 1362629344     218361 2 5 40.0 50.0 
 332 1362629344     228320 2 5 40.0 50.0 
 331 1362629344     238353 2 5 40.0 50.0 
 332 1362629344     248378 2 5 40.0 50.0 
 332 1362629344     258343 2 5 40.0 50.0 
 331 1362629344     268379 2 5 40.0 50.0 
 332 1362629344     278340 2 5 40.0 50.0 
 332 1362629344     288371 2 5 40.0 50.0 
 332 1362629344     298405 2 5 40.0 50.0 
 332 1362629344     308364 2 5 40.0 50.0 
 332 1362629344     318405 2 5 40.0 50.0 
 332 1362629344     328364 2 5 40.0 50.0 
