 591 1362629898      94802 3 1 40.0 150.0 
 593 1362629898     104786 3 1 40.0 150.0 
 592 1362629898     114823 3 1 40.0 150.0 
 592 1362629898     124839 3 1 40.0 150.0 
 592 1362629898     134793 3 1 40.0 150.0 
 592 1362629898     144800 3 1 40.0 150.0 
 592 1362629898     154828 3 1 40.0 150.0 
 591 1362629898     164835 3 1 40.0 150.0 
 591 1362629898     174829 3 1 40.0 150.0 
 592 1362629898     184844 3 1 40.0 150.0 
 592 1362629898     194845 3 1 40.0 150.0 
 592 1362629898     204843 3 1 40.0 150.0 
 592 1362629898     214840 3 1 40.0 150.0 
 591 1362629898     224893 3 1 40.0 150.0 
 592 1362629898     234900 3 1 40.0 150.0 
 592 1362629898     244901 3 1 40.0 150.0 
 591 1362629898     254918 3 1 40.0 150.0 
 592 1362629898     264919 3 1 40.0 150.0 
 592 1362629898     274910 3 1 40.0 150.0 
 592 1362629898     284931 3 1 40.0 150.0 
 592 1362629898     294921 3 1 40.0 150.0 
 592 1362629898     304926 3 1 40.0 150.0 
 592 1362629898     314932 3 1 40.0 150.0 
 592 1362629898     324915 3 1 40.0 150.0 
 592 1362629898     334917 3 1 40.0 150.0 
 592 1362629898     344920 3 1 40.0 150.0 
 591 1362629898     354925 3 1 40.0 150.0 
 592 1362629898     364990 3 1 40.0 150.0 
 591 1362629898     374972 3 1 40.0 150.0 
 592 1362629898     385001 3 1 40.0 150.0 
 592 1362629898     394998 3 1 40.0 150.0 
 591 1362629898     405015 3 1 40.0 150.0 
 592 1362629898     415011 3 1 40.0 150.0 
 591 1362629898     424985 3 1 40.0 150.0 
 592 1362629898     434985 3 1 40.0 150.0 
 592 1362629898     444984 3 1 40.0 150.0 
 591 1362629898     454992 3 1 40.0 150.0 
 591 1362629898     465061 3 1 40.0 150.0 
 592 1362629898     475067 3 1 40.0 150.0 
 592 1362629898     485014 3 1 40.0 150.0 
 592 1362629898     495030 3 1 40.0 150.0 
 592 1362629898     505032 3 1 40.0 150.0 
 592 1362629898     515052 3 1 40.0 150.0 
 591 1362629898     525068 3 1 40.0 150.0 
 592 1362629898     535070 3 1 40.0 150.0 
 592 1362629898     545077 3 1 40.0 150.0 
 591 1362629898     555085 3 1 40.0 150.0 
 592 1362629898     565101 3 1 40.0 150.0 
 592 1362629898     575118 3 1 40.0 150.0 
 591 1362629898     585127 3 1 40.0 150.0 
 591 1362629898     595131 3 1 40.0 150.0 
 591 1362629898     605140 3 1 40.0 150.0 
 592 1362629898     615137 3 1 40.0 150.0 
 592 1362629898     625136 3 1 40.0 150.0 
 591 1362629898     635143 3 1 40.0 150.0 
 592 1362629898     645143 3 1 40.0 150.0 
 592 1362629898     655149 3 1 40.0 150.0 
 591 1362629898     665165 3 1 40.0 150.0 
 591 1362629898     675161 3 1 40.0 150.0 
 591 1362629898     685171 3 1 40.0 150.0 
 592 1362629898     695183 3 1 40.0 150.0 
 592 1362629898     705179 3 1 40.0 150.0 
 592 1362629898     715193 3 1 40.0 150.0 
 592 1362629898     725210 3 1 40.0 150.0 
 591 1362629898     735221 3 1 40.0 150.0 
 591 1362629898     745221 3 1 40.0 150.0 
 592 1362629898     755213 3 1 40.0 150.0 
 591 1362629898     765227 3 1 40.0 150.0 
 592 1362629898     775216 3 1 40.0 150.0 
 592 1362629898     785278 3 1 40.0 150.0 
 591 1362629898     795284 3 1 40.0 150.0 
 591 1362629898     805227 3 1 40.0 150.0 
 592 1362629898     815239 3 1 40.0 150.0 
 592 1362629898     825249 3 1 40.0 150.0 
 591 1362629898     835272 3 1 40.0 150.0 
 591 1362629898     845276 3 1 40.0 150.0 
 592 1362629898     855279 3 1 40.0 150.0 
 592 1362629898     865282 3 1 40.0 150.0 
 593 1362629898     875272 3 1 40.0 150.0 
 591 1362629898     885302 3 1 40.0 150.0 
 592 1362629898     895310 3 1 40.0 150.0 
 592 1362629898     905323 3 1 40.0 150.0 
 592 1362629898     915333 3 1 40.0 150.0 
 591 1362629898     925334 3 1 40.0 150.0 
 592 1362629898     935343 3 1 40.0 150.0 
 592 1362629898     945350 3 1 40.0 150.0 
 592 1362629898     955361 3 1 40.0 150.0 
 592 1362629898     965371 3 1 40.0 150.0 
 592 1362629898     975368 3 1 40.0 150.0 
 592 1362629898     985384 3 1 40.0 150.0 
 592 1362629898     995377 3 1 40.0 150.0 
 592 1362629899       5420 3 1 40.0 150.0 
 591 1362629899      15392 3 1 40.0 150.0 
 591 1362629899      25419 3 1 40.0 150.0 
 592 1362629899      35393 3 1 40.0 150.0 
 592 1362629899      45420 3 1 40.0 150.0 
 591 1362629899      55404 3 1 40.0 150.0 
 592 1362629899      65421 3 1 40.0 150.0 
 592 1362629899      75447 3 1 40.0 150.0 
 592 1362629899      85467 3 1 40.0 150.0 
