 304 1362624041     110799 0 11 40.0 100.0 
 305 1362624041     120909 0 11 40.0 100.0 
 304 1362624041     130916 0 11 40.0 100.0 
 305 1362624041     140899 0 11 40.0 100.0 
 304 1362624041     150834 0 11 40.0 100.0 
 305 1362624041     160853 0 11 40.0 100.0 
 304 1362624041     170886 0 11 40.0 100.0 
 305 1362624041     180956 0 11 40.0 100.0 
 304 1362624041     190919 0 11 40.0 100.0 
 304 1362624041     200852 0 11 40.0 100.0 
 304 1362624041     210966 0 11 40.0 100.0 
 304 1362624041     220960 0 11 40.0 100.0 
 305 1362624041     230934 0 11 40.0 100.0 
 304 1362624041     240852 0 11 40.0 100.0 
 304 1362624041     250951 0 11 40.0 100.0 
 305 1362624041     260998 0 11 40.0 100.0 
 305 1362624041     270965 0 11 40.0 100.0 
 304 1362624041     280898 0 11 40.0 100.0 
 304 1362624041     290922 0 11 40.0 100.0 
 305 1362624041     300909 0 11 40.0 100.0 
 305 1362624041     310917 0 11 40.0 100.0 
 305 1362624041     320933 0 11 40.0 100.0 
 304 1362624041     330889 0 11 40.0 100.0 
 305 1362624041     340907 0 11 40.0 100.0 
 305 1362624041     350935 0 11 40.0 100.0 
 304 1362624041     360916 0 11 40.0 100.0 
 304 1362624041     370954 0 11 40.0 100.0 
 304 1362624041     380988 0 11 40.0 100.0 
 305 1362624041     390929 0 11 40.0 100.0 
 305 1362624041     400973 0 11 40.0 100.0 
 305 1362624041     410999 0 11 40.0 100.0 
 304 1362624041     420946 0 11 40.0 100.0 
 305 1362624041     430957 0 11 40.0 100.0 
 304 1362624041     441025 0 11 40.0 100.0 
 305 1362624041     450978 0 11 40.0 100.0 
 305 1362624041     460988 0 11 40.0 100.0 
 305 1362624041     471016 0 11 40.0 100.0 
 305 1362624041     481029 0 11 40.0 100.0 
 304 1362624041     491051 0 11 40.0 100.0 
 305 1362624041     501059 0 11 40.0 100.0 
 304 1362624041     511031 0 11 40.0 100.0 
 305 1362624041     521054 0 11 40.0 100.0 
 305 1362624041     531067 0 11 40.0 100.0 
 304 1362624041     541075 0 11 40.0 100.0 
 306 1362624041     551039 0 11 40.0 100.0 
 304 1362624041     561049 0 11 40.0 100.0 
 304 1362624041     571074 0 11 40.0 100.0 
 305 1362624041     581088 0 11 40.0 100.0 
 305 1362624041     591106 0 11 40.0 100.0 
 304 1362624041     601133 0 11 40.0 100.0 
 305 1362624041     611076 0 11 40.0 100.0 
 305 1362624041     621110 0 11 40.0 100.0 
 305 1362624041     631126 0 11 40.0 100.0 
 304 1362624041     641126 0 11 40.0 100.0 
 305 1362624041     651148 0 11 40.0 100.0 
 305 1362624041     661104 0 11 40.0 100.0 
 304 1362624041     671134 0 11 40.0 100.0 
 305 1362624041     681156 0 11 40.0 100.0 
 304 1362624041     691168 0 11 40.0 100.0 
 306 1362624041     701195 0 11 40.0 100.0 
 304 1362624041     711156 0 11 40.0 100.0 
 304 1362624041     721165 0 11 40.0 100.0 
 305 1362624041     731200 0 11 40.0 100.0 
 305 1362624041     741156 0 11 40.0 100.0 
 305 1362624041     751195 0 11 40.0 100.0 
 304 1362624041     761227 0 11 40.0 100.0 
 305 1362624041     771184 0 11 40.0 100.0 
 305 1362624041     781196 0 11 40.0 100.0 
 304 1362624041     791209 0 11 40.0 100.0 
 304 1362624041     801243 0 11 40.0 100.0 
 305 1362624041     811270 0 11 40.0 100.0 
 305 1362624041     821233 0 11 40.0 100.0 
 305 1362624041     831269 0 11 40.0 100.0 
 305 1362624041     841225 0 11 40.0 100.0 
 304 1362624041     851262 0 11 40.0 100.0 
 305 1362624041     861298 0 11 40.0 100.0 
 303 1362624041     871275 0 11 40.0 100.0 
 306 1362624041     881309 0 11 40.0 100.0 
 304 1362624041     891265 0 11 40.0 100.0 
 305 1362624041     901293 0 11 40.0 100.0 
 304 1362624041     911319 0 11 40.0 100.0 
 304 1362624041     921278 0 11 40.0 100.0 
 305 1362624041     931308 0 11 40.0 100.0 
 304 1362624041     941324 0 11 40.0 100.0 
 304 1362624041     951344 0 11 40.0 100.0 
 305 1362624041     961304 0 11 40.0 100.0 
 305 1362624041     971336 0 11 40.0 100.0 
 304 1362624041     981356 0 11 40.0 100.0 
 306 1362624041     991369 0 11 40.0 100.0 
 305 1362624042       1370 0 11 40.0 100.0 
 305 1362624042      11394 0 11 40.0 100.0 
 304 1362624042      21405 0 11 40.0 100.0 
 305 1362624042      31364 0 11 40.0 100.0 
 305 1362624042      41402 0 11 40.0 100.0 
 303 1362624042      51369 0 11 40.0 100.0 
 305 1362624042      61390 0 11 40.0 100.0 
 305 1362624042      71414 0 11 40.0 100.0 
 305 1362624042      81432 0 11 40.0 100.0 
 304 1362624042      91392 0 11 40.0 100.0 
 304 1362624042     101420 0 11 40.0 100.0 
