 470 1362624292     547036 1 0 40.0 100.0 
 471 1362624292     556962 1 0 40.0 100.0 
 471 1362624292     567090 1 0 40.0 100.0 
 471 1362624292     577056 1 0 40.0 100.0 
 471 1362624292     587075 1 0 40.0 100.0 
 471 1362624292     596978 1 0 40.0 100.0 
 470 1362624292     607153 1 0 40.0 100.0 
 472 1362624292     617084 1 0 40.0 100.0 
 471 1362624292     627024 1 0 40.0 100.0 
 471 1362624292     637098 1 0 40.0 100.0 
 471 1362624292     647162 1 0 40.0 100.0 
 471 1362624292     657179 1 0 40.0 100.0 
 471 1362624292     667143 1 0 40.0 100.0 
 471 1362624292     677098 1 0 40.0 100.0 
 471 1362624292     687145 1 0 40.0 100.0 
 471 1362624292     697075 1 0 40.0 100.0 
 470 1362624292     707207 1 0 40.0 100.0 
 471 1362624292     717118 1 0 40.0 100.0 
 470 1362624292     727194 1 0 40.0 100.0 
 471 1362624292     737255 1 0 40.0 100.0 
 471 1362624292     747089 1 0 40.0 100.0 
 471 1362624292     757086 1 0 40.0 100.0 
 471 1362624292     767135 1 0 40.0 100.0 
 471 1362624292     777086 1 0 40.0 100.0 
 471 1362624292     787150 1 0 40.0 100.0 
 471 1362624292     797137 1 0 40.0 100.0 
 471 1362624292     807132 1 0 40.0 100.0 
 471 1362624292     817139 1 0 40.0 100.0 
 471 1362624292     827142 1 0 40.0 100.0 
 470 1362624292     837160 1 0 40.0 100.0 
 470 1362624292     847158 1 0 40.0 100.0 
 470 1362624292     857168 1 0 40.0 100.0 
 471 1362624292     867173 1 0 40.0 100.0 
 470 1362624292     877190 1 0 40.0 100.0 
 470 1362624292     887214 1 0 40.0 100.0 
 471 1362624292     897225 1 0 40.0 100.0 
 470 1362624292     907224 1 0 40.0 100.0 
 470 1362624292     917234 1 0 40.0 100.0 
 471 1362624292     927230 1 0 40.0 100.0 
 470 1362624292     937214 1 0 40.0 100.0 
 471 1362624292     947209 1 0 40.0 100.0 
 470 1362624292     957196 1 0 40.0 100.0 
 471 1362624292     967217 1 0 40.0 100.0 
 470 1362624292     977219 1 0 40.0 100.0 
 471 1362624292     987228 1 0 40.0 100.0 
 472 1362624292     997267 1 0 40.0 100.0 
 470 1362624293       7280 1 0 40.0 100.0 
 471 1362624293      17244 1 0 40.0 100.0 
 471 1362624293      27266 1 0 40.0 100.0 
 470 1362624293      37283 1 0 40.0 100.0 
 471 1362624293      47302 1 0 40.0 100.0 
 470 1362624293      57308 1 0 40.0 100.0 
 471 1362624293      67330 1 0 40.0 100.0 
 470 1362624293      77286 1 0 40.0 100.0 
 471 1362624293      87347 1 0 40.0 100.0 
 471 1362624293      97308 1 0 40.0 100.0 
 470 1362624293     107354 1 0 40.0 100.0 
 471 1362624293     117345 1 0 40.0 100.0 
 470 1362624293     127322 1 0 40.0 100.0 
 471 1362624293     137363 1 0 40.0 100.0 
 471 1362624293     147329 1 0 40.0 100.0 
 470 1362624293     157360 1 0 40.0 100.0 
 471 1362624293     167349 1 0 40.0 100.0 
 471 1362624293     177388 1 0 40.0 100.0 
 471 1362624293     187386 1 0 40.0 100.0 
 470 1362624293     197382 1 0 40.0 100.0 
 470 1362624293     207376 1 0 40.0 100.0 
 471 1362624293     217387 1 0 40.0 100.0 
 470 1362624293     227403 1 0 40.0 100.0 
 471 1362624293     237420 1 0 40.0 100.0 
 470 1362624293     247419 1 0 40.0 100.0 
 470 1362624293     257411 1 0 40.0 100.0 
 470 1362624293     267444 1 0 40.0 100.0 
 470 1362624293     277415 1 0 40.0 100.0 
 471 1362624293     287430 1 0 40.0 100.0 
 471 1362624293     297455 1 0 40.0 100.0 
 470 1362624293     307450 1 0 40.0 100.0 
 470 1362624293     317453 1 0 40.0 100.0 
 470 1362624293     327458 1 0 40.0 100.0 
 471 1362624293     337485 1 0 40.0 100.0 
 470 1362624293     347503 1 0 40.0 100.0 
 471 1362624293     357498 1 0 40.0 100.0 
 471 1362624293     367517 1 0 40.0 100.0 
 471 1362624293     377523 1 0 40.0 100.0 
 471 1362624293     387518 1 0 40.0 100.0 
 470 1362624293     397545 1 0 40.0 100.0 
 471 1362624293     407543 1 0 40.0 100.0 
 470 1362624293     417556 1 0 40.0 100.0 
 471 1362624293     427564 1 0 40.0 100.0 
 471 1362624293     437572 1 0 40.0 100.0 
 471 1362624293     447570 1 0 40.0 100.0 
 471 1362624293     457558 1 0 40.0 100.0 
 470 1362624293     467583 1 0 40.0 100.0 
 471 1362624293     477598 1 0 40.0 100.0 
 471 1362624293     487554 1 0 40.0 100.0 
 471 1362624293     497574 1 0 40.0 100.0 
 471 1362624293     507585 1 0 40.0 100.0 
 471 1362624293     517621 1 0 40.0 100.0 
 471 1362624293     527620 1 0 40.0 100.0 
 471 1362624293     537579 1 0 40.0 100.0 
