 155 1362629460     645436 2 7 40.0 50.0 
 156 1362629460     655333 2 7 40.0 50.0 
 156 1362629460     665361 2 7 40.0 50.0 
 156 1362629460     675391 2 7 40.0 50.0 
 154 1362629460     685403 2 7 40.0 50.0 
 156 1362629460     695406 2 7 40.0 50.0 
 156 1362629460     705421 2 7 40.0 50.0 
 155 1362629460     715425 2 7 40.0 50.0 
 155 1362629460     725448 2 7 40.0 50.0 
 156 1362629460     735454 2 7 40.0 50.0 
 155 1362629460     745435 2 7 40.0 50.0 
 156 1362629460     755441 2 7 40.0 50.0 
 155 1362629460     765454 2 7 40.0 50.0 
 155 1362629460     775462 2 7 40.0 50.0 
 156 1362629460     785477 2 7 40.0 50.0 
 156 1362629460     795475 2 7 40.0 50.0 
 156 1362629460     805434 2 7 40.0 50.0 
 156 1362629460     815446 2 7 40.0 50.0 
 156 1362629460     825468 2 7 40.0 50.0 
 155 1362629460     835516 2 7 40.0 50.0 
 156 1362629460     845503 2 7 40.0 50.0 
 155 1362629460     855514 2 7 40.0 50.0 
 155 1362629460     865530 2 7 40.0 50.0 
 156 1362629460     875508 2 7 40.0 50.0 
 155 1362629460     885531 2 7 40.0 50.0 
 155 1362629460     895540 2 7 40.0 50.0 
 156 1362629460     905566 2 7 40.0 50.0 
 155 1362629460     915556 2 7 40.0 50.0 
 155 1362629460     925580 2 7 40.0 50.0 
 156 1362629460     935586 2 7 40.0 50.0 
 156 1362629460     945565 2 7 40.0 50.0 
 155 1362629460     955590 2 7 40.0 50.0 
 155 1362629460     965554 2 7 40.0 50.0 
 155 1362629460     975572 2 7 40.0 50.0 
 156 1362629460     985614 2 7 40.0 50.0 
 156 1362629460     995622 2 7 40.0 50.0 
 155 1362629461       5608 2 7 40.0 50.0 
 156 1362629461      15591 2 7 40.0 50.0 
 156 1362629461      25582 2 7 40.0 50.0 
 155 1362629461      35648 2 7 40.0 50.0 
 156 1362629461      45590 2 7 40.0 50.0 
 155 1362629461      55639 2 7 40.0 50.0 
 156 1362629461      65623 2 7 40.0 50.0 
 156 1362629461      75669 2 7 40.0 50.0 
 155 1362629461      85650 2 7 40.0 50.0 
 155 1362629461      95684 2 7 40.0 50.0 
 156 1362629461     105700 2 7 40.0 50.0 
 155 1362629461     115636 2 7 40.0 50.0 
 155 1362629461     125653 2 7 40.0 50.0 
 155 1362629461     135661 2 7 40.0 50.0 
 155 1362629461     145703 2 7 40.0 50.0 
 156 1362629461     155725 2 7 40.0 50.0 
 155 1362629461     165724 2 7 40.0 50.0 
 155 1362629461     175720 2 7 40.0 50.0 
 155 1362629461     185729 2 7 40.0 50.0 
 156 1362629461     195706 2 7 40.0 50.0 
 155 1362629461     205737 2 7 40.0 50.0 
 155 1362629461     215767 2 7 40.0 50.0 
 156 1362629461     225736 2 7 40.0 50.0 
 156 1362629461     235764 2 7 40.0 50.0 
 156 1362629461     245771 2 7 40.0 50.0 
 155 1362629461     255736 2 7 40.0 50.0 
 155 1362629461     265777 2 7 40.0 50.0 
 156 1362629461     275747 2 7 40.0 50.0 
 155 1362629461     285777 2 7 40.0 50.0 
 155 1362629461     295798 2 7 40.0 50.0 
 155 1362629461     305821 2 7 40.0 50.0 
 156 1362629461     315776 2 7 40.0 50.0 
 155 1362629461     325791 2 7 40.0 50.0 
 155 1362629461     335800 2 7 40.0 50.0 
 155 1362629461     345798 2 7 40.0 50.0 
 156 1362629461     355813 2 7 40.0 50.0 
 155 1362629461     365842 2 7 40.0 50.0 
 155 1362629461     375871 2 7 40.0 50.0 
 155 1362629461     385839 2 7 40.0 50.0 
 155 1362629461     395848 2 7 40.0 50.0 
 156 1362629461     405886 2 7 40.0 50.0 
 155 1362629461     415836 2 7 40.0 50.0 
 155 1362629461     425863 2 7 40.0 50.0 
 156 1362629461     435902 2 7 40.0 50.0 
 155 1362629461     445896 2 7 40.0 50.0 
 155 1362629461     455864 2 7 40.0 50.0 
 156 1362629461     465894 2 7 40.0 50.0 
 156 1362629461     475945 2 7 40.0 50.0 
 155 1362629461     485903 2 7 40.0 50.0 
 155 1362629461     495905 2 7 40.0 50.0 
 156 1362629461     505933 2 7 40.0 50.0 
 156 1362629461     515950 2 7 40.0 50.0 
 155 1362629461     525918 2 7 40.0 50.0 
 155 1362629461     535952 2 7 40.0 50.0 
 155 1362629461     545950 2 7 40.0 50.0 
 156 1362629461     555979 2 7 40.0 50.0 
 155 1362629461     565935 2 7 40.0 50.0 
 155 1362629461     575985 2 7 40.0 50.0 
 156 1362629461     585994 2 7 40.0 50.0 
 156 1362629461     595959 2 7 40.0 50.0 
 155 1362629461     605987 2 7 40.0 50.0 
 155 1362629461     616014 2 7 40.0 50.0 
 156 1362629461     625989 2 7 40.0 50.0 
 156 1362629461     636016 2 7 40.0 50.0 
