 434 1362622841     848422 0 5 40.0 150 
 434 1362622841     858506 0 5 40.0 150 
 434 1362622841     868472 0 5 40.0 150 
 434 1362622841     878574 0 5 40.0 150 
 434 1362622841     888519 0 5 40.0 150 
 435 1362622841     898547 0 5 40.0 150 
 434 1362622841     908585 0 5 40.0 150 
 435 1362622841     918607 0 5 40.0 150 
 434 1362622841     928525 0 5 40.0 150 
 434 1362622841     938610 0 5 40.0 150 
 434 1362622841     948499 0 5 40.0 150 
 434 1362622841     958508 0 5 40.0 150 
 434 1362622841     968500 0 5 40.0 150 
 434 1362622841     978527 0 5 40.0 150 
 434 1362622841     988505 0 5 40.0 150 
 434 1362622841     998503 0 5 40.0 150 
 434 1362622842       8505 0 5 40.0 150 
 434 1362622842      18500 0 5 40.0 150 
 435 1362622842      28515 0 5 40.0 150 
 434 1362622842      38548 0 5 40.0 150 
 435 1362622842      48523 0 5 40.0 150 
 434 1362622842      58585 0 5 40.0 150 
 434 1362622842      68566 0 5 40.0 150 
 434 1362622842      78598 0 5 40.0 150 
 434 1362622842      88610 0 5 40.0 150 
 435 1362622842      98581 0 5 40.0 150 
 434 1362622842     108585 0 5 40.0 150 
 434 1362622842     118566 0 5 40.0 150 
 434 1362622842     128575 0 5 40.0 150 
 435 1362622842     138627 0 5 40.0 150 
 434 1362622842     148644 0 5 40.0 150 
 434 1362622842     158608 0 5 40.0 150 
 435 1362622842     168650 0 5 40.0 150 
 434 1362622842     178631 0 5 40.0 150 
 434 1362622842     188646 0 5 40.0 150 
 435 1362622842     198656 0 5 40.0 150 
 434 1362622842     208669 0 5 40.0 150 
 434 1362622842     218640 0 5 40.0 150 
 434 1362622842     228664 0 5 40.0 150 
 434 1362622842     238655 0 5 40.0 150 
 434 1362622842     248703 0 5 40.0 150 
 434 1362622842     258711 0 5 40.0 150 
 434 1362622842     268711 0 5 40.0 150 
 434 1362622842     278689 0 5 40.0 150 
 435 1362622842     288699 0 5 40.0 150 
 434 1362622842     298745 0 5 40.0 150 
 435 1362622842     308720 0 5 40.0 150 
 434 1362622842     318727 0 5 40.0 150 
 435 1362622842     328769 0 5 40.0 150 
 434 1362622842     338769 0 5 40.0 150 
 435 1362622842     348771 0 5 40.0 150 
 434 1362622842     358736 0 5 40.0 150 
 434 1362622842     368778 0 5 40.0 150 
 434 1362622842     378773 0 5 40.0 150 
 435 1362622842     388791 0 5 40.0 150 
 434 1362622842     398770 0 5 40.0 150 
 434 1362622842     408821 0 5 40.0 150 
 434 1362622842     418775 0 5 40.0 150 
 435 1362622842     428786 0 5 40.0 150 
 434 1362622842     438784 0 5 40.0 150 
 434 1362622842     448815 0 5 40.0 150 
 435 1362622842     458856 0 5 40.0 150 
 435 1362622842     468858 0 5 40.0 150 
 434 1362622842     478814 0 5 40.0 150 
 434 1362622842     488871 0 5 40.0 150 
 434 1362622842     498870 0 5 40.0 150 
 435 1362622842     508885 0 5 40.0 150 
 434 1362622842     518831 0 5 40.0 150 
 435 1362622842     528844 0 5 40.0 150 
 434 1362622842     538909 0 5 40.0 150 
 435 1362622842     548864 0 5 40.0 150 
 434 1362622842     558860 0 5 40.0 150 
 434 1362622842     568903 0 5 40.0 150 
 435 1362622842     578888 0 5 40.0 150 
 434 1362622842     588926 0 5 40.0 150 
 435 1362622842     598907 0 5 40.0 150 
 434 1362622842     608910 0 5 40.0 150 
 434 1362622842     618959 0 5 40.0 150 
 435 1362622842     628966 0 5 40.0 150 
 435 1362622842     638958 0 5 40.0 150 
 435 1362622842     648967 0 5 40.0 150 
 434 1362622842     658949 0 5 40.0 150 
 434 1362622842     668935 0 5 40.0 150 
 435 1362622842     678965 0 5 40.0 150 
 434 1362622842     688957 0 5 40.0 150 
 434 1362622842     698957 0 5 40.0 150 
 435 1362622842     709013 0 5 40.0 150 
 434 1362622842     719009 0 5 40.0 150 
 434 1362622842     729029 0 5 40.0 150 
 434 1362622842     739036 0 5 40.0 150 
 434 1362622842     749007 0 5 40.0 150 
 434 1362622842     759026 0 5 40.0 150 
 435 1362622842     768997 0 5 40.0 150 
 435 1362622842     779053 0 5 40.0 150 
 434 1362622842     789034 0 5 40.0 150 
 434 1362622842     799041 0 5 40.0 150 
 435 1362622842     809030 0 5 40.0 150 
 435 1362622842     819075 0 5 40.0 150 
 434 1362622842     829093 0 5 40.0 150 
 435 1362622842     839075 0 5 40.0 150 
 434 1362622842     849098 0 5 40.0 150 
 434 1362622842     859114 0 5 40.0 150 
 435 1362622842     869095 0 5 40.0 150 
 434 1362622842     879107 0 5 40.0 150 
 434 1362622842     889086 0 5 40.0 150 
 434 1362622842     899131 0 5 40.0 150 
 434 1362622842     909122 0 5 40.0 150 
 435 1362622842     919127 0 5 40.0 150 
 434 1362622842     929125 0 5 40.0 150 
 434 1362622842     939141 0 5 40.0 150 
 434 1362622842     949171 0 5 40.0 150 
 435 1362622842     959123 0 5 40.0 150 
 434 1362622842     969186 0 5 40.0 150 
 434 1362622842     979152 0 5 40.0 150 
 435 1362622842     989154 0 5 40.0 150 
 435 1362622842     999198 0 5 40.0 150 
 434 1362622843       9216 0 5 40.0 150 
 434 1362622843      19166 0 5 40.0 150 
 435 1362622843      29174 0 5 40.0 150 
 434 1362622843      39179 0 5 40.0 150 
 434 1362622843      49188 0 5 40.0 150 
 434 1362622843      59194 0 5 40.0 150 
 435 1362622843      69207 0 5 40.0 150 
 434 1362622843      79241 0 5 40.0 150 
 435 1362622843      89254 0 5 40.0 150 
 434 1362622843      99271 0 5 40.0 150 
 435 1362622843     109257 0 5 40.0 150 
 434 1362622843     119245 0 5 40.0 150 
 434 1362622843     129251 0 5 40.0 150 
 434 1362622843     139245 0 5 40.0 150 
 434 1362622843     149291 0 5 40.0 150 
 435 1362622843     159279 0 5 40.0 150 
 434 1362622843     169321 0 5 40.0 150 
 435 1362622843     179290 0 5 40.0 150 
 434 1362622843     189276 0 5 40.0 150 
 434 1362622843     199321 0 5 40.0 150 
 434 1362622843     209297 0 5 40.0 150 
 435 1362622843     219351 0 5 40.0 150 
 434 1362622843     229325 0 5 40.0 150 
 435 1362622843     239322 0 5 40.0 150 
 434 1362622843     249372 0 5 40.0 150 
 434 1362622843     259357 0 5 40.0 150 
 434 1362622843     269363 0 5 40.0 150 
 434 1362622843     279370 0 5 40.0 150 
 435 1362622843     289401 0 5 40.0 150 
 435 1362622843     299408 0 5 40.0 150 
 435 1362622843     309412 0 5 40.0 150 
 435 1362622843     319397 0 5 40.0 150 
 434 1362622843     329377 0 5 40.0 150 
 434 1362622843     339404 0 5 40.0 150 
 434 1362622843     349379 0 5 40.0 150 
 434 1362622843     359444 0 5 40.0 150 
 435 1362622843     369403 0 5 40.0 150 
 434 1362622843     379397 0 5 40.0 150 
 434 1362622843     389445 0 5 40.0 150 
 435 1362622843     399413 0 5 40.0 150 
 434 1362622843     409456 0 5 40.0 150 
 434 1362622843     419475 0 5 40.0 150 
 434 1362622843     429437 0 5 40.0 150 
 434 1362622843     439497 0 5 40.0 150 
 435 1362622843     449487 0 5 40.0 150 
 434 1362622843     459501 0 5 40.0 150 
 434 1362622843     469509 0 5 40.0 150 
 434 1362622843     479483 0 5 40.0 150 
 435 1362622843     489511 0 5 40.0 150 
 434 1362622843     499489 0 5 40.0 150 
 434 1362622843     509521 0 5 40.0 150 
 434 1362622843     519526 0 5 40.0 150 
 435 1362622843     529527 0 5 40.0 150 
 434 1362622843     539515 0 5 40.0 150 
 434 1362622843     549523 0 5 40.0 150 
 434 1362622843     559530 0 5 40.0 150 
 434 1362622843     569581 0 5 40.0 150 
 435 1362622843     579590 0 5 40.0 150 
 433 1362622843     589568 0 5 40.0 150 
 435 1362622843     599572 0 5 40.0 150 
 434 1362622843     609598 0 5 40.0 150 
 435 1362622843     619616 0 5 40.0 150 
 434 1362622843     629612 0 5 40.0 150 
 434 1362622843     639573 0 5 40.0 150 
 434 1362622843     649590 0 5 40.0 150 
 435 1362622843     659641 0 5 40.0 150 
 434 1362622843     669635 0 5 40.0 150 
 434 1362622843     679621 0 5 40.0 150 
 434 1362622843     689609 0 5 40.0 150 
 434 1362622843     699627 0 5 40.0 150 
 434 1362622843     709626 0 5 40.0 150 
 435 1362622843     719687 0 5 40.0 150 
 434 1362622843     729662 0 5 40.0 150 
 434 1362622843     739638 0 5 40.0 150 
 435 1362622843     749659 0 5 40.0 150 
 434 1362622843     759675 0 5 40.0 150 
 434 1362622843     769673 0 5 40.0 150 
 434 1362622843     779685 0 5 40.0 150 
 434 1362622843     789724 0 5 40.0 150 
 435 1362622843     799678 0 5 40.0 150 
 434 1362622843     809685 0 5 40.0 150 
 434 1362622843     819751 0 5 40.0 150 
 435 1362622843     829721 0 5 40.0 150 
 435 1362622843     839713 0 5 40.0 150 
 434 1362622843     849714 0 5 40.0 150 
 434 1362622843     859780 0 5 40.0 150 
 434 1362622843     869728 0 5 40.0 150 
 434 1362622843     879766 0 5 40.0 150 
 434 1362622843     889793 0 5 40.0 150 
 435 1362622843     899770 0 5 40.0 150 
 434 1362622843     909791 0 5 40.0 150 
 434 1362622843     919798 0 5 40.0 150 
 434 1362622843     929779 0 5 40.0 150 
 434 1362622843     939812 0 5 40.0 150 
 434 1362622843     949796 0 5 40.0 150 
 435 1362622843     959842 0 5 40.0 150 
 434 1362622843     969816 0 5 40.0 150 
 435 1362622843     979816 0 5 40.0 150 
 435 1362622843     989815 0 5 40.0 150 
 435 1362622843     999843 0 5 40.0 150 
 434 1362622844       9844 0 5 40.0 150 
 435 1362622844      19840 0 5 40.0 150 
 434 1362622844      29839 0 5 40.0 150 
 434 1362622844      39861 0 5 40.0 150 
 434 1362622844      49881 0 5 40.0 150 
 434 1362622844      59877 0 5 40.0 150 
 433 1362622844      69896 0 5 40.0 150 
 435 1362622844      79922 0 5 40.0 150 
 435 1362622844      89873 0 5 40.0 150 
 435 1362622844      99900 0 5 40.0 150 
 435 1362622844     109889 0 5 40.0 150 
 434 1362622844     119915 0 5 40.0 150 
 435 1362622844     129911 0 5 40.0 150 
 434 1362622844     139960 0 5 40.0 150 
 435 1362622844     149914 0 5 40.0 150 
 434 1362622844     159977 0 5 40.0 150 
 434 1362622844     169946 0 5 40.0 150 
 434 1362622844     179989 0 5 40.0 150 
 434 1362622844     189948 0 5 40.0 150 
 434 1362622844     199995 0 5 40.0 150 
 435 1362622844     209968 0 5 40.0 150 
 434 1362622844     219960 0 5 40.0 150 
 434 1362622844     230008 0 5 40.0 150 
 434 1362622844     240001 0 5 40.0 150 
 434 1362622844     250035 0 5 40.0 150 
 435 1362622844     260044 0 5 40.0 150 
 434 1362622844     270022 0 5 40.0 150 
 434 1362622844     280017 0 5 40.0 150 
 434 1362622844     290046 0 5 40.0 150 
 435 1362622844     300014 0 5 40.0 150 
 434 1362622844     310016 0 5 40.0 150 
 435 1362622844     320037 0 5 40.0 150 
 434 1362622844     330055 0 5 40.0 150 
 434 1362622844     340093 0 5 40.0 150 
 434 1362622844     350049 0 5 40.0 150 
 434 1362622844     360082 0 5 40.0 150 
 434 1362622844     370110 0 5 40.0 150 
 434 1362622844     380086 0 5 40.0 150 
 435 1362622844     390090 0 5 40.0 150 
 434 1362622844     400087 0 5 40.0 150 
 434 1362622844     410084 0 5 40.0 150 
 434 1362622844     420150 0 5 40.0 150 
 434 1362622844     430151 0 5 40.0 150 
 435 1362622844     440104 0 5 40.0 150 
 434 1362622844     450144 0 5 40.0 150 
 434 1362622844     460165 0 5 40.0 150 
 435 1362622844     470163 0 5 40.0 150 
 434 1362622844     480152 0 5 40.0 150 
 435 1362622844     490164 0 5 40.0 150 
 434 1362622844     500177 0 5 40.0 150 
 434 1362622844     510177 0 5 40.0 150 
 434 1362622844     520153 0 5 40.0 150 
 435 1362622844     530159 0 5 40.0 150 
 435 1362622844     540227 0 5 40.0 150 
 435 1362622844     550221 0 5 40.0 150 
 434 1362622844     560213 0 5 40.0 150 
 434 1362622844     570193 0 5 40.0 150 
 434 1362622844     580284 0 5 40.0 150 
 435 1362622844     590224 0 5 40.0 150 
 434 1362622844     600243 0 5 40.0 150 
 433 1362622844     610231 0 5 40.0 150 
 434 1362622844     620255 0 5 40.0 150 
 434 1362622844     630229 0 5 40.0 150 
 435 1362622844     640262 0 5 40.0 150 
 434 1362622844     650280 0 5 40.0 150 
 435 1362622844     660278 0 5 40.0 150 
 434 1362622844     670310 0 5 40.0 150 
 435 1362622844     680311 0 5 40.0 150 
 434 1362622844     690304 0 5 40.0 150 
 434 1362622844     700324 0 5 40.0 150 
 434 1362622844     710278 0 5 40.0 150 
 435 1362622844     720342 0 5 40.0 150 
 434 1362622844     730345 0 5 40.0 150 
 434 1362622844     740310 0 5 40.0 150 
 435 1362622844     750305 0 5 40.0 150 
 433 1362622844     760373 0 5 40.0 150 
 434 1362622844     770369 0 5 40.0 150 
 434 1362622844     780371 0 5 40.0 150 
 435 1362622844     790360 0 5 40.0 150 
 434 1362622844     800368 0 5 40.0 150 
 434 1362622844     810394 0 5 40.0 150 
 434 1362622844     820403 0 5 40.0 150 
 435 1362622844     830363 0 5 40.0 150 
 434 1362622844     840374 0 5 40.0 150 
 435 1362622844     850381 0 5 40.0 150 
 434 1362622844     860387 0 5 40.0 150 
 434 1362622844     870430 0 5 40.0 150 
 435 1362622844     880442 0 5 40.0 150 
 434 1362622844     890420 0 5 40.0 150 
 434 1362622844     900407 0 5 40.0 150 
 434 1362622844     910416 0 5 40.0 150 
 434 1362622844     920432 0 5 40.0 150 
 434 1362622844     930481 0 5 40.0 150 
 434 1362622844     940440 0 5 40.0 150 
 434 1362622844     950460 0 5 40.0 150 
 434 1362622844     960476 0 5 40.0 150 
 434 1362622844     970470 0 5 40.0 150 
 435 1362622844     980500 0 5 40.0 150 
 434 1362622844     990486 0 5 40.0 150 
 434 1362622845        492 0 5 40.0 150 
 434 1362622845      10489 0 5 40.0 150 
 434 1362622845      20525 0 5 40.0 150 
 435 1362622845      30529 0 5 40.0 150 
 434 1362622845      40494 0 5 40.0 150 
 434 1362622845      50558 0 5 40.0 150 
 434 1362622845      60545 0 5 40.0 150 
 434 1362622845      70518 0 5 40.0 150 
 434 1362622845      80528 0 5 40.0 150 
 435 1362622845      90542 0 5 40.0 150 
 434 1362622845     100542 0 5 40.0 150 
 434 1362622845     110569 0 5 40.0 150 
 435 1362622845     120610 0 5 40.0 150 
 434 1362622845     130598 0 5 40.0 150 
 435 1362622845     140607 0 5 40.0 150 
 434 1362622845     150615 0 5 40.0 150 
 434 1362622845     160581 0 5 40.0 150 
 434 1362622845     170611 0 5 40.0 150 
 434 1362622845     180591 0 5 40.0 150 
 434 1362622845     190621 0 5 40.0 150 
 434 1362622845     200646 0 5 40.0 150 
 434 1362622845     210657 0 5 40.0 150 
 434 1362622845     220615 0 5 40.0 150 
 435 1362622845     230626 0 5 40.0 150 
 434 1362622845     240670 0 5 40.0 150 
 434 1362622845     250676 0 5 40.0 150 
 434 1362622845     260679 0 5 40.0 150 
 434 1362622845     270691 0 5 40.0 150 
 435 1362622845     280663 0 5 40.0 150 
 434 1362622845     290709 0 5 40.0 150 
 435 1362622845     300722 0 5 40.0 150 
 434 1362622845     310712 0 5 40.0 150 
 435 1362622845     320706 0 5 40.0 150 
 434 1362622845     330734 0 5 40.0 150 
 435 1362622845     340708 0 5 40.0 150 
 434 1362622845     350745 0 5 40.0 150 
 435 1362622845     360716 0 5 40.0 150 
 434 1362622845     370765 0 5 40.0 150 
 434 1362622845     380755 0 5 40.0 150 
 434 1362622845     390757 0 5 40.0 150 
 435 1362622845     400794 0 5 40.0 150 
 435 1362622845     410736 0 5 40.0 150 
 434 1362622845     420749 0 5 40.0 150 
 435 1362622845     430795 0 5 40.0 150 
 434 1362622845     440765 0 5 40.0 150 
 435 1362622845     450775 0 5 40.0 150 
 434 1362622845     460812 0 5 40.0 150 
 434 1362622845     470780 0 5 40.0 150 
 434 1362622845     480811 0 5 40.0 150 
 435 1362622845     490812 0 5 40.0 150 
 435 1362622845     500820 0 5 40.0 150 
 435 1362622845     510810 0 5 40.0 150 
 435 1362622845     520841 0 5 40.0 150 
 435 1362622845     530826 0 5 40.0 150 
 434 1362622845     540824 0 5 40.0 150 
 434 1362622845     550862 0 5 40.0 150 
 434 1362622845     560873 0 5 40.0 150 
 434 1362622845     570857 0 5 40.0 150 
 435 1362622845     580910 0 5 40.0 150 
 435 1362622845     590906 0 5 40.0 150 
 434 1362622845     600864 0 5 40.0 150 
 434 1362622845     610893 0 5 40.0 150 
 434 1362622845     620886 0 5 40.0 150 
 434 1362622845     630943 0 5 40.0 150 
 435 1362622845     640925 0 5 40.0 150 
 435 1362622845     650916 0 5 40.0 150 
 434 1362622845     660946 0 5 40.0 150 
 435 1362622845     670921 0 5 40.0 150 
 435 1362622845     680976 0 5 40.0 150 
 434 1362622845     690957 0 5 40.0 150 
 435 1362622845     700955 0 5 40.0 150 
 434 1362622845     710972 0 5 40.0 150 
 435 1362622845     720971 0 5 40.0 150 
 434 1362622845     730962 0 5 40.0 150 
 434 1362622845     740992 0 5 40.0 150 
 434 1362622845     750991 0 5 40.0 150 
 435 1362622845     760984 0 5 40.0 150 
 434 1362622845     770988 0 5 40.0 150 
 434 1362622845     781011 0 5 40.0 150 
 434 1362622845     790995 0 5 40.0 150 
 434 1362622845     801054 0 5 40.0 150 
 435 1362622845     811000 0 5 40.0 150 
 434 1362622845     821062 0 5 40.0 150 
 435 1362622845     831062 0 5 40.0 150 
 434 1362622845     841074 0 5 40.0 150 
 435 1362622845     851078 0 5 40.0 150 
 434 1362622845     861058 0 5 40.0 150 
 435 1362622845     871085 0 5 40.0 150 
 435 1362622845     881067 0 5 40.0 150 
 435 1362622845     891066 0 5 40.0 150 
 434 1362622845     901095 0 5 40.0 150 
 435 1362622845     911105 0 5 40.0 150 
 434 1362622845     921115 0 5 40.0 150 
 434 1362622845     931093 0 5 40.0 150 
 435 1362622845     941130 0 5 40.0 150 
 433 1362622845     951102 0 5 40.0 150 
 434 1362622845     961131 0 5 40.0 150 
 434 1362622845     971117 0 5 40.0 150 
 435 1362622845     981167 0 5 40.0 150 
 434 1362622845     991136 0 5 40.0 150 
 435 1362622846       1126 0 5 40.0 150 
 434 1362622846      11192 0 5 40.0 150 
 435 1362622846      21177 0 5 40.0 150 
 434 1362622846      31194 0 5 40.0 150 
 435 1362622846      41185 0 5 40.0 150 
 434 1362622846      51196 0 5 40.0 150 
 434 1362622846      61194 0 5 40.0 150 
 434 1362622846      71176 0 5 40.0 150 
 435 1362622846      81212 0 5 40.0 150 
 434 1362622846      91195 0 5 40.0 150 
 434 1362622846     101211 0 5 40.0 150 
 435 1362622846     111206 0 5 40.0 150 
 434 1362622846     121258 0 5 40.0 150 
 434 1362622846     131233 0 5 40.0 150 
 434 1362622846     141246 0 5 40.0 150 
 434 1362622846     151226 0 5 40.0 150 
 434 1362622846     161296 0 5 40.0 150 
 435 1362622846     171294 0 5 40.0 150 
 434 1362622846     181301 0 5 40.0 150 
 435 1362622846     191288 0 5 40.0 150 
 434 1362622846     201293 0 5 40.0 150 
 434 1362622846     211266 0 5 40.0 150 
 434 1362622846     221311 0 5 40.0 150 
 435 1362622846     231317 0 5 40.0 150 
 434 1362622846     241345 0 5 40.0 150 
 435 1362622846     251305 0 5 40.0 150 
 434 1362622846     261316 0 5 40.0 150 
 435 1362622846     271313 0 5 40.0 150 
 434 1362622846     281356 0 5 40.0 150 
 434 1362622846     291328 0 5 40.0 150 
 434 1362622846     301351 0 5 40.0 150 
 435 1362622846     311347 0 5 40.0 150 
 435 1362622846     321384 0 5 40.0 150 
 434 1362622846     331354 0 5 40.0 150 
 435 1362622846     341405 0 5 40.0 150 
 434 1362622846     351360 0 5 40.0 150 
 435 1362622846     361408 0 5 40.0 150 
 434 1362622846     371400 0 5 40.0 150 
 435 1362622846     381428 0 5 40.0 150 
 435 1362622846     391404 0 5 40.0 150 
 434 1362622846     401409 0 5 40.0 150 
 435 1362622846     411413 0 5 40.0 150 
 434 1362622846     421430 0 5 40.0 150 
 434 1362622846     431451 0 5 40.0 150 
 434 1362622846     441461 0 5 40.0 150 
 435 1362622846     451473 0 5 40.0 150 
 434 1362622846     461476 0 5 40.0 150 
 435 1362622846     471446 0 5 40.0 150 
 434 1362622846     481468 0 5 40.0 150 
 435 1362622846     491468 0 5 40.0 150 
 433 1362622846     501487 0 5 40.0 150 
 434 1362622846     511464 0 5 40.0 150 
 434 1362622846     521504 0 5 40.0 150 
 435 1362622846     531491 0 5 40.0 150 
 435 1362622846     541510 0 5 40.0 150 
 434 1362622846     551531 0 5 40.0 150 
 434 1362622846     561531 0 5 40.0 150 
 434 1362622846     571523 0 5 40.0 150 
 434 1362622846     581525 0 5 40.0 150 
 434 1362622846     591579 0 5 40.0 150 
 435 1362622846     601537 0 5 40.0 150 
 434 1362622846     611586 0 5 40.0 150 
 435 1362622846     621575 0 5 40.0 150 
 435 1362622846     631587 0 5 40.0 150 
 434 1362622846     641570 0 5 40.0 150 
 434 1362622846     651618 0 5 40.0 150 
 435 1362622846     661573 0 5 40.0 150 
 435 1362622846     671593 0 5 40.0 150 
 434 1362622846     681637 0 5 40.0 150 
 434 1362622846     691610 0 5 40.0 150 
 434 1362622846     701632 0 5 40.0 150 
 434 1362622846     711605 0 5 40.0 150 
 434 1362622846     721614 0 5 40.0 150 
 435 1362622846     731629 0 5 40.0 150 
 435 1362622846     741634 0 5 40.0 150 
 434 1362622846     751653 0 5 40.0 150 
 434 1362622846     761635 0 5 40.0 150 
 434 1362622846     771649 0 5 40.0 150 
 434 1362622846     781693 0 5 40.0 150 
 434 1362622846     791709 0 5 40.0 150 
 435 1362622846     801670 0 5 40.0 150 
 435 1362622846     811676 0 5 40.0 150 
 434 1362622846     821683 0 5 40.0 150 
 435 1362622846     831705 0 5 40.0 150 
 434 1362622846     841708 0 5 40.0 150 
 435 1362622846     851739 0 5 40.0 150 
 434 1362622846     861703 0 5 40.0 150 
 434 1362622846     871723 0 5 40.0 150 
 434 1362622846     881745 0 5 40.0 150 
 435 1362622846     891725 0 5 40.0 150 
 434 1362622846     901741 0 5 40.0 150 
 435 1362622846     911730 0 5 40.0 150 
 435 1362622846     921787 0 5 40.0 150 
 434 1362622846     931804 0 5 40.0 150 
 433 1362622846     941762 0 5 40.0 150 
 433 1362622846     951781 0 5 40.0 150 
 434 1362622846     961784 0 5 40.0 150 
 434 1362622846     971812 0 5 40.0 150 
 435 1362622846     981811 0 5 40.0 150 
 434 1362622846     991808 0 5 40.0 150 
 435 1362622847       1801 0 5 40.0 150 
 434 1362622847      11853 0 5 40.0 150 
 434 1362622847      21809 0 5 40.0 150 
 434 1362622847      31829 0 5 40.0 150 
 434 1362622847      41853 0 5 40.0 150 
 434 1362622847      51840 0 5 40.0 150 
 434 1362622847      61863 0 5 40.0 150 
 435 1362622847      71868 0 5 40.0 150 
 435 1362622847      81866 0 5 40.0 150 
 434 1362622847      91897 0 5 40.0 150 
 434 1362622847     101879 0 5 40.0 150 
 435 1362622847     111889 0 5 40.0 150 
 434 1362622847     121881 0 5 40.0 150 
 434 1362622847     131924 0 5 40.0 150 
 434 1362622847     141900 0 5 40.0 150 
 435 1362622847     151935 0 5 40.0 150 
 434 1362622847     161955 0 5 40.0 150 
 435 1362622847     171947 0 5 40.0 150 
 434 1362622847     181959 0 5 40.0 150 
 435 1362622847     191929 0 5 40.0 150 
 434 1362622847     201929 0 5 40.0 150 
 434 1362622847     211953 0 5 40.0 150 
 435 1362622847     221955 0 5 40.0 150 
 435 1362622847     231965 0 5 40.0 150 
 435 1362622847     241969 0 5 40.0 150 
 434 1362622847     251987 0 5 40.0 150 
 435 1362622847     262000 0 5 40.0 150 
 434 1362622847     272006 0 5 40.0 150 
 434 1362622847     282027 0 5 40.0 150 
 434 1362622847     292009 0 5 40.0 150 
 435 1362622847     302041 0 5 40.0 150 
 434 1362622847     311998 0 5 40.0 150 
 435 1362622847     322011 0 5 40.0 150 
 434 1362622847     332053 0 5 40.0 150 
 434 1362622847     342038 0 5 40.0 150 
 434 1362622847     352052 0 5 40.0 150 
 434 1362622847     362043 0 5 40.0 150 
 434 1362622847     372070 0 5 40.0 150 
 434 1362622847     382100 0 5 40.0 150 
 435 1362622847     392053 0 5 40.0 150 
 435 1362622847     402069 0 5 40.0 150 
 434 1362622847     412109 0 5 40.0 150 
 434 1362622847     422100 0 5 40.0 150 
 435 1362622847     432071 0 5 40.0 150 
 434 1362622847     442081 0 5 40.0 150 
 434 1362622847     452125 0 5 40.0 150 
 434 1362622847     462120 0 5 40.0 150 
 435 1362622847     472147 0 5 40.0 150 
 433 1362622847     482127 0 5 40.0 150 
 434 1362622847     492132 0 5 40.0 150 
 434 1362622847     502171 0 5 40.0 150 
 434 1362622847     512126 0 5 40.0 150 
 434 1362622847     522138 0 5 40.0 150 
 434 1362622847     532157 0 5 40.0 150 
 434 1362622847     542171 0 5 40.0 150 
 434 1362622847     552165 0 5 40.0 150 
 434 1362622847     562212 0 5 40.0 150 
 434 1362622847     572168 0 5 40.0 150 
 434 1362622847     582206 0 5 40.0 150 
 434 1362622847     592215 0 5 40.0 150 
 435 1362622847     602249 0 5 40.0 150 
 434 1362622847     612209 0 5 40.0 150 
 435 1362622847     622225 0 5 40.0 150 
 435 1362622847     632250 0 5 40.0 150 
 435 1362622847     642214 0 5 40.0 150 
 434 1362622847     652223 0 5 40.0 150 
 434 1362622847     662233 0 5 40.0 150 
 434 1362622847     672283 0 5 40.0 150 
 435 1362622847     682247 0 5 40.0 150 
 435 1362622847     692292 0 5 40.0 150 
 434 1362622847     702251 0 5 40.0 150 
 434 1362622847     712296 0 5 40.0 150 
 434 1362622847     722327 0 5 40.0 150 
 435 1362622847     732310 0 5 40.0 150 
 434 1362622847     742309 0 5 40.0 150 
 435 1362622847     752341 0 5 40.0 150 
 434 1362622847     762322 0 5 40.0 150 
 434 1362622847     772312 0 5 40.0 150 
 434 1362622847     782357 0 5 40.0 150 
 435 1362622847     792346 0 5 40.0 150 
 434 1362622847     802337 0 5 40.0 150 
 434 1362622847     812373 0 5 40.0 150 
 434 1362622847     822373 0 5 40.0 150 
 434 1362622847     832392 0 5 40.0 150 
 433 1362622847     842392 0 5 40.0 150 
 434 1362622847     852375 0 5 40.0 150 
 435 1362622847     862364 0 5 40.0 150 
 435 1362622847     872372 0 5 40.0 150 
 435 1362622847     882369 0 5 40.0 150 
 434 1362622847     892392 0 5 40.0 150 
 433 1362622847     902406 0 5 40.0 150 
 434 1362622847     912451 0 5 40.0 150 
 434 1362622847     922397 0 5 40.0 150 
 434 1362622847     932415 0 5 40.0 150 
 435 1362622847     942453 0 5 40.0 150 
 434 1362622847     952421 0 5 40.0 150 
 435 1362622847     962448 0 5 40.0 150 
 434 1362622847     972491 0 5 40.0 150 
 435 1362622847     982457 0 5 40.0 150 
 434 1362622847     992443 0 5 40.0 150 
 435 1362622848       2450 0 5 40.0 150 
 435 1362622848      12489 0 5 40.0 150 
 434 1362622848      22464 0 5 40.0 150 
 434 1362622848      32497 0 5 40.0 150 
 435 1362622848      42483 0 5 40.0 150 
 434 1362622848      52518 0 5 40.0 150 
 433 1362622848      62544 0 5 40.0 150 
 434 1362622848      72495 0 5 40.0 150 
 434 1362622848      82553 0 5 40.0 150 
 434 1362622848      92556 0 5 40.0 150 
 435 1362622848     102555 0 5 40.0 150 
 435 1362622848     112584 0 5 40.0 150 
 433 1362622848     122539 0 5 40.0 150 
 435 1362622848     132555 0 5 40.0 150 
 434 1362622848     142557 0 5 40.0 150 
 435 1362622848     152576 0 5 40.0 150 
 434 1362622848     162582 0 5 40.0 150 
 434 1362622848     172582 0 5 40.0 150 
 434 1362622848     182613 0 5 40.0 150 
 434 1362622848     192617 0 5 40.0 150 
 435 1362622848     202619 0 5 40.0 150 
 434 1362622848     212647 0 5 40.0 150 
 435 1362622848     222630 0 5 40.0 150 
 434 1362622848     232617 0 5 40.0 150 
 434 1362622848     242630 0 5 40.0 150 
 434 1362622848     252647 0 5 40.0 150 
 435 1362622848     262622 0 5 40.0 150 
 434 1362622848     272655 0 5 40.0 150 
 434 1362622848     282681 0 5 40.0 150 
 434 1362622848     292674 0 5 40.0 150 
 434 1362622848     302659 0 5 40.0 150 
 434 1362622848     312716 0 5 40.0 150 
 434 1362622848     322683 0 5 40.0 150 
 434 1362622848     332685 0 5 40.0 150 
 434 1362622848     342672 0 5 40.0 150 
 435 1362622848     352733 0 5 40.0 150 
 435 1362622848     362745 0 5 40.0 150 
 434 1362622848     372706 0 5 40.0 150 
 434 1362622848     382717 0 5 40.0 150 
 434 1362622848     392766 0 5 40.0 150 
 434 1362622848     402738 0 5 40.0 150 
 435 1362622848     412765 0 5 40.0 150 
 434 1362622848     422766 0 5 40.0 150 
 434 1362622848     432771 0 5 40.0 150 
 433 1362622848     442785 0 5 40.0 150 
 435 1362622848     452796 0 5 40.0 150 
 434 1362622848     462780 0 5 40.0 150 
 435 1362622848     472823 0 5 40.0 150 
 434 1362622848     482797 0 5 40.0 150 
 434 1362622848     492799 0 5 40.0 150 
 435 1362622848     502820 0 5 40.0 150 
 434 1362622848     512841 0 5 40.0 150 
 435 1362622848     522844 0 5 40.0 150 
 435 1362622848     532839 0 5 40.0 150 
 434 1362622848     542865 0 5 40.0 150 
 434 1362622848     552864 0 5 40.0 150 
 434 1362622848     562874 0 5 40.0 150 
 435 1362622848     572832 0 5 40.0 150 
 435 1362622848     582872 0 5 40.0 150 
 434 1362622848     592869 0 5 40.0 150 
 435 1362622848     602896 0 5 40.0 150 
 434 1362622848     612898 0 5 40.0 150 
 435 1362622848     622917 0 5 40.0 150 
 434 1362622848     632869 0 5 40.0 150 
 434 1362622848     642892 0 5 40.0 150 
 434 1362622848     652892 0 5 40.0 150 
 435 1362622848     662946 0 5 40.0 150 
 435 1362622848     672950 0 5 40.0 150 
 435 1362622848     682951 0 5 40.0 150 
 435 1362622848     692936 0 5 40.0 150 
 434 1362622848     702940 0 5 40.0 150 
 434 1362622848     712967 0 5 40.0 150 
 435 1362622848     722944 0 5 40.0 150 
 435 1362622848     732989 0 5 40.0 150 
 434 1362622848     742996 0 5 40.0 150 
 435 1362622848     752984 0 5 40.0 150 
 434 1362622848     762958 0 5 40.0 150 
 435 1362622848     772962 0 5 40.0 150 
 434 1362622848     783009 0 5 40.0 150 
 434 1362622848     793016 0 5 40.0 150 
 433 1362622848     803025 0 5 40.0 150 
 434 1362622848     813019 0 5 40.0 150 
 435 1362622848     823013 0 5 40.0 150 
 434 1362622848     833051 0 5 40.0 150 
 434 1362622848     843041 0 5 40.0 150 
 434 1362622848     853028 0 5 40.0 150 
 435 1362622848     863036 0 5 40.0 150 
 434 1362622848     873042 0 5 40.0 150 
 434 1362622848     883046 0 5 40.0 150 
 434 1362622848     893042 0 5 40.0 150 
 434 1362622848     903096 0 5 40.0 150 
 434 1362622848     913094 0 5 40.0 150 
 434 1362622848     923074 0 5 40.0 150 
 434 1362622848     933102 0 5 40.0 150 
 435 1362622848     943106 0 5 40.0 150 
 434 1362622848     953096 0 5 40.0 150 
 435 1362622848     963089 0 5 40.0 150 
 434 1362622848     973108 0 5 40.0 150 
 435 1362622848     983108 0 5 40.0 150 
 434 1362622848     993136 0 5 40.0 150 
 435 1362622849       3121 0 5 40.0 150 
 434 1362622849      13152 0 5 40.0 150 
 434 1362622849      23180 0 5 40.0 150 
 435 1362622849      33166 0 5 40.0 150 
 435 1362622849      43176 0 5 40.0 150 
 434 1362622849      53141 0 5 40.0 150 
 434 1362622849      63198 0 5 40.0 150 
 434 1362622849      73203 0 5 40.0 150 
 434 1362622849      83179 0 5 40.0 150 
 435 1362622849      93172 0 5 40.0 150 
 434 1362622849     103227 0 5 40.0 150 
 435 1362622849     113216 0 5 40.0 150 
 434 1362622849     123247 0 5 40.0 150 
 434 1362622849     133249 0 5 40.0 150 
 434 1362622849     143215 0 5 40.0 150 
 434 1362622849     153248 0 5 40.0 150 
 434 1362622849     163233 0 5 40.0 150 
 434 1362622849     173230 0 5 40.0 150 
 435 1362622849     183289 0 5 40.0 150 
 435 1362622849     193281 0 5 40.0 150 
 434 1362622849     203285 0 5 40.0 150 
 435 1362622849     213252 0 5 40.0 150 
 435 1362622849     223275 0 5 40.0 150 
 434 1362622849     233313 0 5 40.0 150 
 435 1362622849     243284 0 5 40.0 150 
 433 1362622849     253337 0 5 40.0 150 
 435 1362622849     263308 0 5 40.0 150 
 434 1362622849     273332 0 5 40.0 150 
 435 1362622849     283296 0 5 40.0 150 
 434 1362622849     293310 0 5 40.0 150 
 435 1362622849     303337 0 5 40.0 150 
 435 1362622849     313370 0 5 40.0 150 
 434 1362622849     323336 0 5 40.0 150 
 434 1362622849     333385 0 5 40.0 150 
 434 1362622849     343365 0 5 40.0 150 
 435 1362622849     353395 0 5 40.0 150 
 434 1362622849     363364 0 5 40.0 150 
 435 1362622849     373357 0 5 40.0 150 
 434 1362622849     383419 0 5 40.0 150 
 434 1362622849     393410 0 5 40.0 150 
 434 1362622849     403383 0 5 40.0 150 
 435 1362622849     413422 0 5 40.0 150 
 434 1362622849     423397 0 5 40.0 150 
 435 1362622849     433408 0 5 40.0 150 
 434 1362622849     443463 0 5 40.0 150 
 434 1362622849     453451 0 5 40.0 150 
 433 1362622849     463447 0 5 40.0 150 
 435 1362622849     473453 0 5 40.0 150 
 434 1362622849     483455 0 5 40.0 150 
 434 1362622849     493497 0 5 40.0 150 
 434 1362622849     503457 0 5 40.0 150 
 434 1362622849     513487 0 5 40.0 150 
 434 1362622849     523487 0 5 40.0 150 
 434 1362622849     533484 0 5 40.0 150 
 434 1362622849     543523 0 5 40.0 150 
 434 1362622849     553489 0 5 40.0 150 
 434 1362622849     563542 0 5 40.0 150 
 434 1362622849     573485 0 5 40.0 150 
 434 1362622849     583512 0 5 40.0 150 
 434 1362622849     593539 0 5 40.0 150 
 435 1362622849     603508 0 5 40.0 150 
 434 1362622849     613524 0 5 40.0 150 
 434 1362622849     623558 0 5 40.0 150 
 434 1362622849     633527 0 5 40.0 150 
 434 1362622849     643545 0 5 40.0 150 
 435 1362622849     653600 0 5 40.0 150 
 435 1362622849     663563 0 5 40.0 150 
 435 1362622849     673609 0 5 40.0 150 
 434 1362622849     683562 0 5 40.0 150 
 435 1362622849     693607 0 5 40.0 150 
 434 1362622849     703586 0 5 40.0 150 
 434 1362622849     713586 0 5 40.0 150 
 435 1362622849     723631 0 5 40.0 150 
 435 1362622849     733609 0 5 40.0 150 
 434 1362622849     743653 0 5 40.0 150 
 434 1362622849     753624 0 5 40.0 150 
 433 1362622849     763629 0 5 40.0 150 
 436 1362622849     773651 0 5 40.0 150 
 434 1362622849     783635 0 5 40.0 150 
 435 1362622849     793703 0 5 40.0 150 
 434 1362622849     803690 0 5 40.0 150 
 434 1362622849     813707 0 5 40.0 150 
 434 1362622849     823667 0 5 40.0 150 
 434 1362622849     833672 0 5 40.0 150 
 435 1362622849     843667 0 5 40.0 150 
 435 1362622849     853701 0 5 40.0 150 
 435 1362622849     863725 0 5 40.0 150 
 434 1362622849     873737 0 5 40.0 150 
 434 1362622849     883696 0 5 40.0 150 
 434 1362622849     893725 0 5 40.0 150 
 435 1362622849     903712 0 5 40.0 150 
 434 1362622849     913773 0 5 40.0 150 
 434 1362622849     923774 0 5 40.0 150 
 434 1362622849     933725 0 5 40.0 150 
 435 1362622849     943745 0 5 40.0 150 
 434 1362622849     953788 0 5 40.0 150 
 434 1362622849     963792 0 5 40.0 150 
 434 1362622849     973785 0 5 40.0 150 
 434 1362622849     983762 0 5 40.0 150 
 434 1362622849     993794 0 5 40.0 150 
 434 1362622850       3808 0 5 40.0 150 
 434 1362622850      13797 0 5 40.0 150 
 435 1362622850      23810 0 5 40.0 150 
 435 1362622850      33801 0 5 40.0 150 
 434 1362622850      43837 0 5 40.0 150 
 434 1362622850      53833 0 5 40.0 150 
 434 1362622850      63826 0 5 40.0 150 
 434 1362622850      73858 0 5 40.0 150 
 434 1362622850      83859 0 5 40.0 150 
 435 1362622850      93851 0 5 40.0 150 
 434 1362622850     103854 0 5 40.0 150 
 434 1362622850     113878 0 5 40.0 150 
 434 1362622850     123910 0 5 40.0 150 
 435 1362622850     133900 0 5 40.0 150 
 434 1362622850     143865 0 5 40.0 150 
 434 1362622850     153890 0 5 40.0 150 
 434 1362622850     163920 0 5 40.0 150 
 434 1362622850     173932 0 5 40.0 150 
 434 1362622850     183894 0 5 40.0 150 
 434 1362622850     193904 0 5 40.0 150 
 435 1362622850     203959 0 5 40.0 150 
 434 1362622850     213949 0 5 40.0 150 
 435 1362622850     223962 0 5 40.0 150 
 434 1362622850     233925 0 5 40.0 150 
 434 1362622850     243960 0 5 40.0 150 
 435 1362622850     253939 0 5 40.0 150 
 435 1362622850     263943 0 5 40.0 150 
 434 1362622850     274003 0 5 40.0 150 
 435 1362622850     283981 0 5 40.0 150 
 434 1362622850     294016 0 5 40.0 150 
 434 1362622850     303984 0 5 40.0 150 
 434 1362622850     313991 0 5 40.0 150 
 434 1362622850     323999 0 5 40.0 150 
 434 1362622850     334003 0 5 40.0 150 
 434 1362622850     344057 0 5 40.0 150 
 435 1362622850     354056 0 5 40.0 150 
 435 1362622850     364023 0 5 40.0 150 
 434 1362622850     374020 0 5 40.0 150 
 434 1362622850     384032 0 5 40.0 150 
 434 1362622850     394035 0 5 40.0 150 
 434 1362622850     404078 0 5 40.0 150 
 434 1362622850     414062 0 5 40.0 150 
 435 1362622850     424095 0 5 40.0 150 
 435 1362622850     434076 0 5 40.0 150 
 434 1362622850     444102 0 5 40.0 150 
 435 1362622850     454070 0 5 40.0 150 
 434 1362622850     464104 0 5 40.0 150 
 434 1362622850     474130 0 5 40.0 150 
 434 1362622850     484124 0 5 40.0 150 
 435 1362622850     494098 0 5 40.0 150 
 435 1362622850     504121 0 5 40.0 150 
 434 1362622850     514163 0 5 40.0 150 
 434 1362622850     524119 0 5 40.0 150 
 434 1362622850     534181 0 5 40.0 150 
 435 1362622850     544166 0 5 40.0 150 
 435 1362622850     554145 0 5 40.0 150 
 434 1362622850     564182 0 5 40.0 150 
 434 1362622850     574205 0 5 40.0 150 
 434 1362622850     584161 0 5 40.0 150 
 434 1362622850     594219 0 5 40.0 150 
 435 1362622850     604217 0 5 40.0 150 
 434 1362622850     614183 0 5 40.0 150 
 434 1362622850     624226 0 5 40.0 150 
 434 1362622850     634242 0 5 40.0 150 
 435 1362622850     644218 0 5 40.0 150 
 434 1362622850     654237 0 5 40.0 150 
 435 1362622850     664238 0 5 40.0 150 
 434 1362622850     674246 0 5 40.0 150 
 434 1362622850     684274 0 5 40.0 150 
 434 1362622850     694286 0 5 40.0 150 
 434 1362622850     704290 0 5 40.0 150 
 435 1362622850     714287 0 5 40.0 150 
 434 1362622850     724260 0 5 40.0 150 
 435 1362622850     734269 0 5 40.0 150 
 434 1362622850     744296 0 5 40.0 150 
 434 1362622850     754326 0 5 40.0 150 
 434 1362622850     764315 0 5 40.0 150 
 435 1362622850     774325 0 5 40.0 150 
 434 1362622850     784297 0 5 40.0 150 
 434 1362622850     794357 0 5 40.0 150 
 434 1362622850     804299 0 5 40.0 150 
 434 1362622850     814339 0 5 40.0 150 
 434 1362622850     824327 0 5 40.0 150 
 435 1362622850     834362 0 5 40.0 150 
 434 1362622850     844366 0 5 40.0 150 
 434 1362622850     854359 0 5 40.0 150 
 434 1362622850     864360 0 5 40.0 150 
 434 1362622850     874405 0 5 40.0 150 
 434 1362622850     884385 0 5 40.0 150 
 434 1362622850     894386 0 5 40.0 150 
 434 1362622850     904394 0 5 40.0 150 
 434 1362622850     914394 0 5 40.0 150 
 434 1362622850     924401 0 5 40.0 150 
 435 1362622850     934445 0 5 40.0 150 
 434 1362622850     944397 0 5 40.0 150 
 433 1362622850     954442 0 5 40.0 150 
 435 1362622850     964423 0 5 40.0 150 
 434 1362622850     974457 0 5 40.0 150 
 435 1362622850     984448 0 5 40.0 150 
 434 1362622850     994484 0 5 40.0 150 
 434 1362622851       4489 0 5 40.0 150 
 434 1362622851      14457 0 5 40.0 150 
 434 1362622851      24478 0 5 40.0 150 
 434 1362622851      34453 0 5 40.0 150 
 434 1362622851      44513 0 5 40.0 150 
 435 1362622851      54504 0 5 40.0 150 
 434 1362622851      64521 0 5 40.0 150 
 434 1362622851      74525 0 5 40.0 150 
 434 1362622851      84539 0 5 40.0 150 
 434 1362622851      94533 0 5 40.0 150 
 434 1362622851     104518 0 5 40.0 150 
 435 1362622851     114528 0 5 40.0 150 
 435 1362622851     124511 0 5 40.0 150 
 435 1362622851     134535 0 5 40.0 150 
 434 1362622851     144555 0 5 40.0 150 
 434 1362622851     154536 0 5 40.0 150 
 434 1362622851     164539 0 5 40.0 150 
 435 1362622851     174570 0 5 40.0 150 
 435 1362622851     184568 0 5 40.0 150 
 435 1362622851     194568 0 5 40.0 150 
 434 1362622851     204594 0 5 40.0 150 
 433 1362622851     214634 0 5 40.0 150 
 435 1362622851     224631 0 5 40.0 150 
 434 1362622851     234628 0 5 40.0 150 
 434 1362622851     244635 0 5 40.0 150 
 435 1362622851     254604 0 5 40.0 150 
 434 1362622851     264655 0 5 40.0 150 
 434 1362622851     274616 0 5 40.0 150 
 434 1362622851     284649 0 5 40.0 150 
 434 1362622851     294687 0 5 40.0 150 
 434 1362622851     304653 0 5 40.0 150 
 434 1362622851     314650 0 5 40.0 150 
 435 1362622851     324673 0 5 40.0 150 
 434 1362622851     334704 0 5 40.0 150 
 434 1362622851     344672 0 5 40.0 150 
 434 1362622851     354713 0 5 40.0 150 
 435 1362622851     364700 0 5 40.0 150 
 434 1362622851     374699 0 5 40.0 150 
 435 1362622851     384736 0 5 40.0 150 
 435 1362622851     394716 0 5 40.0 150 
 435 1362622851     404745 0 5 40.0 150 
 434 1362622851     414737 0 5 40.0 150 
 434 1362622851     424748 0 5 40.0 150 
 434 1362622851     434724 0 5 40.0 150 
 434 1362622851     444781 0 5 40.0 150 
 435 1362622851     454757 0 5 40.0 150 
 434 1362622851     464756 0 5 40.0 150 
 435 1362622851     474752 0 5 40.0 150 
 434 1362622851     484754 0 5 40.0 150 
 435 1362622851     494760 0 5 40.0 150 
 434 1362622851     504769 0 5 40.0 150 
 434 1362622851     514829 0 5 40.0 150 
 435 1362622851     524821 0 5 40.0 150 
 435 1362622851     534824 0 5 40.0 150 
 434 1362622851     544850 0 5 40.0 150 
 434 1362622851     554805 0 5 40.0 150 
 434 1362622851     564849 0 5 40.0 150 
 435 1362622851     574853 0 5 40.0 150 
 434 1362622851     584869 0 5 40.0 150 
 433 1362622851     594859 0 5 40.0 150 
 434 1362622851     604866 0 5 40.0 150 
 435 1362622851     614875 0 5 40.0 150 
 435 1362622851     624883 0 5 40.0 150 
 435 1362622851     634900 0 5 40.0 150 
 434 1362622851     644878 0 5 40.0 150 
 434 1362622851     654864 0 5 40.0 150 
 435 1362622851     664903 0 5 40.0 150 
 434 1362622851     674892 0 5 40.0 150 
 434 1362622851     684894 0 5 40.0 150 
 435 1362622851     694918 0 5 40.0 150 
 434 1362622851     704923 0 5 40.0 150 
 435 1362622851     714912 0 5 40.0 150 
 434 1362622851     724950 0 5 40.0 150 
 435 1362622851     734931 0 5 40.0 150 
 434 1362622851     744939 0 5 40.0 150 
 434 1362622851     754927 0 5 40.0 150 
 434 1362622851     764991 0 5 40.0 150 
 435 1362622851     774957 0 5 40.0 150 
 434 1362622851     784982 0 5 40.0 150 
 435 1362622851     794975 0 5 40.0 150 
 434 1362622851     805006 0 5 40.0 150 
 435 1362622851     815013 0 5 40.0 150 
 434 1362622851     825014 0 5 40.0 150 
 434 1362622851     834991 0 5 40.0 150 
 434 1362622851     844997 0 5 40.0 150 
