 594 1362630596     496961 3 9 40.0 150.0 
 594 1362630596     506924 3 9 40.0 150.0 
 594 1362630596     516880 3 9 40.0 150.0 
 594 1362630596     526937 3 9 40.0 150.0 
 594 1362630596     537014 3 9 40.0 150.0 
 594 1362630596     546937 3 9 40.0 150.0 
 595 1362630596     557037 3 9 40.0 150.0 
 594 1362630596     567015 3 9 40.0 150.0 
 593 1362630596     577022 3 9 40.0 150.0 
 593 1362630596     587021 3 9 40.0 150.0 
 593 1362630596     596988 3 9 40.0 150.0 
 595 1362630596     606985 3 9 40.0 150.0 
 594 1362630596     617082 3 9 40.0 150.0 
 594 1362630596     627021 3 9 40.0 150.0 
 594 1362630596     636953 3 9 40.0 150.0 
 594 1362630596     646992 3 9 40.0 150.0 
 594 1362630596     656999 3 9 40.0 150.0 
 593 1362630596     666989 3 9 40.0 150.0 
 594 1362630596     676993 3 9 40.0 150.0 
 594 1362630596     686984 3 9 40.0 150.0 
 594 1362630596     697002 3 9 40.0 150.0 
 595 1362630596     707036 3 9 40.0 150.0 
 594 1362630596     717003 3 9 40.0 150.0 
 594 1362630596     727007 3 9 40.0 150.0 
 594 1362630596     737007 3 9 40.0 150.0 
 594 1362630596     747021 3 9 40.0 150.0 
 594 1362630596     757015 3 9 40.0 150.0 
 594 1362630596     767092 3 9 40.0 150.0 
 593 1362630596     777038 3 9 40.0 150.0 
 593 1362630596     787042 3 9 40.0 150.0 
 593 1362630596     797068 3 9 40.0 150.0 
 594 1362630596     807068 3 9 40.0 150.0 
 594 1362630596     817084 3 9 40.0 150.0 
 593 1362630596     827080 3 9 40.0 150.0 
 593 1362630596     837075 3 9 40.0 150.0 
 595 1362630596     847092 3 9 40.0 150.0 
 594 1362630596     857110 3 9 40.0 150.0 
 594 1362630596     867126 3 9 40.0 150.0 
 593 1362630596     877125 3 9 40.0 150.0 
 594 1362630596     887128 3 9 40.0 150.0 
 594 1362630596     897142 3 9 40.0 150.0 
 594 1362630596     907154 3 9 40.0 150.0 
 593 1362630596     917174 3 9 40.0 150.0 
 593 1362630596     927190 3 9 40.0 150.0 
 594 1362630596     937193 3 9 40.0 150.0 
 595 1362630596     947191 3 9 40.0 150.0 
 593 1362630596     957193 3 9 40.0 150.0 
 594 1362630596     967195 3 9 40.0 150.0 
 594 1362630596     977209 3 9 40.0 150.0 
 594 1362630596     987202 3 9 40.0 150.0 
 594 1362630596     997213 3 9 40.0 150.0 
 594 1362630597       7216 3 9 40.0 150.0 
 594 1362630597      17225 3 9 40.0 150.0 
 594 1362630597      27259 3 9 40.0 150.0 
 594 1362630597      37259 3 9 40.0 150.0 
 595 1362630597      47212 3 9 40.0 150.0 
 594 1362630597      57241 3 9 40.0 150.0 
 593 1362630597      67272 3 9 40.0 150.0 
 593 1362630597      77240 3 9 40.0 150.0 
 593 1362630597      87251 3 9 40.0 150.0 
 594 1362630597      97301 3 9 40.0 150.0 
 594 1362630597     107273 3 9 40.0 150.0 
 593 1362630597     117252 3 9 40.0 150.0 
 594 1362630597     127296 3 9 40.0 150.0 
 595 1362630597     137284 3 9 40.0 150.0 
 595 1362630597     147278 3 9 40.0 150.0 
 594 1362630597     157330 3 9 40.0 150.0 
 593 1362630597     167352 3 9 40.0 150.0 
 594 1362630597     177332 3 9 40.0 150.0 
 594 1362630597     187320 3 9 40.0 150.0 
 594 1362630597     197372 3 9 40.0 150.0 
 594 1362630597     207321 3 9 40.0 150.0 
 593 1362630597     217342 3 9 40.0 150.0 
 594 1362630597     227342 3 9 40.0 150.0 
 594 1362630597     237347 3 9 40.0 150.0 
 593 1362630597     247357 3 9 40.0 150.0 
 594 1362630597     257357 3 9 40.0 150.0 
 593 1362630597     267381 3 9 40.0 150.0 
 593 1362630597     277386 3 9 40.0 150.0 
 594 1362630597     287369 3 9 40.0 150.0 
 594 1362630597     297440 3 9 40.0 150.0 
 594 1362630597     307382 3 9 40.0 150.0 
 593 1362630597     317399 3 9 40.0 150.0 
 593 1362630597     327409 3 9 40.0 150.0 
 594 1362630597     337403 3 9 40.0 150.0 
 594 1362630597     347404 3 9 40.0 150.0 
 595 1362630597     357414 3 9 40.0 150.0 
 594 1362630597     367440 3 9 40.0 150.0 
 593 1362630597     377442 3 9 40.0 150.0 
 594 1362630597     387481 3 9 40.0 150.0 
 594 1362630597     397478 3 9 40.0 150.0 
 594 1362630597     407493 3 9 40.0 150.0 
 593 1362630597     417496 3 9 40.0 150.0 
 593 1362630597     427502 3 9 40.0 150.0 
 594 1362630597     437481 3 9 40.0 150.0 
 593 1362630597     447486 3 9 40.0 150.0 
 594 1362630597     457521 3 9 40.0 150.0 
 594 1362630597     467530 3 9 40.0 150.0 
 594 1362630597     477537 3 9 40.0 150.0 
 595 1362630597     487536 3 9 40.0 150.0 
