 591 1362624644     379556 1 3 40.0 150.0 
 591 1362624644     389529 1 3 40.0 150.0 
 591 1362624644     399497 1 3 40.0 150.0 
 592 1362624644     409517 1 3 40.0 150.0 
 592 1362624644     419565 1 3 40.0 150.0 
 591 1362624644     429521 1 3 40.0 150.0 
 591 1362624644     439562 1 3 40.0 150.0 
 592 1362624644     449575 1 3 40.0 150.0 
 592 1362624644     459538 1 3 40.0 150.0 
 591 1362624644     469561 1 3 40.0 150.0 
 591 1362624644     479585 1 3 40.0 150.0 
 592 1362624644     489606 1 3 40.0 150.0 
 591 1362624644     499621 1 3 40.0 150.0 
 592 1362624644     509578 1 3 40.0 150.0 
 592 1362624644     519622 1 3 40.0 150.0 
 592 1362624644     529639 1 3 40.0 150.0 
 592 1362624644     539595 1 3 40.0 150.0 
 591 1362624644     549629 1 3 40.0 150.0 
 592 1362624644     559652 1 3 40.0 150.0 
 592 1362624644     569677 1 3 40.0 150.0 
 592 1362624644     579631 1 3 40.0 150.0 
 591 1362624644     589648 1 3 40.0 150.0 
 591 1362624644     599682 1 3 40.0 150.0 
 592 1362624644     609637 1 3 40.0 150.0 
 592 1362624644     619654 1 3 40.0 150.0 
 592 1362624644     629689 1 3 40.0 150.0 
 592 1362624644     639718 1 3 40.0 150.0 
 592 1362624644     649720 1 3 40.0 150.0 
 592 1362624644     659668 1 3 40.0 150.0 
 591 1362624644     669700 1 3 40.0 150.0 
 591 1362624644     679732 1 3 40.0 150.0 
 592 1362624644     689753 1 3 40.0 150.0 
 591 1362624644     699697 1 3 40.0 150.0 
 592 1362624644     709727 1 3 40.0 150.0 
 591 1362624644     719739 1 3 40.0 150.0 
 592 1362624644     729763 1 3 40.0 150.0 
 591 1362624644     739778 1 3 40.0 150.0 
 591 1362624644     749733 1 3 40.0 150.0 
 592 1362624644     759760 1 3 40.0 150.0 
 591 1362624644     769792 1 3 40.0 150.0 
 592 1362624644     779815 1 3 40.0 150.0 
 591 1362624644     789823 1 3 40.0 150.0 
 592 1362624644     799788 1 3 40.0 150.0 
 592 1362624644     809806 1 3 40.0 150.0 
 591 1362624644     819836 1 3 40.0 150.0 
 592 1362624644     829792 1 3 40.0 150.0 
 591 1362624644     839829 1 3 40.0 150.0 
 591 1362624644     849860 1 3 40.0 150.0 
 591 1362624644     859803 1 3 40.0 150.0 
 591 1362624644     869819 1 3 40.0 150.0 
 592 1362624644     879844 1 3 40.0 150.0 
 591 1362624644     889857 1 3 40.0 150.0 
 591 1362624644     899880 1 3 40.0 150.0 
 591 1362624644     909892 1 3 40.0 150.0 
 591 1362624644     919891 1 3 40.0 150.0 
 592 1362624644     929849 1 3 40.0 150.0 
 591 1362624644     939880 1 3 40.0 150.0 
 592 1362624644     949890 1 3 40.0 150.0 
 592 1362624644     959931 1 3 40.0 150.0 
 592 1362624644     969895 1 3 40.0 150.0 
 591 1362624644     979925 1 3 40.0 150.0 
 591 1362624644     989954 1 3 40.0 150.0 
 592 1362624644     999922 1 3 40.0 150.0 
 592 1362624645       9962 1 3 40.0 150.0 
 591 1362624645      19933 1 3 40.0 150.0 
 592 1362624645      29980 1 3 40.0 150.0 
 592 1362624645      39942 1 3 40.0 150.0 
 591 1362624645      49928 1 3 40.0 150.0 
 592 1362624645      59971 1 3 40.0 150.0 
 592 1362624645      70006 1 3 40.0 150.0 
 591 1362624645      79986 1 3 40.0 150.0 
 592 1362624645      90016 1 3 40.0 150.0 
 592 1362624645     100004 1 3 40.0 150.0 
 592 1362624645     110015 1 3 40.0 150.0 
 592 1362624645     120034 1 3 40.0 150.0 
 591 1362624645     130033 1 3 40.0 150.0 
 592 1362624645     140032 1 3 40.0 150.0 
 591 1362624645     150040 1 3 40.0 150.0 
 592 1362624645     160040 1 3 40.0 150.0 
 591 1362624645     170060 1 3 40.0 150.0 
 592 1362624645     180047 1 3 40.0 150.0 
 592 1362624645     190053 1 3 40.0 150.0 
 592 1362624645     200065 1 3 40.0 150.0 
 592 1362624645     210066 1 3 40.0 150.0 
 591 1362624645     220096 1 3 40.0 150.0 
 591 1362624645     230057 1 3 40.0 150.0 
 592 1362624645     240081 1 3 40.0 150.0 
 591 1362624645     250058 1 3 40.0 150.0 
 592 1362624645     260084 1 3 40.0 150.0 
 591 1362624645     270106 1 3 40.0 150.0 
 592 1362624645     280123 1 3 40.0 150.0 
 592 1362624645     290152 1 3 40.0 150.0 
 591 1362624645     300090 1 3 40.0 150.0 
 592 1362624645     310145 1 3 40.0 150.0 
 591 1362624645     320168 1 3 40.0 150.0 
 591 1362624645     330118 1 3 40.0 150.0 
 591 1362624645     340158 1 3 40.0 150.0 
 591 1362624645     350187 1 3 40.0 150.0 
 592 1362624645     360182 1 3 40.0 150.0 
 591 1362624645     370202 1 3 40.0 150.0 
