 647 1362629363     811312 2 5 40.0 150.0 
 648 1362629363     821333 2 5 40.0 150.0 
 648 1362629363     831287 2 5 40.0 150.0 
 647 1362629363     841315 2 5 40.0 150.0 
 648 1362629363     851284 2 5 40.0 150.0 
 647 1362629363     861313 2 5 40.0 150.0 
 648 1362629363     871358 2 5 40.0 150.0 
 648 1362629363     881302 2 5 40.0 150.0 
 648 1362629363     891328 2 5 40.0 150.0 
 647 1362629363     901375 2 5 40.0 150.0 
 648 1362629363     911329 2 5 40.0 150.0 
 648 1362629363     921368 2 5 40.0 150.0 
 648 1362629363     931386 2 5 40.0 150.0 
 649 1362629363     941404 2 5 40.0 150.0 
 648 1362629363     951353 2 5 40.0 150.0 
 647 1362629363     961381 2 5 40.0 150.0 
 648 1362629363     971415 2 5 40.0 150.0 
 647 1362629363     981436 2 5 40.0 150.0 
 647 1362629363     991430 2 5 40.0 150.0 
 648 1362629364       1382 2 5 40.0 150.0 
 648 1362629364      11398 2 5 40.0 150.0 
 647 1362629364      21408 2 5 40.0 150.0 
 648 1362629364      31444 2 5 40.0 150.0 
 648 1362629364      41433 2 5 40.0 150.0 
 648 1362629364      51464 2 5 40.0 150.0 
 647 1362629364      61420 2 5 40.0 150.0 
 648 1362629364      71442 2 5 40.0 150.0 
 647 1362629364      81471 2 5 40.0 150.0 
 647 1362629364      91490 2 5 40.0 150.0 
 648 1362629364     101451 2 5 40.0 150.0 
 647 1362629364     111465 2 5 40.0 150.0 
 647 1362629364     121507 2 5 40.0 150.0 
 647 1362629364     131530 2 5 40.0 150.0 
 647 1362629364     141533 2 5 40.0 150.0 
 648 1362629364     151516 2 5 40.0 150.0 
 649 1362629364     161530 2 5 40.0 150.0 
 647 1362629364     171555 2 5 40.0 150.0 
 648 1362629364     181515 2 5 40.0 150.0 
 648 1362629364     191522 2 5 40.0 150.0 
 648 1362629364     201554 2 5 40.0 150.0 
 647 1362629364     211571 2 5 40.0 150.0 
 648 1362629364     221578 2 5 40.0 150.0 
 648 1362629364     231588 2 5 40.0 150.0 
 647 1362629364     241592 2 5 40.0 150.0 
 647 1362629364     251569 2 5 40.0 150.0 
 648 1362629364     261607 2 5 40.0 150.0 
 649 1362629364     271573 2 5 40.0 150.0 
 648 1362629364     281605 2 5 40.0 150.0 
 648 1362629364     291584 2 5 40.0 150.0 
 648 1362629364     301598 2 5 40.0 150.0 
 647 1362629364     311624 2 5 40.0 150.0 
 648 1362629364     321649 2 5 40.0 150.0 
 648 1362629364     331668 2 5 40.0 150.0 
 648 1362629364     341650 2 5 40.0 150.0 
 648 1362629364     351669 2 5 40.0 150.0 
 648 1362629364     361681 2 5 40.0 150.0 
 647 1362629364     371639 2 5 40.0 150.0 
 648 1362629364     381662 2 5 40.0 150.0 
 649 1362629364     391639 2 5 40.0 150.0 
 647 1362629364     401664 2 5 40.0 150.0 
 648 1362629364     411683 2 5 40.0 150.0 
 648 1362629364     421707 2 5 40.0 150.0 
 648 1362629364     431735 2 5 40.0 150.0 
 648 1362629364     441704 2 5 40.0 150.0 
 648 1362629364     451725 2 5 40.0 150.0 
 648 1362629364     461689 2 5 40.0 150.0 
 648 1362629364     471729 2 5 40.0 150.0 
 647 1362629364     481743 2 5 40.0 150.0 
 648 1362629364     491741 2 5 40.0 150.0 
 647 1362629364     501713 2 5 40.0 150.0 
 648 1362629364     511740 2 5 40.0 150.0 
 649 1362629364     521762 2 5 40.0 150.0 
 647 1362629364     531800 2 5 40.0 150.0 
 647 1362629364     541804 2 5 40.0 150.0 
 648 1362629364     551758 2 5 40.0 150.0 
 648 1362629364     561783 2 5 40.0 150.0 
 647 1362629364     571802 2 5 40.0 150.0 
 648 1362629364     581808 2 5 40.0 150.0 
 647 1362629364     591792 2 5 40.0 150.0 
 647 1362629364     601823 2 5 40.0 150.0 
 648 1362629364     611793 2 5 40.0 150.0 
 649 1362629364     621820 2 5 40.0 150.0 
 648 1362629364     631853 2 5 40.0 150.0 
 648 1362629364     641861 2 5 40.0 150.0 
 648 1362629364     651873 2 5 40.0 150.0 
 648 1362629364     661826 2 5 40.0 150.0 
 648 1362629364     671840 2 5 40.0 150.0 
 649 1362629364     681871 2 5 40.0 150.0 
 648 1362629364     691871 2 5 40.0 150.0 
 648 1362629364     701899 2 5 40.0 150.0 
 648 1362629364     711864 2 5 40.0 150.0 
 648 1362629364     721877 2 5 40.0 150.0 
 648 1362629364     731907 2 5 40.0 150.0 
 647 1362629364     741896 2 5 40.0 150.0 
 648 1362629364     751940 2 5 40.0 150.0 
 648 1362629364     761895 2 5 40.0 150.0 
 648 1362629364     771940 2 5 40.0 150.0 
 648 1362629364     781898 2 5 40.0 150.0 
 648 1362629364     791955 2 5 40.0 150.0 
 648 1362629364     801977 2 5 40.0 150.0 
