 583 1362624810     819545 1 5 40.0 150.0 
 583 1362624810     829564 1 5 40.0 150.0 
 583 1362624810     839563 1 5 40.0 150.0 
 583 1362624810     849518 1 5 40.0 150.0 
 583 1362624810     859521 1 5 40.0 150.0 
 582 1362624810     869531 1 5 40.0 150.0 
 583 1362624810     879557 1 5 40.0 150.0 
 584 1362624810     889544 1 5 40.0 150.0 
 582 1362624810     899560 1 5 40.0 150.0 
 583 1362624810     909568 1 5 40.0 150.0 
 583 1362624810     919567 1 5 40.0 150.0 
 583 1362624810     929578 1 5 40.0 150.0 
 584 1362624810     939589 1 5 40.0 150.0 
 583 1362624810     949605 1 5 40.0 150.0 
 583 1362624810     959615 1 5 40.0 150.0 
 584 1362624810     969611 1 5 40.0 150.0 
 583 1362624810     979624 1 5 40.0 150.0 
 583 1362624810     989627 1 5 40.0 150.0 
 583 1362624810     999662 1 5 40.0 150.0 
 583 1362624811       9635 1 5 40.0 150.0 
 583 1362624811      19662 1 5 40.0 150.0 
 583 1362624811      29697 1 5 40.0 150.0 
 584 1362624811      39704 1 5 40.0 150.0 
 583 1362624811      49671 1 5 40.0 150.0 
 583 1362624811      59685 1 5 40.0 150.0 
 583 1362624811      69722 1 5 40.0 150.0 
 582 1362624811      79685 1 5 40.0 150.0 
 584 1362624811      89721 1 5 40.0 150.0 
 583 1362624811      99695 1 5 40.0 150.0 
 583 1362624811     109739 1 5 40.0 150.0 
 583 1362624811     119715 1 5 40.0 150.0 
 584 1362624811     129758 1 5 40.0 150.0 
 583 1362624811     139746 1 5 40.0 150.0 
 583 1362624811     149716 1 5 40.0 150.0 
 583 1362624811     159757 1 5 40.0 150.0 
 583 1362624811     169728 1 5 40.0 150.0 
 583 1362624811     179783 1 5 40.0 150.0 
 583 1362624811     189746 1 5 40.0 150.0 
 583 1362624811     199741 1 5 40.0 150.0 
 584 1362624811     209812 1 5 40.0 150.0 
 582 1362624811     219823 1 5 40.0 150.0 
 583 1362624811     229825 1 5 40.0 150.0 
 583 1362624811     239787 1 5 40.0 150.0 
 583 1362624811     249815 1 5 40.0 150.0 
 583 1362624811     259818 1 5 40.0 150.0 
 583 1362624811     269810 1 5 40.0 150.0 
 583 1362624811     279833 1 5 40.0 150.0 
 583 1362624811     289805 1 5 40.0 150.0 
 584 1362624811     299815 1 5 40.0 150.0 
 583 1362624811     309882 1 5 40.0 150.0 
 583 1362624811     319819 1 5 40.0 150.0 
 583 1362624811     329837 1 5 40.0 150.0 
 584 1362624811     339836 1 5 40.0 150.0 
 583 1362624811     349842 1 5 40.0 150.0 
 583 1362624811     359911 1 5 40.0 150.0 
 583 1362624811     369911 1 5 40.0 150.0 
 583 1362624811     379919 1 5 40.0 150.0 
 584 1362624811     389911 1 5 40.0 150.0 
 583 1362624811     399918 1 5 40.0 150.0 
 583 1362624811     409950 1 5 40.0 150.0 
 583 1362624811     419891 1 5 40.0 150.0 
 582 1362624811     429918 1 5 40.0 150.0 
 583 1362624811     439914 1 5 40.0 150.0 
 583 1362624811     449909 1 5 40.0 150.0 
 583 1362624811     459977 1 5 40.0 150.0 
 583 1362624811     469926 1 5 40.0 150.0 
 582 1362624811     479929 1 5 40.0 150.0 
 583 1362624811     489940 1 5 40.0 150.0 
 583 1362624811     499965 1 5 40.0 150.0 
 583 1362624811     509975 1 5 40.0 150.0 
 582 1362624811     519990 1 5 40.0 150.0 
 582 1362624811     530019 1 5 40.0 150.0 
 582 1362624811     540031 1 5 40.0 150.0 
 583 1362624811     550041 1 5 40.0 150.0 
 583 1362624811     559983 1 5 40.0 150.0 
 583 1362624811     570000 1 5 40.0 150.0 
 583 1362624811     580027 1 5 40.0 150.0 
 584 1362624811     590028 1 5 40.0 150.0 
 582 1362624811     600057 1 5 40.0 150.0 
 583 1362624811     610051 1 5 40.0 150.0 
 583 1362624811     620049 1 5 40.0 150.0 
 583 1362624811     630063 1 5 40.0 150.0 
 583 1362624811     640041 1 5 40.0 150.0 
 584 1362624811     650051 1 5 40.0 150.0 
 583 1362624811     660115 1 5 40.0 150.0 
 583 1362624811     670062 1 5 40.0 150.0 
 583 1362624811     680081 1 5 40.0 150.0 
 583 1362624811     690097 1 5 40.0 150.0 
 583 1362624811     700140 1 5 40.0 150.0 
 583 1362624811     710136 1 5 40.0 150.0 
 583 1362624811     720131 1 5 40.0 150.0 
 583 1362624811     730119 1 5 40.0 150.0 
 583 1362624811     740140 1 5 40.0 150.0 
 583 1362624811     750158 1 5 40.0 150.0 
 583 1362624811     760150 1 5 40.0 150.0 
 584 1362624811     770155 1 5 40.0 150.0 
 583 1362624811     780190 1 5 40.0 150.0 
 584 1362624811     790202 1 5 40.0 150.0 
 584 1362624811     800161 1 5 40.0 150.0 
 583 1362624811     810152 1 5 40.0 150.0 
