 152 1362623680     272354 0 9 40.0 50.0 
 153 1362623680     282394 0 9 40.0 50.0 
 151 1362623680     292511 0 9 40.0 50.0 
 153 1362623680     302395 0 9 40.0 50.0 
 152 1362623680     312485 0 9 40.0 50.0 
 152 1362623680     322417 0 9 40.0 50.0 
 151 1362623680     332426 0 9 40.0 50.0 
 151 1362623680     342546 0 9 40.0 50.0 
 151 1362623680     352476 0 9 40.0 50.0 
 151 1362623680     362449 0 9 40.0 50.0 
 152 1362623680     372441 0 9 40.0 50.0 
 152 1362623680     382430 0 9 40.0 50.0 
 152 1362623680     392490 0 9 40.0 50.0 
 151 1362623680     402481 0 9 40.0 50.0 
 152 1362623680     412572 0 9 40.0 50.0 
 151 1362623680     422416 0 9 40.0 50.0 
 153 1362623680     432471 0 9 40.0 50.0 
 151 1362623680     442499 0 9 40.0 50.0 
 152 1362623680     452461 0 9 40.0 50.0 
 151 1362623680     462555 0 9 40.0 50.0 
 151 1362623680     472524 0 9 40.0 50.0 
 151 1362623680     482669 0 9 40.0 50.0 
 152 1362623680     492567 0 9 40.0 50.0 
 151 1362623680     502465 0 9 40.0 50.0 
 152 1362623680     512503 0 9 40.0 50.0 
 151 1362623680     522519 0 9 40.0 50.0 
 152 1362623680     532533 0 9 40.0 50.0 
 151 1362623680     542538 0 9 40.0 50.0 
 151 1362623680     552541 0 9 40.0 50.0 
 152 1362623680     562515 0 9 40.0 50.0 
 151 1362623680     572540 0 9 40.0 50.0 
 153 1362623680     582566 0 9 40.0 50.0 
 151 1362623680     592566 0 9 40.0 50.0 
 152 1362623680     602564 0 9 40.0 50.0 
 151 1362623680     612587 0 9 40.0 50.0 
 152 1362623680     622594 0 9 40.0 50.0 
 152 1362623680     632553 0 9 40.0 50.0 
 152 1362623680     642556 0 9 40.0 50.0 
 152 1362623680     652555 0 9 40.0 50.0 
 152 1362623680     662597 0 9 40.0 50.0 
 152 1362623680     672616 0 9 40.0 50.0 
 153 1362623680     682623 0 9 40.0 50.0 
 153 1362623680     692622 0 9 40.0 50.0 
 152 1362623680     702646 0 9 40.0 50.0 
 153 1362623680     712658 0 9 40.0 50.0 
 151 1362623680     722607 0 9 40.0 50.0 
 152 1362623680     732628 0 9 40.0 50.0 
 152 1362623680     742656 0 9 40.0 50.0 
 153 1362623680     752656 0 9 40.0 50.0 
 153 1362623680     762671 0 9 40.0 50.0 
 153 1362623680     772634 0 9 40.0 50.0 
 152 1362623680     782643 0 9 40.0 50.0 
 152 1362623680     792671 0 9 40.0 50.0 
 152 1362623680     802666 0 9 40.0 50.0 
 152 1362623680     812676 0 9 40.0 50.0 
 152 1362623680     822694 0 9 40.0 50.0 
 152 1362623680     832720 0 9 40.0 50.0 
 152 1362623680     842689 0 9 40.0 50.0 
 151 1362623680     852746 0 9 40.0 50.0 
 153 1362623680     862704 0 9 40.0 50.0 
 151 1362623680     872740 0 9 40.0 50.0 
 153 1362623680     882765 0 9 40.0 50.0 
 151 1362623680     892769 0 9 40.0 50.0 
 152 1362623680     902749 0 9 40.0 50.0 
 151 1362623680     912784 0 9 40.0 50.0 
 151 1362623680     922802 0 9 40.0 50.0 
 151 1362623680     932769 0 9 40.0 50.0 
 151 1362623680     942798 0 9 40.0 50.0 
 151 1362623680     952798 0 9 40.0 50.0 
 152 1362623680     962798 0 9 40.0 50.0 
 152 1362623680     972816 0 9 40.0 50.0 
 151 1362623680     982780 0 9 40.0 50.0 
 152 1362623680     992898 0 9 40.0 50.0 
 152 1362623681       2841 0 9 40.0 50.0 
 153 1362623681      12828 0 9 40.0 50.0 
 151 1362623681      22860 0 9 40.0 50.0 
 153 1362623681      32819 0 9 40.0 50.0 
 151 1362623681      42834 0 9 40.0 50.0 
 152 1362623681      52846 0 9 40.0 50.0 
 152 1362623681      62885 0 9 40.0 50.0 
 152 1362623681      72848 0 9 40.0 50.0 
 152 1362623681      82900 0 9 40.0 50.0 
 152 1362623681      92868 0 9 40.0 50.0 
 151 1362623681     102902 0 9 40.0 50.0 
 151 1362623681     112893 0 9 40.0 50.0 
 151 1362623681     122891 0 9 40.0 50.0 
 152 1362623681     132871 0 9 40.0 50.0 
 152 1362623681     142878 0 9 40.0 50.0 
 151 1362623681     152937 0 9 40.0 50.0 
 152 1362623681     162955 0 9 40.0 50.0 
 151 1362623681     172951 0 9 40.0 50.0 
 152 1362623681     182904 0 9 40.0 50.0 
 151 1362623681     192964 0 9 40.0 50.0 
 152 1362623681     202947 0 9 40.0 50.0 
 151 1362623681     212969 0 9 40.0 50.0 
 151 1362623681     222932 0 9 40.0 50.0 
 151 1362623681     232961 0 9 40.0 50.0 
 151 1362623681     242996 0 9 40.0 50.0 
 151 1362623681     252995 0 9 40.0 50.0 
 152 1362623681     263015 0 9 40.0 50.0 
 152 1362623681     273033 0 9 40.0 50.0 
 151 1362623681     282988 0 9 40.0 50.0 
 152 1362623681     293003 0 9 40.0 50.0 
 150 1362623681     303011 0 9 40.0 50.0 
 152 1362623681     313054 0 9 40.0 50.0 
 152 1362623681     323004 0 9 40.0 50.0 
 153 1362623681     333026 0 9 40.0 50.0 
 152 1362623681     343057 0 9 40.0 50.0 
 153 1362623681     353037 0 9 40.0 50.0 
 151 1362623681     363046 0 9 40.0 50.0 
 152 1362623681     373068 0 9 40.0 50.0 
 152 1362623681     383087 0 9 40.0 50.0 
 152 1362623681     393109 0 9 40.0 50.0 
 152 1362623681     403052 0 9 40.0 50.0 
 152 1362623681     413087 0 9 40.0 50.0 
 152 1362623681     423068 0 9 40.0 50.0 
 151 1362623681     433109 0 9 40.0 50.0 
 152 1362623681     443125 0 9 40.0 50.0 
 150 1362623681     453139 0 9 40.0 50.0 
 152 1362623681     463143 0 9 40.0 50.0 
 151 1362623681     473158 0 9 40.0 50.0 
 152 1362623681     483103 0 9 40.0 50.0 
 151 1362623681     493130 0 9 40.0 50.0 
 152 1362623681     503122 0 9 40.0 50.0 
 151 1362623681     513162 0 9 40.0 50.0 
 151 1362623681     523185 0 9 40.0 50.0 
 151 1362623681     533203 0 9 40.0 50.0 
 152 1362623681     543156 0 9 40.0 50.0 
 152 1362623681     553150 0 9 40.0 50.0 
 152 1362623681     563189 0 9 40.0 50.0 
 152 1362623681     573201 0 9 40.0 50.0 
 152 1362623681     583229 0 9 40.0 50.0 
 152 1362623681     593177 0 9 40.0 50.0 
 151 1362623681     603198 0 9 40.0 50.0 
 153 1362623681     613219 0 9 40.0 50.0 
 152 1362623681     623234 0 9 40.0 50.0 
 153 1362623681     633245 0 9 40.0 50.0 
 152 1362623681     643259 0 9 40.0 50.0 
 152 1362623681     653215 0 9 40.0 50.0 
 152 1362623681     663235 0 9 40.0 50.0 
 152 1362623681     673259 0 9 40.0 50.0 
 151 1362623681     683275 0 9 40.0 50.0 
 152 1362623681     693292 0 9 40.0 50.0 
 151 1362623681     703323 0 9 40.0 50.0 
 152 1362623681     713327 0 9 40.0 50.0 
 152 1362623681     723282 0 9 40.0 50.0 
 151 1362623681     733318 0 9 40.0 50.0 
 152 1362623681     743333 0 9 40.0 50.0 
 151 1362623681     753288 0 9 40.0 50.0 
 153 1362623681     763291 0 9 40.0 50.0 
 151 1362623681     773316 0 9 40.0 50.0 
 153 1362623681     783330 0 9 40.0 50.0 
 152 1362623681     793359 0 9 40.0 50.0 
 152 1362623681     803323 0 9 40.0 50.0 
 152 1362623681     813346 0 9 40.0 50.0 
 153 1362623681     823369 0 9 40.0 50.0 
 152 1362623681     833390 0 9 40.0 50.0 
 153 1362623681     843343 0 9 40.0 50.0 
 152 1362623681     853374 0 9 40.0 50.0 
 152 1362623681     863396 0 9 40.0 50.0 
 152 1362623681     873426 0 9 40.0 50.0 
 152 1362623681     883368 0 9 40.0 50.0 
 152 1362623681     893400 0 9 40.0 50.0 
 151 1362623681     903416 0 9 40.0 50.0 
 151 1362623681     913436 0 9 40.0 50.0 
 150 1362623681     923396 0 9 40.0 50.0 
 152 1362623681     933426 0 9 40.0 50.0 
 152 1362623681     943456 0 9 40.0 50.0 
 152 1362623681     953414 0 9 40.0 50.0 
 152 1362623681     963430 0 9 40.0 50.0 
 152 1362623681     973448 0 9 40.0 50.0 
 152 1362623681     983479 0 9 40.0 50.0 
 152 1362623681     993496 0 9 40.0 50.0 
 151 1362623682       3512 0 9 40.0 50.0 
 151 1362623682      13474 0 9 40.0 50.0 
 152 1362623682      23493 0 9 40.0 50.0 
 152 1362623682      33523 0 9 40.0 50.0 
 153 1362623682      43531 0 9 40.0 50.0 
 151 1362623682      53485 0 9 40.0 50.0 
 152 1362623682      63508 0 9 40.0 50.0 
 151 1362623682      73534 0 9 40.0 50.0 
 152 1362623682      83546 0 9 40.0 50.0 
 152 1362623682      93511 0 9 40.0 50.0 
 152 1362623682     103514 0 9 40.0 50.0 
 151 1362623682     113534 0 9 40.0 50.0 
 152 1362623682     123569 0 9 40.0 50.0 
 151 1362623682     133599 0 9 40.0 50.0 
 151 1362623682     143560 0 9 40.0 50.0 
 151 1362623682     153589 0 9 40.0 50.0 
 152 1362623682     163608 0 9 40.0 50.0 
 153 1362623682     173572 0 9 40.0 50.0 
 152 1362623682     183634 0 9 40.0 50.0 
 152 1362623682     193574 0 9 40.0 50.0 
 151 1362623682     203591 0 9 40.0 50.0 
 153 1362623682     213625 0 9 40.0 50.0 
 151 1362623682     223646 0 9 40.0 50.0 
 152 1362623682     233600 0 9 40.0 50.0 
 152 1362623682     243624 0 9 40.0 50.0 
 153 1362623682     253644 0 9 40.0 50.0 
 153 1362623682     263667 0 9 40.0 50.0 
 153 1362623682     273691 0 9 40.0 50.0 
 152 1362623682     283651 0 9 40.0 50.0 
 152 1362623682     293664 0 9 40.0 50.0 
 153 1362623682     303699 0 9 40.0 50.0 
 152 1362623682     313652 0 9 40.0 50.0 
 152 1362623682     323659 0 9 40.0 50.0 
 150 1362623682     333694 0 9 40.0 50.0 
 152 1362623682     343713 0 9 40.0 50.0 
 151 1362623682     353724 0 9 40.0 50.0 
 152 1362623682     363690 0 9 40.0 50.0 
 151 1362623682     373724 0 9 40.0 50.0 
 153 1362623682     383751 0 9 40.0 50.0 
 151 1362623682     393760 0 9 40.0 50.0 
 152 1362623682     403737 0 9 40.0 50.0 
 152 1362623682     413759 0 9 40.0 50.0 
 151 1362623682     423789 0 9 40.0 50.0 
 152 1362623682     433743 0 9 40.0 50.0 
 152 1362623682     443782 0 9 40.0 50.0 
 152 1362623682     453813 0 9 40.0 50.0 
 151 1362623682     463821 0 9 40.0 50.0 
 152 1362623682     473761 0 9 40.0 50.0 
 150 1362623682     483779 0 9 40.0 50.0 
 152 1362623682     493793 0 9 40.0 50.0 
 151 1362623682     503816 0 9 40.0 50.0 
 152 1362623682     513842 0 9 40.0 50.0 
 151 1362623682     523859 0 9 40.0 50.0 
 151 1362623682     533863 0 9 40.0 50.0 
 150 1362623682     543822 0 9 40.0 50.0 
 151 1362623682     553867 0 9 40.0 50.0 
 151 1362623682     563822 0 9 40.0 50.0 
 151 1362623682     573836 0 9 40.0 50.0 
 152 1362623682     583875 0 9 40.0 50.0 
 151 1362623682     593883 0 9 40.0 50.0 
 152 1362623682     603893 0 9 40.0 50.0 
 151 1362623682     613901 0 9 40.0 50.0 
 152 1362623682     623897 0 9 40.0 50.0 
 150 1362623682     633911 0 9 40.0 50.0 
 152 1362623682     643925 0 9 40.0 50.0 
 152 1362623682     653877 0 9 40.0 50.0 
 152 1362623682     663911 0 9 40.0 50.0 
 152 1362623682     673919 0 9 40.0 50.0 
 152 1362623682     683960 0 9 40.0 50.0 
 152 1362623682     693917 0 9 40.0 50.0 
 151 1362623682     703939 0 9 40.0 50.0 
 152 1362623682     713957 0 9 40.0 50.0 
 151 1362623682     723983 0 9 40.0 50.0 
 151 1362623682     733940 0 9 40.0 50.0 
 151 1362623682     743951 0 9 40.0 50.0 
 152 1362623682     753975 0 9 40.0 50.0 
 151 1362623682     763991 0 9 40.0 50.0 
 152 1362623682     774006 0 9 40.0 50.0 
 151 1362623682     784014 0 9 40.0 50.0 
 152 1362623682     794033 0 9 40.0 50.0 
 152 1362623682     804002 0 9 40.0 50.0 
 153 1362623682     814027 0 9 40.0 50.0 
 152 1362623682     824050 0 9 40.0 50.0 
 152 1362623682     834049 0 9 40.0 50.0 
 152 1362623682     844019 0 9 40.0 50.0 
 152 1362623682     854021 0 9 40.0 50.0 
 152 1362623682     864041 0 9 40.0 50.0 
 152 1362623682     874075 0 9 40.0 50.0 
 152 1362623682     884090 0 9 40.0 50.0 
 151 1362623682     894040 0 9 40.0 50.0 
 153 1362623682     904064 0 9 40.0 50.0 
 151 1362623682     914088 0 9 40.0 50.0 
 152 1362623682     924092 0 9 40.0 50.0 
 151 1362623682     934108 0 9 40.0 50.0 
 152 1362623682     944125 0 9 40.0 50.0 
 151 1362623682     954132 0 9 40.0 50.0 
 152 1362623682     964150 0 9 40.0 50.0 
 151 1362623682     974091 0 9 40.0 50.0 
 152 1362623682     984168 0 9 40.0 50.0 
 151 1362623682     994175 0 9 40.0 50.0 
 151 1362623683       4167 0 9 40.0 50.0 
 151 1362623683      14145 0 9 40.0 50.0 
 151 1362623683      24179 0 9 40.0 50.0 
 153 1362623683      34151 0 9 40.0 50.0 
 152 1362623683      44190 0 9 40.0 50.0 
 152 1362623683      54154 0 9 40.0 50.0 
 151 1362623683      64171 0 9 40.0 50.0 
 153 1362623683      74207 0 9 40.0 50.0 
 151 1362623683      84228 0 9 40.0 50.0 
 152 1362623683      94194 0 9 40.0 50.0 
 152 1362623683     104238 0 9 40.0 50.0 
 152 1362623683     114246 0 9 40.0 50.0 
 152 1362623683     124225 0 9 40.0 50.0 
 152 1362623683     134207 0 9 40.0 50.0 
 152 1362623683     144204 0 9 40.0 50.0 
 152 1362623683     154238 0 9 40.0 50.0 
 151 1362623683     164228 0 9 40.0 50.0 
 151 1362623683     174262 0 9 40.0 50.0 
 152 1362623683     184221 0 9 40.0 50.0 
 151 1362623683     194231 0 9 40.0 50.0 
 152 1362623683     204289 0 9 40.0 50.0 
 151 1362623683     214252 0 9 40.0 50.0 
 153 1362623683     224284 0 9 40.0 50.0 
 152 1362623683     234284 0 9 40.0 50.0 
 153 1362623683     244307 0 9 40.0 50.0 
 152 1362623683     254309 0 9 40.0 50.0 
 152 1362623683     264330 0 9 40.0 50.0 
 152 1362623683     274304 0 9 40.0 50.0 
 151 1362623683     284329 0 9 40.0 50.0 
 151 1362623683     294341 0 9 40.0 50.0 
 151 1362623683     304354 0 9 40.0 50.0 
 151 1362623683     314356 0 9 40.0 50.0 
 151 1362623683     324340 0 9 40.0 50.0 
 152 1362623683     334355 0 9 40.0 50.0 
 151 1362623683     344321 0 9 40.0 50.0 
 153 1362623683     354373 0 9 40.0 50.0 
 151 1362623683     364391 0 9 40.0 50.0 
 152 1362623683     374354 0 9 40.0 50.0 
 151 1362623683     384349 0 9 40.0 50.0 
 151 1362623683     394401 0 9 40.0 50.0 
 151 1362623683     404371 0 9 40.0 50.0 
 151 1362623683     414407 0 9 40.0 50.0 
 152 1362623683     424411 0 9 40.0 50.0 
 151 1362623683     434425 0 9 40.0 50.0 
 152 1362623683     444400 0 9 40.0 50.0 
 152 1362623683     454400 0 9 40.0 50.0 
 152 1362623683     464413 0 9 40.0 50.0 
 151 1362623683     474424 0 9 40.0 50.0 
 152 1362623683     484461 0 9 40.0 50.0 
 151 1362623683     494477 0 9 40.0 50.0 
 152 1362623683     504428 0 9 40.0 50.0 
 151 1362623683     514491 0 9 40.0 50.0 
 151 1362623683     524479 0 9 40.0 50.0 
 152 1362623683     534467 0 9 40.0 50.0 
 151 1362623683     544489 0 9 40.0 50.0 
 151 1362623683     554465 0 9 40.0 50.0 
 152 1362623683     564501 0 9 40.0 50.0 
 152 1362623683     574524 0 9 40.0 50.0 
 151 1362623683     584501 0 9 40.0 50.0 
 152 1362623683     594528 0 9 40.0 50.0 
 152 1362623683     604536 0 9 40.0 50.0 
 152 1362623683     614556 0 9 40.0 50.0 
 151 1362623683     624542 0 9 40.0 50.0 
 152 1362623683     634545 0 9 40.0 50.0 
 151 1362623683     644562 0 9 40.0 50.0 
 152 1362623683     654565 0 9 40.0 50.0 
 151 1362623683     664571 0 9 40.0 50.0 
 152 1362623683     674553 0 9 40.0 50.0 
 151 1362623683     684594 0 9 40.0 50.0 
 152 1362623683     694585 0 9 40.0 50.0 
 152 1362623683     704614 0 9 40.0 50.0 
 152 1362623683     714608 0 9 40.0 50.0 
 152 1362623683     724584 0 9 40.0 50.0 
 152 1362623683     734614 0 9 40.0 50.0 
 152 1362623683     744614 0 9 40.0 50.0 
 152 1362623683     754627 0 9 40.0 50.0 
 152 1362623683     764597 0 9 40.0 50.0 
 152 1362623683     774660 0 9 40.0 50.0 
 153 1362623683     784668 0 9 40.0 50.0 
 152 1362623683     794673 0 9 40.0 50.0 
 153 1362623683     804623 0 9 40.0 50.0 
 152 1362623683     814671 0 9 40.0 50.0 
 151 1362623683     824657 0 9 40.0 50.0 
 151 1362623683     834668 0 9 40.0 50.0 
 152 1362623683     844670 0 9 40.0 50.0 
 152 1362623683     854687 0 9 40.0 50.0 
 152 1362623683     864685 0 9 40.0 50.0 
 152 1362623683     874725 0 9 40.0 50.0 
 152 1362623683     884715 0 9 40.0 50.0 
 151 1362623683     894716 0 9 40.0 50.0 
 150 1362623683     904694 0 9 40.0 50.0 
 152 1362623683     914709 0 9 40.0 50.0 
 150 1362623683     924749 0 9 40.0 50.0 
 152 1362623683     934732 0 9 40.0 50.0 
 152 1362623683     944752 0 9 40.0 50.0 
 153 1362623683     954728 0 9 40.0 50.0 
 152 1362623683     964789 0 9 40.0 50.0 
 152 1362623683     974782 0 9 40.0 50.0 
 151 1362623683     984754 0 9 40.0 50.0 
 151 1362623683     994772 0 9 40.0 50.0 
 152 1362623684       4785 0 9 40.0 50.0 
 151 1362623684      14824 0 9 40.0 50.0 
 152 1362623684      24792 0 9 40.0 50.0 
 152 1362623684      34838 0 9 40.0 50.0 
 153 1362623684      44785 0 9 40.0 50.0 
 152 1362623684      54840 0 9 40.0 50.0 
 153 1362623684      64800 0 9 40.0 50.0 
 152 1362623684      74863 0 9 40.0 50.0 
 152 1362623684      84825 0 9 40.0 50.0 
 151 1362623684      94835 0 9 40.0 50.0 
 151 1362623684     104852 0 9 40.0 50.0 
 151 1362623684     114855 0 9 40.0 50.0 
 152 1362623684     124842 0 9 40.0 50.0 
 151 1362623684     134877 0 9 40.0 50.0 
 152 1362623684     144863 0 9 40.0 50.0 
 152 1362623684     154858 0 9 40.0 50.0 
 152 1362623684     164914 0 9 40.0 50.0 
 152 1362623684     174924 0 9 40.0 50.0 
 151 1362623684     184926 0 9 40.0 50.0 
 152 1362623684     194882 0 9 40.0 50.0 
 151 1362623684     204903 0 9 40.0 50.0 
 152 1362623684     214956 0 9 40.0 50.0 
 151 1362623684     224921 0 9 40.0 50.0 
 152 1362623684     234949 0 9 40.0 50.0 
 151 1362623684     244940 0 9 40.0 50.0 
 153 1362623684     254947 0 9 40.0 50.0 
 151 1362623684     264951 0 9 40.0 50.0 
 152 1362623684     274991 0 9 40.0 50.0 
 151 1362623684     284989 0 9 40.0 50.0 
 152 1362623684     295002 0 9 40.0 50.0 
 152 1362623684     304994 0 9 40.0 50.0 
 152 1362623684     314998 0 9 40.0 50.0 
 152 1362623684     325015 0 9 40.0 50.0 
 151 1362623684     335028 0 9 40.0 50.0 
 152 1362623684     344994 0 9 40.0 50.0 
 151 1362623684     354992 0 9 40.0 50.0 
 153 1362623684     365000 0 9 40.0 50.0 
 151 1362623684     375027 0 9 40.0 50.0 
 152 1362623684     385032 0 9 40.0 50.0 
 151 1362623684     395061 0 9 40.0 50.0 
 152 1362623684     405061 0 9 40.0 50.0 
 151 1362623684     415033 0 9 40.0 50.0 
 152 1362623684     425082 0 9 40.0 50.0 
 151 1362623684     435045 0 9 40.0 50.0 
 152 1362623684     445076 0 9 40.0 50.0 
 151 1362623684     455097 0 9 40.0 50.0 
 151 1362623684     465120 0 9 40.0 50.0 
 152 1362623684     475124 0 9 40.0 50.0 
 152 1362623684     485077 0 9 40.0 50.0 
 152 1362623684     495086 0 9 40.0 50.0 
 152 1362623684     505107 0 9 40.0 50.0 
 153 1362623684     515117 0 9 40.0 50.0 
 152 1362623684     525116 0 9 40.0 50.0 
 152 1362623684     535128 0 9 40.0 50.0 
 152 1362623684     545165 0 9 40.0 50.0 
 152 1362623684     555153 0 9 40.0 50.0 
 152 1362623684     565171 0 9 40.0 50.0 
 152 1362623684     575137 0 9 40.0 50.0 
 152 1362623684     585175 0 9 40.0 50.0 
 152 1362623684     595153 0 9 40.0 50.0 
 152 1362623684     605178 0 9 40.0 50.0 
 151 1362623684     615213 0 9 40.0 50.0 
 152 1362623684     625168 0 9 40.0 50.0 
 151 1362623684     635172 0 9 40.0 50.0 
 151 1362623684     645186 0 9 40.0 50.0 
 150 1362623684     655234 0 9 40.0 50.0 
 152 1362623684     665252 0 9 40.0 50.0 
 151 1362623684     675258 0 9 40.0 50.0 
 152 1362623684     685252 0 9 40.0 50.0 
 152 1362623684     695268 0 9 40.0 50.0 
 152 1362623684     705265 0 9 40.0 50.0 
 151 1362623684     715238 0 9 40.0 50.0 
 152 1362623684     725244 0 9 40.0 50.0 
 152 1362623684     735243 0 9 40.0 50.0 
 152 1362623684     745306 0 9 40.0 50.0 
 152 1362623684     755273 0 9 40.0 50.0 
 152 1362623684     765289 0 9 40.0 50.0 
 153 1362623684     775293 0 9 40.0 50.0 
 151 1362623684     785278 0 9 40.0 50.0 
 152 1362623684     795280 0 9 40.0 50.0 
 151 1362623684     805333 0 9 40.0 50.0 
 153 1362623684     815315 0 9 40.0 50.0 
 152 1362623684     825339 0 9 40.0 50.0 
 152 1362623684     835311 0 9 40.0 50.0 
 152 1362623684     845316 0 9 40.0 50.0 
 152 1362623684     855328 0 9 40.0 50.0 
 151 1362623684     865324 0 9 40.0 50.0 
 151 1362623684     875359 0 9 40.0 50.0 
 151 1362623684     885362 0 9 40.0 50.0 
 151 1362623684     895365 0 9 40.0 50.0 
 151 1362623684     905413 0 9 40.0 50.0 
 152 1362623684     915402 0 9 40.0 50.0 
 152 1362623684     925409 0 9 40.0 50.0 
 151 1362623684     935384 0 9 40.0 50.0 
 153 1362623684     945390 0 9 40.0 50.0 
 151 1362623684     955386 0 9 40.0 50.0 
 152 1362623684     965447 0 9 40.0 50.0 
 152 1362623684     975421 0 9 40.0 50.0 
 153 1362623684     985444 0 9 40.0 50.0 
 152 1362623684     995438 0 9 40.0 50.0 
 152 1362623685       5443 0 9 40.0 50.0 
 152 1362623685      15439 0 9 40.0 50.0 
 152 1362623685      25430 0 9 40.0 50.0 
 151 1362623685      35468 0 9 40.0 50.0 
 151 1362623685      45450 0 9 40.0 50.0 
 152 1362623685      55472 0 9 40.0 50.0 
 151 1362623685      65475 0 9 40.0 50.0 
 153 1362623685      75519 0 9 40.0 50.0 
 152 1362623685      85495 0 9 40.0 50.0 
 153 1362623685      95500 0 9 40.0 50.0 
 151 1362623685     105501 0 9 40.0 50.0 
 152 1362623685     115527 0 9 40.0 50.0 
 151 1362623685     125518 0 9 40.0 50.0 
 152 1362623685     135527 0 9 40.0 50.0 
 152 1362623685     145556 0 9 40.0 50.0 
 152 1362623685     155530 0 9 40.0 50.0 
 153 1362623685     165522 0 9 40.0 50.0 
 152 1362623685     175570 0 9 40.0 50.0 
 152 1362623685     185595 0 9 40.0 50.0 
 152 1362623685     195588 0 9 40.0 50.0 
 153 1362623685     205569 0 9 40.0 50.0 
 152 1362623685     215561 0 9 40.0 50.0 
 153 1362623685     225624 0 9 40.0 50.0 
 151 1362623685     235584 0 9 40.0 50.0 
 153 1362623685     245605 0 9 40.0 50.0 
 152 1362623685     255587 0 9 40.0 50.0 
 153 1362623685     265645 0 9 40.0 50.0 
 152 1362623685     275650 0 9 40.0 50.0 
 153 1362623685     285626 0 9 40.0 50.0 
 152 1362623685     295624 0 9 40.0 50.0 
 152 1362623685     305674 0 9 40.0 50.0 
 152 1362623685     315639 0 9 40.0 50.0 
 152 1362623685     325658 0 9 40.0 50.0 
 152 1362623685     335667 0 9 40.0 50.0 
 151 1362623685     345685 0 9 40.0 50.0 
 151 1362623685     355681 0 9 40.0 50.0 
 151 1362623685     365697 0 9 40.0 50.0 
 152 1362623685     375711 0 9 40.0 50.0 
 150 1362623685     385682 0 9 40.0 50.0 
 152 1362623685     395712 0 9 40.0 50.0 
 151 1362623685     405741 0 9 40.0 50.0 
 151 1362623685     415712 0 9 40.0 50.0 
 151 1362623685     425734 0 9 40.0 50.0 
 151 1362623685     435731 0 9 40.0 50.0 
 151 1362623685     445735 0 9 40.0 50.0 
 152 1362623685     455778 0 9 40.0 50.0 
 152 1362623685     465762 0 9 40.0 50.0 
 151 1362623685     475788 0 9 40.0 50.0 
 152 1362623685     485777 0 9 40.0 50.0 
 152 1362623685     495785 0 9 40.0 50.0 
 153 1362623685     505762 0 9 40.0 50.0 
 152 1362623685     515759 0 9 40.0 50.0 
 153 1362623685     525782 0 9 40.0 50.0 
 152 1362623685     535780 0 9 40.0 50.0 
 152 1362623685     545778 0 9 40.0 50.0 
 151 1362623685     555838 0 9 40.0 50.0 
 152 1362623685     565809 0 9 40.0 50.0 
 152 1362623685     575818 0 9 40.0 50.0 
 153 1362623685     585820 0 9 40.0 50.0 
 152 1362623685     595845 0 9 40.0 50.0 
 152 1362623685     605868 0 9 40.0 50.0 
 152 1362623685     615849 0 9 40.0 50.0 
 151 1362623685     625876 0 9 40.0 50.0 
 152 1362623685     635853 0 9 40.0 50.0 
 151 1362623685     645878 0 9 40.0 50.0 
 152 1362623685     655889 0 9 40.0 50.0 
 151 1362623685     665876 0 9 40.0 50.0 
 152 1362623685     675885 0 9 40.0 50.0 
 151 1362623685     685895 0 9 40.0 50.0 
 152 1362623685     695935 0 9 40.0 50.0 
 151 1362623685     705903 0 9 40.0 50.0 
 151 1362623685     715922 0 9 40.0 50.0 
 152 1362623685     725904 0 9 40.0 50.0 
 152 1362623685     735929 0 9 40.0 50.0 
 152 1362623685     745934 0 9 40.0 50.0 
 153 1362623685     755964 0 9 40.0 50.0 
 152 1362623685     765956 0 9 40.0 50.0 
 152 1362623685     775924 0 9 40.0 50.0 
 152 1362623685     785959 0 9 40.0 50.0 
 152 1362623685     795976 0 9 40.0 50.0 
 152 1362623685     806000 0 9 40.0 50.0 
 151 1362623685     815973 0 9 40.0 50.0 
 153 1362623685     825992 0 9 40.0 50.0 
 151 1362623685     836008 0 9 40.0 50.0 
 152 1362623685     845989 0 9 40.0 50.0 
 151 1362623685     855988 0 9 40.0 50.0 
 152 1362623685     866020 0 9 40.0 50.0 
 151 1362623685     876004 0 9 40.0 50.0 
 152 1362623685     886050 0 9 40.0 50.0 
 153 1362623685     896013 0 9 40.0 50.0 
 152 1362623685     906026 0 9 40.0 50.0 
 152 1362623685     916038 0 9 40.0 50.0 
 153 1362623685     926080 0 9 40.0 50.0 
 152 1362623685     936062 0 9 40.0 50.0 
 151 1362623685     946075 0 9 40.0 50.0 
 152 1362623685     956050 0 9 40.0 50.0 
 151 1362623685     966082 0 9 40.0 50.0 
 152 1362623685     976109 0 9 40.0 50.0 
 151 1362623685     986100 0 9 40.0 50.0 
 152 1362623685     996083 0 9 40.0 50.0 
 152 1362623686       6126 0 9 40.0 50.0 
 152 1362623686      16141 0 9 40.0 50.0 
 151 1362623686      26153 0 9 40.0 50.0 
 152 1362623686      36142 0 9 40.0 50.0 
 151 1362623686      46110 0 9 40.0 50.0 
 151 1362623686      56166 0 9 40.0 50.0 
 152 1362623686      66119 0 9 40.0 50.0 
 152 1362623686      76157 0 9 40.0 50.0 
 152 1362623686      86149 0 9 40.0 50.0 
 151 1362623686      96162 0 9 40.0 50.0 
 152 1362623686     106179 0 9 40.0 50.0 
 150 1362623686     116200 0 9 40.0 50.0 
 151 1362623686     126213 0 9 40.0 50.0 
 151 1362623686     136188 0 9 40.0 50.0 
 151 1362623686     146180 0 9 40.0 50.0 
 151 1362623686     156234 0 9 40.0 50.0 
 152 1362623686     166221 0 9 40.0 50.0 
 152 1362623686     176215 0 9 40.0 50.0 
 152 1362623686     186243 0 9 40.0 50.0 
 151 1362623686     196208 0 9 40.0 50.0 
 151 1362623686     206234 0 9 40.0 50.0 
 152 1362623686     216248 0 9 40.0 50.0 
 151 1362623686     226236 0 9 40.0 50.0 
 151 1362623686     236238 0 9 40.0 50.0 
 150 1362623686     246268 0 9 40.0 50.0 
 152 1362623686     256252 0 9 40.0 50.0 
 151 1362623686     266300 0 9 40.0 50.0 
 152 1362623686     276307 0 9 40.0 50.0 
 152 1362623686     286288 0 9 40.0 50.0 
 153 1362623686     296276 0 9 40.0 50.0 
 152 1362623686     306318 0 9 40.0 50.0 
 153 1362623686     316308 0 9 40.0 50.0 
 152 1362623686     326325 0 9 40.0 50.0 
 152 1362623686     336301 0 9 40.0 50.0 
 151 1362623686     346341 0 9 40.0 50.0 
 151 1362623686     356331 0 9 40.0 50.0 
 152 1362623686     366325 0 9 40.0 50.0 
 151 1362623686     376329 0 9 40.0 50.0 
 153 1362623686     386349 0 9 40.0 50.0 
 152 1362623686     396361 0 9 40.0 50.0 
 153 1362623686     406364 0 9 40.0 50.0 
 153 1362623686     416398 0 9 40.0 50.0 
 153 1362623686     426374 0 9 40.0 50.0 
 152 1362623686     436417 0 9 40.0 50.0 
 152 1362623686     446424 0 9 40.0 50.0 
 152 1362623686     456431 0 9 40.0 50.0 
 153 1362623686     466435 0 9 40.0 50.0 
 153 1362623686     476449 0 9 40.0 50.0 
 153 1362623686     486452 0 9 40.0 50.0 
 152 1362623686     496408 0 9 40.0 50.0 
 151 1362623686     506413 0 9 40.0 50.0 
 152 1362623686     516448 0 9 40.0 50.0 
 150 1362623686     526462 0 9 40.0 50.0 
 152 1362623686     536482 0 9 40.0 50.0 
 151 1362623686     546456 0 9 40.0 50.0 
 152 1362623686     556447 0 9 40.0 50.0 
 152 1362623686     566478 0 9 40.0 50.0 
 152 1362623686     576470 0 9 40.0 50.0 
 152 1362623686     586523 0 9 40.0 50.0 
 152 1362623686     596477 0 9 40.0 50.0 
 152 1362623686     606515 0 9 40.0 50.0 
 152 1362623686     616493 0 9 40.0 50.0 
 151 1362623686     626527 0 9 40.0 50.0 
 150 1362623686     636556 0 9 40.0 50.0 
 152 1362623686     646513 0 9 40.0 50.0 
 150 1362623686     656531 0 9 40.0 50.0 
 152 1362623686     666553 0 9 40.0 50.0 
 151 1362623686     676578 0 9 40.0 50.0 
 153 1362623686     686530 0 9 40.0 50.0 
 152 1362623686     696586 0 9 40.0 50.0 
 153 1362623686     706578 0 9 40.0 50.0 
 152 1362623686     716576 0 9 40.0 50.0 
 152 1362623686     726568 0 9 40.0 50.0 
 151 1362623686     736567 0 9 40.0 50.0 
 151 1362623686     746608 0 9 40.0 50.0 
 151 1362623686     756608 0 9 40.0 50.0 
 151 1362623686     766606 0 9 40.0 50.0 
 152 1362623686     776596 0 9 40.0 50.0 
 152 1362623686     786652 0 9 40.0 50.0 
 152 1362623686     796607 0 9 40.0 50.0 
 152 1362623686     806636 0 9 40.0 50.0 
 154 1362623686     816640 0 9 40.0 50.0 
 152 1362623686     826662 0 9 40.0 50.0 
 153 1362623686     836663 0 9 40.0 50.0 
 152 1362623686     846640 0 9 40.0 50.0 
 152 1362623686     856663 0 9 40.0 50.0 
 151 1362623686     866692 0 9 40.0 50.0 
 152 1362623686     876698 0 9 40.0 50.0 
 152 1362623686     886683 0 9 40.0 50.0 
 152 1362623686     896713 0 9 40.0 50.0 
 152 1362623686     906694 0 9 40.0 50.0 
 153 1362623686     916699 0 9 40.0 50.0 
 153 1362623686     926717 0 9 40.0 50.0 
 152 1362623686     936707 0 9 40.0 50.0 
 152 1362623686     946711 0 9 40.0 50.0 
 151 1362623686     956742 0 9 40.0 50.0 
 153 1362623686     966746 0 9 40.0 50.0 
 151 1362623686     976720 0 9 40.0 50.0 
 152 1362623686     986769 0 9 40.0 50.0 
 151 1362623686     996764 0 9 40.0 50.0 
 152 1362623687       6752 0 9 40.0 50.0 
 151 1362623687      16792 0 9 40.0 50.0 
 152 1362623687      26763 0 9 40.0 50.0 
 152 1362623687      36815 0 9 40.0 50.0 
 152 1362623687      46803 0 9 40.0 50.0 
 152 1362623687      56812 0 9 40.0 50.0 
 151 1362623687      66794 0 9 40.0 50.0 
 152 1362623687      76839 0 9 40.0 50.0 
 151 1362623687      86795 0 9 40.0 50.0 
 152 1362623687      96852 0 9 40.0 50.0 
 151 1362623687     106867 0 9 40.0 50.0 
 153 1362623687     116868 0 9 40.0 50.0 
 151 1362623687     126832 0 9 40.0 50.0 
 153 1362623687     136877 0 9 40.0 50.0 
 152 1362623687     146869 0 9 40.0 50.0 
 152 1362623687     156851 0 9 40.0 50.0 
 152 1362623687     166883 0 9 40.0 50.0 
 152 1362623687     176904 0 9 40.0 50.0 
 151 1362623687     186858 0 9 40.0 50.0 
 152 1362623687     196904 0 9 40.0 50.0 
 151 1362623687     206888 0 9 40.0 50.0 
 151 1362623687     216894 0 9 40.0 50.0 
 152 1362623687     226923 0 9 40.0 50.0 
 152 1362623687     236894 0 9 40.0 50.0 
 153 1362623687     246933 0 9 40.0 50.0 
 152 1362623687     256951 0 9 40.0 50.0 
 153 1362623687     266951 0 9 40.0 50.0 
 151 1362623687     276970 0 9 40.0 50.0 
 152 1362623687     286951 0 9 40.0 50.0 
 151 1362623687     296954 0 9 40.0 50.0 
 151 1362623687     306972 0 9 40.0 50.0 
 151 1362623687     316944 0 9 40.0 50.0 
 152 1362623687     326983 0 9 40.0 50.0 
 152 1362623687     336958 0 9 40.0 50.0 
 152 1362623687     346996 0 9 40.0 50.0 
 152 1362623687     356989 0 9 40.0 50.0 
 152 1362623687     367004 0 9 40.0 50.0 
 152 1362623687     377000 0 9 40.0 50.0 
 151 1362623687     387049 0 9 40.0 50.0 
 152 1362623687     397001 0 9 40.0 50.0 
 150 1362623687     407063 0 9 40.0 50.0 
 151 1362623687     417020 0 9 40.0 50.0 
 151 1362623687     427027 0 9 40.0 50.0 
 151 1362623687     437039 0 9 40.0 50.0 
 152 1362623687     447050 0 9 40.0 50.0 
 152 1362623687     457048 0 9 40.0 50.0 
 152 1362623687     467084 0 9 40.0 50.0 
 153 1362623687     477113 0 9 40.0 50.0 
 152 1362623687     487073 0 9 40.0 50.0 
 151 1362623687     497118 0 9 40.0 50.0 
 152 1362623687     507125 0 9 40.0 50.0 
 151 1362623687     517128 0 9 40.0 50.0 
 152 1362623687     527117 0 9 40.0 50.0 
 150 1362623687     537091 0 9 40.0 50.0 
 152 1362623687     547094 0 9 40.0 50.0 
 151 1362623687     557115 0 9 40.0 50.0 
 152 1362623687     567171 0 9 40.0 50.0 
 152 1362623687     577162 0 9 40.0 50.0 
 153 1362623687     587183 0 9 40.0 50.0 
 152 1362623687     597179 0 9 40.0 50.0 
 152 1362623687     607181 0 9 40.0 50.0 
 151 1362623687     617156 0 9 40.0 50.0 
 151 1362623687     627156 0 9 40.0 50.0 
 151 1362623687     637171 0 9 40.0 50.0 
 151 1362623687     647169 0 9 40.0 50.0 
 152 1362623687     657178 0 9 40.0 50.0 
 152 1362623687     667180 0 9 40.0 50.0 
 152 1362623687     677222 0 9 40.0 50.0 
 152 1362623687     687197 0 9 40.0 50.0 
 153 1362623687     697227 0 9 40.0 50.0 
 152 1362623687     707236 0 9 40.0 50.0 
 152 1362623687     717263 0 9 40.0 50.0 
 151 1362623687     727274 0 9 40.0 50.0 
 151 1362623687     737240 0 9 40.0 50.0 
 151 1362623687     747258 0 9 40.0 50.0 
 151 1362623687     757234 0 9 40.0 50.0 
 152 1362623687     767287 0 9 40.0 50.0 
 152 1362623687     777277 0 9 40.0 50.0 
 152 1362623687     787274 0 9 40.0 50.0 
 153 1362623687     797277 0 9 40.0 50.0 
 153 1362623687     807303 0 9 40.0 50.0 
 152 1362623687     817292 0 9 40.0 50.0 
 152 1362623687     827306 0 9 40.0 50.0 
 151 1362623687     837335 0 9 40.0 50.0 
 152 1362623687     847345 0 9 40.0 50.0 
 151 1362623687     857334 0 9 40.0 50.0 
 151 1362623687     867307 0 9 40.0 50.0 
 151 1362623687     877317 0 9 40.0 50.0 
 152 1362623687     887334 0 9 40.0 50.0 
 152 1362623687     897366 0 9 40.0 50.0 
 152 1362623687     907389 0 9 40.0 50.0 
 152 1362623687     917361 0 9 40.0 50.0 
 152 1362623687     927376 0 9 40.0 50.0 
 152 1362623687     937418 0 9 40.0 50.0 
 151 1362623687     947422 0 9 40.0 50.0 
 151 1362623687     957381 0 9 40.0 50.0 
 151 1362623687     967397 0 9 40.0 50.0 
 152 1362623687     977419 0 9 40.0 50.0 
 151 1362623687     987391 0 9 40.0 50.0 
 153 1362623687     997411 0 9 40.0 50.0 
 152 1362623688       7460 0 9 40.0 50.0 
 152 1362623688      17452 0 9 40.0 50.0 
 152 1362623688      27455 0 9 40.0 50.0 
 152 1362623688      37481 0 9 40.0 50.0 
 151 1362623688      47444 0 9 40.0 50.0 
 152 1362623688      57492 0 9 40.0 50.0 
 151 1362623688      67444 0 9 40.0 50.0 
 151 1362623688      77502 0 9 40.0 50.0 
 151 1362623688      87503 0 9 40.0 50.0 
 151 1362623688      97464 0 9 40.0 50.0 
 152 1362623688     107476 0 9 40.0 50.0 
 151 1362623688     117506 0 9 40.0 50.0 
 153 1362623688     127485 0 9 40.0 50.0 
 152 1362623688     137509 0 9 40.0 50.0 
 153 1362623688     147541 0 9 40.0 50.0 
 151 1362623688     157562 0 9 40.0 50.0 
 152 1362623688     167544 0 9 40.0 50.0 
 151 1362623688     177549 0 9 40.0 50.0 
 151 1362623688     187528 0 9 40.0 50.0 
 151 1362623688     197552 0 9 40.0 50.0 
 152 1362623688     207555 0 9 40.0 50.0 
 152 1362623688     217602 0 9 40.0 50.0 
 152 1362623688     227545 0 9 40.0 50.0 
 152 1362623688     237586 0 9 40.0 50.0 
 152 1362623688     247601 0 9 40.0 50.0 
 152 1362623688     257601 0 9 40.0 50.0 
 151 1362623688     267601 0 9 40.0 50.0 
 152 1362623688     277627 0 9 40.0 50.0 
 151 1362623688     287593 0 9 40.0 50.0 
 151 1362623688     297627 0 9 40.0 50.0 
 151 1362623688     307655 0 9 40.0 50.0 
 152 1362623688     317606 0 9 40.0 50.0 
 152 1362623688     327631 0 9 40.0 50.0 
 152 1362623688     337667 0 9 40.0 50.0 
 152 1362623688     347681 0 9 40.0 50.0 
 153 1362623688     357631 0 9 40.0 50.0 
 152 1362623688     367693 0 9 40.0 50.0 
 152 1362623688     377690 0 9 40.0 50.0 
 152 1362623688     387679 0 9 40.0 50.0 
 151 1362623688     397657 0 9 40.0 50.0 
 152 1362623688     407727 0 9 40.0 50.0 
 151 1362623688     417671 0 9 40.0 50.0 
 152 1362623688     427680 0 9 40.0 50.0 
 152 1362623688     437715 0 9 40.0 50.0 
 153 1362623688     447748 0 9 40.0 50.0 
 152 1362623688     457742 0 9 40.0 50.0 
 152 1362623688     467738 0 9 40.0 50.0 
 152 1362623688     477737 0 9 40.0 50.0 
 151 1362623688     487760 0 9 40.0 50.0 
 152 1362623688     497781 0 9 40.0 50.0 
 151 1362623688     507763 0 9 40.0 50.0 
 151 1362623688     517798 0 9 40.0 50.0 
 151 1362623688     527764 0 9 40.0 50.0 
 152 1362623688     537777 0 9 40.0 50.0 
 151 1362623688     547811 0 9 40.0 50.0 
 152 1362623688     557787 0 9 40.0 50.0 
 152 1362623688     567799 0 9 40.0 50.0 
 153 1362623688     577835 0 9 40.0 50.0 
 152 1362623688     587834 0 9 40.0 50.0 
 152 1362623688     597808 0 9 40.0 50.0 
 151 1362623688     607804 0 9 40.0 50.0 
 151 1362623688     617851 0 9 40.0 50.0 
 151 1362623688     627862 0 9 40.0 50.0 
 151 1362623688     637837 0 9 40.0 50.0 
 152 1362623688     647841 0 9 40.0 50.0 
 153 1362623688     657875 0 9 40.0 50.0 
 153 1362623688     667887 0 9 40.0 50.0 
 152 1362623688     677904 0 9 40.0 50.0 
 153 1362623688     687912 0 9 40.0 50.0 
 152 1362623688     697871 0 9 40.0 50.0 
 152 1362623688     707901 0 9 40.0 50.0 
 151 1362623688     717883 0 9 40.0 50.0 
 152 1362623688     727911 0 9 40.0 50.0 
 151 1362623688     737910 0 9 40.0 50.0 
 152 1362623688     747913 0 9 40.0 50.0 
 152 1362623688     757922 0 9 40.0 50.0 
 152 1362623688     767921 0 9 40.0 50.0 
 152 1362623688     777910 0 9 40.0 50.0 
 153 1362623688     787966 0 9 40.0 50.0 
 153 1362623688     797966 0 9 40.0 50.0 
 152 1362623688     807933 0 9 40.0 50.0 
 152 1362623688     817963 0 9 40.0 50.0 
 151 1362623688     827957 0 9 40.0 50.0 
 151 1362623688     838003 0 9 40.0 50.0 
 150 1362623688     848008 0 9 40.0 50.0 
 152 1362623688     857962 0 9 40.0 50.0 
 151 1362623688     868029 0 9 40.0 50.0 
 153 1362623688     878033 0 9 40.0 50.0 
 152 1362623688     887996 0 9 40.0 50.0 
 152 1362623688     898049 0 9 40.0 50.0 
 152 1362623688     908018 0 9 40.0 50.0 
 152 1362623688     918048 0 9 40.0 50.0 
 151 1362623688     928054 0 9 40.0 50.0 
 152 1362623688     938016 0 9 40.0 50.0 
 151 1362623688     948065 0 9 40.0 50.0 
 151 1362623688     958046 0 9 40.0 50.0 
 152 1362623688     968037 0 9 40.0 50.0 
 151 1362623688     978045 0 9 40.0 50.0 
 153 1362623688     988074 0 9 40.0 50.0 
 151 1362623688     998059 0 9 40.0 50.0 
 153 1362623689       8059 0 9 40.0 50.0 
 152 1362623689      18114 0 9 40.0 50.0 
 152 1362623689      28106 0 9 40.0 50.0 
 152 1362623689      38087 0 9 40.0 50.0 
 151 1362623689      48142 0 9 40.0 50.0 
 151 1362623689      58148 0 9 40.0 50.0 
 152 1362623689      68131 0 9 40.0 50.0 
 151 1362623689      78117 0 9 40.0 50.0 
 152 1362623689      88116 0 9 40.0 50.0 
 152 1362623689      98166 0 9 40.0 50.0 
 152 1362623689     108190 0 9 40.0 50.0 
 152 1362623689     118132 0 9 40.0 50.0 
 151 1362623689     128147 0 9 40.0 50.0 
 153 1362623689     138149 0 9 40.0 50.0 
 151 1362623689     148213 0 9 40.0 50.0 
 152 1362623689     158170 0 9 40.0 50.0 
 151 1362623689     168208 0 9 40.0 50.0 
 151 1362623689     178187 0 9 40.0 50.0 
 151 1362623689     188234 0 9 40.0 50.0 
 152 1362623689     198199 0 9 40.0 50.0 
 152 1362623689     208257 0 9 40.0 50.0 
 152 1362623689     218258 0 9 40.0 50.0 
 152 1362623689     228253 0 9 40.0 50.0 
 152 1362623689     238275 0 9 40.0 50.0 
 152 1362623689     248231 0 9 40.0 50.0 
 151 1362623689     258290 0 9 40.0 50.0 
 152 1362623689     268276 0 9 40.0 50.0 
 151 1362623689     278251 0 9 40.0 50.0 
 152 1362623689     288254 0 9 40.0 50.0 
 151 1362623689     298312 0 9 40.0 50.0 
 152 1362623689     308260 0 9 40.0 50.0 
 152 1362623689     318278 0 9 40.0 50.0 
 153 1362623689     328290 0 9 40.0 50.0 
 152 1362623689     338321 0 9 40.0 50.0 
 153 1362623689     348343 0 9 40.0 50.0 
 152 1362623689     358351 0 9 40.0 50.0 
 152 1362623689     368308 0 9 40.0 50.0 
 152 1362623689     378360 0 9 40.0 50.0 
 151 1362623689     388326 0 9 40.0 50.0 
 152 1362623689     398358 0 9 40.0 50.0 
 150 1362623689     408368 0 9 40.0 50.0 
 152 1362623689     418335 0 9 40.0 50.0 
 152 1362623689     428390 0 9 40.0 50.0 
 153 1362623689     438400 0 9 40.0 50.0 
 152 1362623689     448357 0 9 40.0 50.0 
 152 1362623689     458375 0 9 40.0 50.0 
 152 1362623689     468365 0 9 40.0 50.0 
 151 1362623689     478393 0 9 40.0 50.0 
 151 1362623689     488406 0 9 40.0 50.0 
 151 1362623689     498408 0 9 40.0 50.0 
 152 1362623689     508428 0 9 40.0 50.0 
 151 1362623689     518400 0 9 40.0 50.0 
 152 1362623689     528460 0 9 40.0 50.0 
 152 1362623689     538424 0 9 40.0 50.0 
 152 1362623689     548452 0 9 40.0 50.0 
 151 1362623689     558477 0 9 40.0 50.0 
 153 1362623689     568479 0 9 40.0 50.0 
 151 1362623689     578455 0 9 40.0 50.0 
 152 1362623689     588497 0 9 40.0 50.0 
 151 1362623689     598452 0 9 40.0 50.0 
 151 1362623689     608504 0 9 40.0 50.0 
 152 1362623689     618511 0 9 40.0 50.0 
 152 1362623689     628501 0 9 40.0 50.0 
 152 1362623689     638496 0 9 40.0 50.0 
 152 1362623689     648542 0 9 40.0 50.0 
 152 1362623689     658516 0 9 40.0 50.0 
 151 1362623689     668529 0 9 40.0 50.0 
 152 1362623689     678545 0 9 40.0 50.0 
 151 1362623689     688535 0 9 40.0 50.0 
 152 1362623689     698565 0 9 40.0 50.0 
 151 1362623689     708584 0 9 40.0 50.0 
 152 1362623689     718578 0 9 40.0 50.0 
 152 1362623689     728555 0 9 40.0 50.0 
 152 1362623689     738576 0 9 40.0 50.0 
 152 1362623689     748587 0 9 40.0 50.0 
 152 1362623689     758611 0 9 40.0 50.0 
 151 1362623689     768574 0 9 40.0 50.0 
 152 1362623689     778574 0 9 40.0 50.0 
 151 1362623689     788622 0 9 40.0 50.0 
 152 1362623689     798646 0 9 40.0 50.0 
 152 1362623689     808618 0 9 40.0 50.0 
 152 1362623689     818658 0 9 40.0 50.0 
 153 1362623689     828637 0 9 40.0 50.0 
 152 1362623689     838619 0 9 40.0 50.0 
 153 1362623689     848616 0 9 40.0 50.0 
 152 1362623689     858680 0 9 40.0 50.0 
 152 1362623689     868641 0 9 40.0 50.0 
 151 1362623689     878635 0 9 40.0 50.0 
 151 1362623689     888702 0 9 40.0 50.0 
 151 1362623689     898650 0 9 40.0 50.0 
 152 1362623689     908690 0 9 40.0 50.0 
 152 1362623689     918680 0 9 40.0 50.0 
 152 1362623689     928695 0 9 40.0 50.0 
 152 1362623689     938684 0 9 40.0 50.0 
 152 1362623689     948729 0 9 40.0 50.0 
 152 1362623689     958740 0 9 40.0 50.0 
 151 1362623689     968712 0 9 40.0 50.0 
 153 1362623689     978763 0 9 40.0 50.0 
 151 1362623689     988772 0 9 40.0 50.0 
 152 1362623689     998769 0 9 40.0 50.0 
 151 1362623690       8759 0 9 40.0 50.0 
 152 1362623690      18762 0 9 40.0 50.0 
 151 1362623690      28765 0 9 40.0 50.0 
 151 1362623690      38760 0 9 40.0 50.0 
 152 1362623690      48806 0 9 40.0 50.0 
 152 1362623690      58793 0 9 40.0 50.0 
 152 1362623690      68788 0 9 40.0 50.0 
 152 1362623690      78801 0 9 40.0 50.0 
 152 1362623690      88799 0 9 40.0 50.0 
 152 1362623690      98805 0 9 40.0 50.0 
 152 1362623690     108840 0 9 40.0 50.0 
 151 1362623690     118798 0 9 40.0 50.0 
 152 1362623690     128828 0 9 40.0 50.0 
 151 1362623690     138839 0 9 40.0 50.0 
 152 1362623690     148863 0 9 40.0 50.0 
 152 1362623690     158871 0 9 40.0 50.0 
 153 1362623690     168837 0 9 40.0 50.0 
 152 1362623690     178848 0 9 40.0 50.0 
 152 1362623690     188860 0 9 40.0 50.0 
 151 1362623690     198872 0 9 40.0 50.0 
 151 1362623690     208902 0 9 40.0 50.0 
 151 1362623690     218912 0 9 40.0 50.0 
 151 1362623690     228874 0 9 40.0 50.0 
 152 1362623690     238913 0 9 40.0 50.0 
 152 1362623690     248880 0 9 40.0 50.0 
 153 1362623690     258904 0 9 40.0 50.0 
 151 1362623690     268947 0 9 40.0 50.0 
