 286 1362624580      47141 1 2 40.0 50.0 
 286 1362624580      57007 1 2 40.0 50.0 
 286 1362624580      67092 1 2 40.0 50.0 
 285 1362624580      77071 1 2 40.0 50.0 
 286 1362624580      87088 1 2 40.0 50.0 
 285 1362624580      97147 1 2 40.0 50.0 
 285 1362624580     107138 1 2 40.0 50.0 
 285 1362624580     117095 1 2 40.0 50.0 
 285 1362624580     127103 1 2 40.0 50.0 
 286 1362624580     137170 1 2 40.0 50.0 
 285 1362624580     147158 1 2 40.0 50.0 
 286 1362624580     157118 1 2 40.0 50.0 
 286 1362624580     167208 1 2 40.0 50.0 
 286 1362624580     177218 1 2 40.0 50.0 
 286 1362624580     187104 1 2 40.0 50.0 
 286 1362624580     197071 1 2 40.0 50.0 
 285 1362624580     207155 1 2 40.0 50.0 
 286 1362624580     217107 1 2 40.0 50.0 
 286 1362624580     227128 1 2 40.0 50.0 
 286 1362624580     237138 1 2 40.0 50.0 
 286 1362624580     247153 1 2 40.0 50.0 
 286 1362624580     257153 1 2 40.0 50.0 
 285 1362624580     267109 1 2 40.0 50.0 
 285 1362624580     277148 1 2 40.0 50.0 
 285 1362624580     287180 1 2 40.0 50.0 
 286 1362624580     297144 1 2 40.0 50.0 
 286 1362624580     307172 1 2 40.0 50.0 
 286 1362624580     317143 1 2 40.0 50.0 
 286 1362624580     327170 1 2 40.0 50.0 
 285 1362624580     337186 1 2 40.0 50.0 
 286 1362624580     347163 1 2 40.0 50.0 
 285 1362624580     357167 1 2 40.0 50.0 
 285 1362624580     367187 1 2 40.0 50.0 
 286 1362624580     377207 1 2 40.0 50.0 
 285 1362624580     387233 1 2 40.0 50.0 
 286 1362624580     397258 1 2 40.0 50.0 
 285 1362624580     407259 1 2 40.0 50.0 
 286 1362624580     417272 1 2 40.0 50.0 
 286 1362624580     427244 1 2 40.0 50.0 
 286 1362624580     437284 1 2 40.0 50.0 
 285 1362624580     447243 1 2 40.0 50.0 
 286 1362624580     457265 1 2 40.0 50.0 
 285 1362624580     467281 1 2 40.0 50.0 
 285 1362624580     477255 1 2 40.0 50.0 
 286 1362624580     487297 1 2 40.0 50.0 
 285 1362624580     497319 1 2 40.0 50.0 
 286 1362624580     507333 1 2 40.0 50.0 
 286 1362624580     517308 1 2 40.0 50.0 
 285 1362624580     527345 1 2 40.0 50.0 
 285 1362624580     537311 1 2 40.0 50.0 
 285 1362624580     547322 1 2 40.0 50.0 
 286 1362624580     557341 1 2 40.0 50.0 
 286 1362624580     567308 1 2 40.0 50.0 
 286 1362624580     577321 1 2 40.0 50.0 
 286 1362624580     587334 1 2 40.0 50.0 
 285 1362624580     597336 1 2 40.0 50.0 
 285 1362624580     607362 1 2 40.0 50.0 
 286 1362624580     617383 1 2 40.0 50.0 
 286 1362624580     627393 1 2 40.0 50.0 
 286 1362624580     637404 1 2 40.0 50.0 
 286 1362624580     647356 1 2 40.0 50.0 
 286 1362624580     657368 1 2 40.0 50.0 
 286 1362624580     667375 1 2 40.0 50.0 
 285 1362624580     677394 1 2 40.0 50.0 
 285 1362624580     687435 1 2 40.0 50.0 
 286 1362624580     697446 1 2 40.0 50.0 
 285 1362624580     707442 1 2 40.0 50.0 
 286 1362624580     717468 1 2 40.0 50.0 
 286 1362624580     727474 1 2 40.0 50.0 
 285 1362624580     737426 1 2 40.0 50.0 
 285 1362624580     747452 1 2 40.0 50.0 
 286 1362624580     757497 1 2 40.0 50.0 
 286 1362624580     767454 1 2 40.0 50.0 
 286 1362624580     777473 1 2 40.0 50.0 
 285 1362624580     787493 1 2 40.0 50.0 
 286 1362624580     797466 1 2 40.0 50.0 
 285 1362624580     807489 1 2 40.0 50.0 
 286 1362624580     817514 1 2 40.0 50.0 
 286 1362624580     827474 1 2 40.0 50.0 
 286 1362624580     837511 1 2 40.0 50.0 
 286 1362624580     847555 1 2 40.0 50.0 
 286 1362624580     857563 1 2 40.0 50.0 
 285 1362624580     867511 1 2 40.0 50.0 
 285 1362624580     877540 1 2 40.0 50.0 
 285 1362624580     887554 1 2 40.0 50.0 
 285 1362624580     897576 1 2 40.0 50.0 
 286 1362624580     907589 1 2 40.0 50.0 
 285 1362624580     917599 1 2 40.0 50.0 
 285 1362624580     927605 1 2 40.0 50.0 
 286 1362624580     937550 1 2 40.0 50.0 
 285 1362624580     947594 1 2 40.0 50.0 
 286 1362624580     957621 1 2 40.0 50.0 
 286 1362624580     967619 1 2 40.0 50.0 
 286 1362624580     977636 1 2 40.0 50.0 
 286 1362624580     987603 1 2 40.0 50.0 
 286 1362624580     997662 1 2 40.0 50.0 
 286 1362624581       7607 1 2 40.0 50.0 
 286 1362624581      17642 1 2 40.0 50.0 
 286 1362624581      27628 1 2 40.0 50.0 
 286 1362624581      37664 1 2 40.0 50.0 
