 154 1362623394     173333 0 7 40.0 50.0 
 154 1362623394     183339 0 7 40.0 50.0 
 154 1362623394     193301 0 7 40.0 50.0 
 153 1362623394     203344 0 7 40.0 50.0 
 153 1362623394     213313 0 7 40.0 50.0 
 154 1362623394     223381 0 7 40.0 50.0 
 154 1362623394     233359 0 7 40.0 50.0 
 153 1362623394     243331 0 7 40.0 50.0 
 154 1362623394     253348 0 7 40.0 50.0 
 153 1362623394     263381 0 7 40.0 50.0 
 153 1362623394     273370 0 7 40.0 50.0 
 153 1362623394     283422 0 7 40.0 50.0 
 153 1362623394     293394 0 7 40.0 50.0 
 153 1362623394     303422 0 7 40.0 50.0 
 153 1362623394     313394 0 7 40.0 50.0 
 153 1362623394     323393 0 7 40.0 50.0 
 153 1362623394     333426 0 7 40.0 50.0 
 154 1362623394     343462 0 7 40.0 50.0 
 153 1362623394     353426 0 7 40.0 50.0 
 153 1362623394     363430 0 7 40.0 50.0 
 153 1362623394     373465 0 7 40.0 50.0 
 154 1362623394     383433 0 7 40.0 50.0 
 154 1362623394     393470 0 7 40.0 50.0 
 153 1362623394     403485 0 7 40.0 50.0 
 153 1362623394     413459 0 7 40.0 50.0 
 154 1362623394     423498 0 7 40.0 50.0 
 154 1362623394     433471 0 7 40.0 50.0 
 154 1362623394     443514 0 7 40.0 50.0 
 153 1362623394     453480 0 7 40.0 50.0 
 153 1362623394     463509 0 7 40.0 50.0 
 154 1362623394     473522 0 7 40.0 50.0 
 153 1362623394     483550 0 7 40.0 50.0 
 153 1362623394     493522 0 7 40.0 50.0 
 153 1362623394     503557 0 7 40.0 50.0 
 153 1362623394     513589 0 7 40.0 50.0 
 153 1362623394     523573 0 7 40.0 50.0 
 153 1362623394     533553 0 7 40.0 50.0 
 153 1362623394     543591 0 7 40.0 50.0 
 153 1362623394     553547 0 7 40.0 50.0 
 154 1362623394     563566 0 7 40.0 50.0 
 154 1362623394     573619 0 7 40.0 50.0 
 153 1362623394     583591 0 7 40.0 50.0 
 153 1362623394     593640 0 7 40.0 50.0 
 154 1362623394     603584 0 7 40.0 50.0 
 153 1362623394     613601 0 7 40.0 50.0 
 153 1362623394     623642 0 7 40.0 50.0 
 152 1362623394     633607 0 7 40.0 50.0 
 153 1362623394     643647 0 7 40.0 50.0 
 153 1362623394     653606 0 7 40.0 50.0 
 153 1362623394     663666 0 7 40.0 50.0 
 153 1362623394     673649 0 7 40.0 50.0 
 153 1362623394     683663 0 7 40.0 50.0 
 153 1362623394     693655 0 7 40.0 50.0 
 154 1362623394     703671 0 7 40.0 50.0 
 154 1362623394     713706 0 7 40.0 50.0 
 153 1362623394     723682 0 7 40.0 50.0 
 154 1362623394     733663 0 7 40.0 50.0 
 153 1362623394     743708 0 7 40.0 50.0 
 154 1362623394     753716 0 7 40.0 50.0 
 153 1362623394     763704 0 7 40.0 50.0 
 154 1362623394     773680 0 7 40.0 50.0 
 153 1362623394     783721 0 7 40.0 50.0 
 154 1362623394     793756 0 7 40.0 50.0 
 153 1362623394     803748 0 7 40.0 50.0 
 153 1362623394     813731 0 7 40.0 50.0 
 153 1362623394     823763 0 7 40.0 50.0 
 153 1362623394     833737 0 7 40.0 50.0 
 153 1362623394     843759 0 7 40.0 50.0 
 153 1362623394     853763 0 7 40.0 50.0 
 154 1362623394     863767 0 7 40.0 50.0 
 153 1362623394     873809 0 7 40.0 50.0 
 154 1362623394     883789 0 7 40.0 50.0 
 154 1362623394     893829 0 7 40.0 50.0 
 154 1362623394     903826 0 7 40.0 50.0 
 153 1362623394     913809 0 7 40.0 50.0 
 154 1362623394     923847 0 7 40.0 50.0 
 153 1362623394     933813 0 7 40.0 50.0 
 153 1362623394     943848 0 7 40.0 50.0 
 153 1362623394     953834 0 7 40.0 50.0 
 154 1362623394     963812 0 7 40.0 50.0 
 154 1362623394     973855 0 7 40.0 50.0 
 154 1362623394     983885 0 7 40.0 50.0 
 154 1362623394     993881 0 7 40.0 50.0 
 154 1362623395       3846 0 7 40.0 50.0 
 154 1362623395      13862 0 7 40.0 50.0 
 153 1362623395      23871 0 7 40.0 50.0 
 153 1362623395      33875 0 7 40.0 50.0 
 153 1362623395      43893 0 7 40.0 50.0 
 154 1362623395      53880 0 7 40.0 50.0 
 153 1362623395      63886 0 7 40.0 50.0 
 153 1362623395      73905 0 7 40.0 50.0 
 153 1362623395      83908 0 7 40.0 50.0 
 154 1362623395      93913 0 7 40.0 50.0 
 153 1362623395     103935 0 7 40.0 50.0 
 153 1362623395     113912 0 7 40.0 50.0 
 154 1362623395     123956 0 7 40.0 50.0 
 154 1362623395     133982 0 7 40.0 50.0 
 154 1362623395     143961 0 7 40.0 50.0 
 153 1362623395     153942 0 7 40.0 50.0 
 154 1362623395     163998 0 7 40.0 50.0 
 153 1362623395     173972 0 7 40.0 50.0 
 154 1362623395     184014 0 7 40.0 50.0 
 153 1362623395     193993 0 7 40.0 50.0 
 153 1362623395     203991 0 7 40.0 50.0 
 153 1362623395     214024 0 7 40.0 50.0 
 153 1362623395     224038 0 7 40.0 50.0 
 153 1362623395     234031 0 7 40.0 50.0 
 153 1362623395     244062 0 7 40.0 50.0 
 154 1362623395     254030 0 7 40.0 50.0 
 154 1362623395     264072 0 7 40.0 50.0 
 154 1362623395     274050 0 7 40.0 50.0 
 154 1362623395     284083 0 7 40.0 50.0 
 154 1362623395     294052 0 7 40.0 50.0 
 153 1362623395     304062 0 7 40.0 50.0 
 154 1362623395     314084 0 7 40.0 50.0 
 153 1362623395     324043 0 7 40.0 50.0 
 153 1362623395     334075 0 7 40.0 50.0 
 153 1362623395     344119 0 7 40.0 50.0 
 154 1362623395     354128 0 7 40.0 50.0 
 154 1362623395     364090 0 7 40.0 50.0 
 153 1362623395     374134 0 7 40.0 50.0 
 153 1362623395     384153 0 7 40.0 50.0 
 153 1362623395     394121 0 7 40.0 50.0 
 154 1362623395     404116 0 7 40.0 50.0 
 153 1362623395     414154 0 7 40.0 50.0 
 153 1362623395     424125 0 7 40.0 50.0 
 153 1362623395     434171 0 7 40.0 50.0 
 154 1362623395     444133 0 7 40.0 50.0 
 153 1362623395     454144 0 7 40.0 50.0 
 153 1362623395     464191 0 7 40.0 50.0 
 153 1362623395     474164 0 7 40.0 50.0 
 154 1362623395     484194 0 7 40.0 50.0 
 154 1362623395     494215 0 7 40.0 50.0 
 153 1362623395     504168 0 7 40.0 50.0 
 154 1362623395     514208 0 7 40.0 50.0 
 154 1362623395     524238 0 7 40.0 50.0 
 154 1362623395     534216 0 7 40.0 50.0 
 153 1362623395     544255 0 7 40.0 50.0 
 153 1362623395     554264 0 7 40.0 50.0 
 153 1362623395     564220 0 7 40.0 50.0 
 154 1362623395     574253 0 7 40.0 50.0 
 153 1362623395     584264 0 7 40.0 50.0 
 153 1362623395     594229 0 7 40.0 50.0 
 154 1362623395     604235 0 7 40.0 50.0 
 154 1362623395     614278 0 7 40.0 50.0 
 153 1362623395     624256 0 7 40.0 50.0 
 154 1362623395     634312 0 7 40.0 50.0 
 154 1362623395     644275 0 7 40.0 50.0 
 153 1362623395     654268 0 7 40.0 50.0 
 153 1362623395     664320 0 7 40.0 50.0 
 153 1362623395     674344 0 7 40.0 50.0 
 153 1362623395     684322 0 7 40.0 50.0 
 153 1362623395     694340 0 7 40.0 50.0 
 154 1362623395     704326 0 7 40.0 50.0 
 153 1362623395     714320 0 7 40.0 50.0 
 154 1362623395     724350 0 7 40.0 50.0 
 153 1362623395     734383 0 7 40.0 50.0 
 154 1362623395     744336 0 7 40.0 50.0 
 153 1362623395     754339 0 7 40.0 50.0 
 154 1362623395     764359 0 7 40.0 50.0 
 153 1362623395     774391 0 7 40.0 50.0 
 153 1362623395     784410 0 7 40.0 50.0 
 153 1362623395     794387 0 7 40.0 50.0 
 153 1362623395     804381 0 7 40.0 50.0 
 154 1362623395     814425 0 7 40.0 50.0 
 153 1362623395     824404 0 7 40.0 50.0 
 153 1362623395     834437 0 7 40.0 50.0 
 153 1362623395     844404 0 7 40.0 50.0 
 154 1362623395     854405 0 7 40.0 50.0 
 153 1362623395     864443 0 7 40.0 50.0 
 154 1362623395     874460 0 7 40.0 50.0 
 153 1362623395     884417 0 7 40.0 50.0 
 153 1362623395     894443 0 7 40.0 50.0 
 153 1362623395     904446 0 7 40.0 50.0 
 153 1362623395     914462 0 7 40.0 50.0 
 154 1362623395     924495 0 7 40.0 50.0 
 154 1362623395     934457 0 7 40.0 50.0 
 153 1362623395     944473 0 7 40.0 50.0 
 153 1362623395     954480 0 7 40.0 50.0 
 154 1362623395     964478 0 7 40.0 50.0 
 153 1362623395     974525 0 7 40.0 50.0 
 153 1362623395     984498 0 7 40.0 50.0 
 152 1362623395     994515 0 7 40.0 50.0 
 153 1362623396       4538 0 7 40.0 50.0 
 153 1362623396      14559 0 7 40.0 50.0 
 153 1362623396      24517 0 7 40.0 50.0 
 153 1362623396      34579 0 7 40.0 50.0 
 153 1362623396      44538 0 7 40.0 50.0 
 154 1362623396      54546 0 7 40.0 50.0 
 154 1362623396      64584 0 7 40.0 50.0 
 153 1362623396      74552 0 7 40.0 50.0 
 153 1362623396      84561 0 7 40.0 50.0 
 153 1362623396      94582 0 7 40.0 50.0 
 153 1362623396     104606 0 7 40.0 50.0 
 153 1362623396     114584 0 7 40.0 50.0 
 153 1362623396     124599 0 7 40.0 50.0 
 153 1362623396     134632 0 7 40.0 50.0 
 153 1362623396     144643 0 7 40.0 50.0 
 153 1362623396     154598 0 7 40.0 50.0 
 153 1362623396     164640 0 7 40.0 50.0 
 153 1362623396     174630 0 7 40.0 50.0 
 154 1362623396     184653 0 7 40.0 50.0 
 154 1362623396     194691 0 7 40.0 50.0 
 153 1362623396     204649 0 7 40.0 50.0 
 153 1362623396     214689 0 7 40.0 50.0 
 153 1362623396     224709 0 7 40.0 50.0 
 153 1362623396     234698 0 7 40.0 50.0 
 153 1362623396     244723 0 7 40.0 50.0 
 153 1362623396     254675 0 7 40.0 50.0 
 153 1362623396     264681 0 7 40.0 50.0 
 153 1362623396     274707 0 7 40.0 50.0 
 153 1362623396     284679 0 7 40.0 50.0 
 153 1362623396     294725 0 7 40.0 50.0 
 153 1362623396     304714 0 7 40.0 50.0 
 154 1362623396     314753 0 7 40.0 50.0 
 154 1362623396     324699 0 7 40.0 50.0 
 154 1362623396     334757 0 7 40.0 50.0 
 153 1362623396     344722 0 7 40.0 50.0 
 154 1362623396     354736 0 7 40.0 50.0 
 153 1362623396     364728 0 7 40.0 50.0 
 154 1362623396     374784 0 7 40.0 50.0 
 153 1362623396     384781 0 7 40.0 50.0 
 153 1362623396     394799 0 7 40.0 50.0 
 153 1362623396     404774 0 7 40.0 50.0 
 153 1362623396     414793 0 7 40.0 50.0 
 153 1362623396     424821 0 7 40.0 50.0 
 153 1362623396     434815 0 7 40.0 50.0 
 153 1362623396     444836 0 7 40.0 50.0 
 154 1362623396     454802 0 7 40.0 50.0 
 153 1362623396     464839 0 7 40.0 50.0 
 153 1362623396     474793 0 7 40.0 50.0 
 154 1362623396     484852 0 7 40.0 50.0 
 153 1362623396     494853 0 7 40.0 50.0 
 154 1362623396     504871 0 7 40.0 50.0 
 154 1362623396     514874 0 7 40.0 50.0 
 153 1362623396     524864 0 7 40.0 50.0 
 153 1362623396     534852 0 7 40.0 50.0 
 154 1362623396     544850 0 7 40.0 50.0 
 153 1362623396     554864 0 7 40.0 50.0 
 153 1362623396     564895 0 7 40.0 50.0 
 153 1362623396     574878 0 7 40.0 50.0 
 153 1362623396     584909 0 7 40.0 50.0 
 154 1362623396     594904 0 7 40.0 50.0 
 154 1362623396     604940 0 7 40.0 50.0 
 153 1362623396     614915 0 7 40.0 50.0 
 154 1362623396     624917 0 7 40.0 50.0 
 154 1362623396     634959 0 7 40.0 50.0 
 154 1362623396     644966 0 7 40.0 50.0 
 153 1362623396     654912 0 7 40.0 50.0 
 153 1362623396     664924 0 7 40.0 50.0 
 154 1362623396     674960 0 7 40.0 50.0 
 153 1362623396     684941 0 7 40.0 50.0 
 153 1362623396     694990 0 7 40.0 50.0 
 153 1362623396     704963 0 7 40.0 50.0 
 153 1362623396     714980 0 7 40.0 50.0 
 153 1362623396     724986 0 7 40.0 50.0 
 153 1362623396     734999 0 7 40.0 50.0 
 153 1362623396     744983 0 7 40.0 50.0 
 154 1362623396     755016 0 7 40.0 50.0 
 154 1362623396     765034 0 7 40.0 50.0 
 154 1362623396     775023 0 7 40.0 50.0 
 154 1362623396     785010 0 7 40.0 50.0 
 153 1362623396     795040 0 7 40.0 50.0 
 154 1362623396     805065 0 7 40.0 50.0 
 153 1362623396     815047 0 7 40.0 50.0 
 154 1362623396     825035 0 7 40.0 50.0 
 153 1362623396     835054 0 7 40.0 50.0 
 154 1362623396     845035 0 7 40.0 50.0 
 153 1362623396     855077 0 7 40.0 50.0 
 153 1362623396     865094 0 7 40.0 50.0 
 153 1362623396     875104 0 7 40.0 50.0 
 153 1362623396     885104 0 7 40.0 50.0 
 153 1362623396     895116 0 7 40.0 50.0 
 153 1362623396     905108 0 7 40.0 50.0 
 154 1362623396     915114 0 7 40.0 50.0 
 154 1362623396     925116 0 7 40.0 50.0 
 153 1362623396     935096 0 7 40.0 50.0 
 153 1362623396     945143 0 7 40.0 50.0 
 154 1362623396     955118 0 7 40.0 50.0 
 153 1362623396     965118 0 7 40.0 50.0 
 154 1362623396     975154 0 7 40.0 50.0 
 153 1362623396     985142 0 7 40.0 50.0 
 154 1362623396     995180 0 7 40.0 50.0 
 153 1362623397       5146 0 7 40.0 50.0 
 153 1362623397      15192 0 7 40.0 50.0 
 153 1362623397      25216 0 7 40.0 50.0 
 153 1362623397      35198 0 7 40.0 50.0 
 153 1362623397      45198 0 7 40.0 50.0 
 153 1362623397      55210 0 7 40.0 50.0 
 154 1362623397      65220 0 7 40.0 50.0 
 153 1362623397      75207 0 7 40.0 50.0 
 154 1362623397      85227 0 7 40.0 50.0 
 153 1362623397      95224 0 7 40.0 50.0 
 154 1362623397     105217 0 7 40.0 50.0 
 153 1362623397     115258 0 7 40.0 50.0 
 154 1362623397     125249 0 7 40.0 50.0 
 153 1362623397     135227 0 7 40.0 50.0 
 154 1362623397     145243 0 7 40.0 50.0 
 153 1362623397     155273 0 7 40.0 50.0 
 153 1362623397     165248 0 7 40.0 50.0 
 153 1362623397     175258 0 7 40.0 50.0 
 154 1362623397     185318 0 7 40.0 50.0 
 153 1362623397     195294 0 7 40.0 50.0 
 153 1362623397     205310 0 7 40.0 50.0 
 154 1362623397     215318 0 7 40.0 50.0 
 153 1362623397     225294 0 7 40.0 50.0 
 154 1362623397     235330 0 7 40.0 50.0 
 153 1362623397     245302 0 7 40.0 50.0 
 153 1362623397     255315 0 7 40.0 50.0 
 153 1362623397     265319 0 7 40.0 50.0 
 153 1362623397     275354 0 7 40.0 50.0 
 153 1362623397     285387 0 7 40.0 50.0 
 153 1362623397     295386 0 7 40.0 50.0 
 153 1362623397     305340 0 7 40.0 50.0 
 153 1362623397     315370 0 7 40.0 50.0 
 153 1362623397     325415 0 7 40.0 50.0 
 154 1362623397     335379 0 7 40.0 50.0 
 154 1362623397     345386 0 7 40.0 50.0 
 154 1362623397     355407 0 7 40.0 50.0 
 153 1362623397     365415 0 7 40.0 50.0 
 153 1362623397     375442 0 7 40.0 50.0 
 154 1362623397     385455 0 7 40.0 50.0 
 153 1362623397     395461 0 7 40.0 50.0 
 154 1362623397     405412 0 7 40.0 50.0 
 153 1362623397     415450 0 7 40.0 50.0 
 154 1362623397     425478 0 7 40.0 50.0 
 154 1362623397     435466 0 7 40.0 50.0 
 154 1362623397     445437 0 7 40.0 50.0 
 154 1362623397     455483 0 7 40.0 50.0 
 154 1362623397     465489 0 7 40.0 50.0 
 153 1362623397     475461 0 7 40.0 50.0 
 153 1362623397     485471 0 7 40.0 50.0 
 153 1362623397     495518 0 7 40.0 50.0 
 153 1362623397     505538 0 7 40.0 50.0 
 154 1362623397     515518 0 7 40.0 50.0 
 153 1362623397     525543 0 7 40.0 50.0 
 153 1362623397     535533 0 7 40.0 50.0 
 153 1362623397     545544 0 7 40.0 50.0 
 154 1362623397     555558 0 7 40.0 50.0 
 153 1362623397     565565 0 7 40.0 50.0 
 153 1362623397     575546 0 7 40.0 50.0 
 153 1362623397     585546 0 7 40.0 50.0 
 153 1362623397     595575 0 7 40.0 50.0 
 153 1362623397     605562 0 7 40.0 50.0 
 153 1362623397     615566 0 7 40.0 50.0 
 153 1362623397     625564 0 7 40.0 50.0 
 153 1362623397     635560 0 7 40.0 50.0 
 153 1362623397     645600 0 7 40.0 50.0 
 154 1362623397     655623 0 7 40.0 50.0 
 154 1362623397     665619 0 7 40.0 50.0 
 153 1362623397     675607 0 7 40.0 50.0 
 154 1362623397     685611 0 7 40.0 50.0 
 153 1362623397     695609 0 7 40.0 50.0 
 154 1362623397     705617 0 7 40.0 50.0 
 154 1362623397     715619 0 7 40.0 50.0 
 154 1362623397     725681 0 7 40.0 50.0 
 153 1362623397     735653 0 7 40.0 50.0 
 154 1362623397     745673 0 7 40.0 50.0 
 153 1362623397     755675 0 7 40.0 50.0 
 154 1362623397     765652 0 7 40.0 50.0 
 153 1362623397     775657 0 7 40.0 50.0 
 154 1362623397     785706 0 7 40.0 50.0 
 153 1362623397     795716 0 7 40.0 50.0 
 154 1362623397     805705 0 7 40.0 50.0 
 153 1362623397     815724 0 7 40.0 50.0 
 153 1362623397     825703 0 7 40.0 50.0 
 153 1362623397     835750 0 7 40.0 50.0 
 153 1362623397     845699 0 7 40.0 50.0 
 154 1362623397     855752 0 7 40.0 50.0 
 153 1362623397     865760 0 7 40.0 50.0 
 154 1362623397     875730 0 7 40.0 50.0 
 153 1362623397     885770 0 7 40.0 50.0 
 153 1362623397     895757 0 7 40.0 50.0 
 153 1362623397     905787 0 7 40.0 50.0 
 154 1362623397     915776 0 7 40.0 50.0 
 153 1362623397     925784 0 7 40.0 50.0 
 153 1362623397     935759 0 7 40.0 50.0 
 153 1362623397     945767 0 7 40.0 50.0 
 153 1362623397     955802 0 7 40.0 50.0 
 154 1362623397     965805 0 7 40.0 50.0 
 153 1362623397     975811 0 7 40.0 50.0 
 154 1362623397     985804 0 7 40.0 50.0 
 153 1362623397     995856 0 7 40.0 50.0 
 154 1362623398       5812 0 7 40.0 50.0 
 153 1362623398      15862 0 7 40.0 50.0 
 154 1362623398      25863 0 7 40.0 50.0 
 153 1362623398      35831 0 7 40.0 50.0 
 154 1362623398      45833 0 7 40.0 50.0 
 153 1362623398      55842 0 7 40.0 50.0 
 153 1362623398      65905 0 7 40.0 50.0 
 153 1362623398      75850 0 7 40.0 50.0 
 154 1362623398      85878 0 7 40.0 50.0 
 154 1362623398      95912 0 7 40.0 50.0 
 153 1362623398     105909 0 7 40.0 50.0 
 154 1362623398     115886 0 7 40.0 50.0 
 153 1362623398     125891 0 7 40.0 50.0 
 154 1362623398     135910 0 7 40.0 50.0 
 153 1362623398     145896 0 7 40.0 50.0 
 154 1362623398     155928 0 7 40.0 50.0 
 153 1362623398     165954 0 7 40.0 50.0 
 154 1362623398     175940 0 7 40.0 50.0 
 153 1362623398     185934 0 7 40.0 50.0 
 154 1362623398     195978 0 7 40.0 50.0 
 154 1362623398     205966 0 7 40.0 50.0 
 154 1362623398     215960 0 7 40.0 50.0 
 153 1362623398     225996 0 7 40.0 50.0 
 154 1362623398     235980 0 7 40.0 50.0 
 154 1362623398     246017 0 7 40.0 50.0 
 154 1362623398     255991 0 7 40.0 50.0 
 154 1362623398     266005 0 7 40.0 50.0 
 153 1362623398     276020 0 7 40.0 50.0 
 153 1362623398     286049 0 7 40.0 50.0 
 153 1362623398     296036 0 7 40.0 50.0 
 154 1362623398     306044 0 7 40.0 50.0 
 153 1362623398     316017 0 7 40.0 50.0 
 154 1362623398     326031 0 7 40.0 50.0 
 153 1362623398     336065 0 7 40.0 50.0 
 154 1362623398     346054 0 7 40.0 50.0 
 153 1362623398     356084 0 7 40.0 50.0 
 153 1362623398     366055 0 7 40.0 50.0 
 153 1362623398     376077 0 7 40.0 50.0 
 153 1362623398     386100 0 7 40.0 50.0 
 153 1362623398     396096 0 7 40.0 50.0 
 153 1362623398     406085 0 7 40.0 50.0 
 153 1362623398     416094 0 7 40.0 50.0 
 153 1362623398     426125 0 7 40.0 50.0 
 153 1362623398     436124 0 7 40.0 50.0 
 153 1362623398     446154 0 7 40.0 50.0 
 153 1362623398     456110 0 7 40.0 50.0 
 153 1362623398     466149 0 7 40.0 50.0 
 154 1362623398     476115 0 7 40.0 50.0 
 153 1362623398     486161 0 7 40.0 50.0 
 154 1362623398     496134 0 7 40.0 50.0 
 153 1362623398     506168 0 7 40.0 50.0 
 153 1362623398     516201 0 7 40.0 50.0 
 153 1362623398     526176 0 7 40.0 50.0 
 154 1362623398     536202 0 7 40.0 50.0 
 154 1362623398     546222 0 7 40.0 50.0 
 154 1362623398     556169 0 7 40.0 50.0 
 154 1362623398     566201 0 7 40.0 50.0 
 154 1362623398     576198 0 7 40.0 50.0 
 153 1362623398     586199 0 7 40.0 50.0 
 154 1362623398     596249 0 7 40.0 50.0 
 153 1362623398     606218 0 7 40.0 50.0 
 153 1362623398     616260 0 7 40.0 50.0 
 154 1362623398     626243 0 7 40.0 50.0 
 153 1362623398     636280 0 7 40.0 50.0 
 154 1362623398     646283 0 7 40.0 50.0 
 153 1362623398     656258 0 7 40.0 50.0 
 154 1362623398     666248 0 7 40.0 50.0 
 153 1362623398     676246 0 7 40.0 50.0 
 153 1362623398     686308 0 7 40.0 50.0 
 153 1362623398     696277 0 7 40.0 50.0 
 153 1362623398     706292 0 7 40.0 50.0 
 153 1362623398     716324 0 7 40.0 50.0 
 154 1362623398     726310 0 7 40.0 50.0 
 153 1362623398     736328 0 7 40.0 50.0 
 153 1362623398     746338 0 7 40.0 50.0 
 153 1362623398     756343 0 7 40.0 50.0 
 153 1362623398     766306 0 7 40.0 50.0 
 154 1362623398     776376 0 7 40.0 50.0 
 153 1362623398     786375 0 7 40.0 50.0 
 154 1362623398     796332 0 7 40.0 50.0 
 153 1362623398     806358 0 7 40.0 50.0 
 153 1362623398     816392 0 7 40.0 50.0 
 153 1362623398     826386 0 7 40.0 50.0 
 153 1362623398     836400 0 7 40.0 50.0 
 153 1362623398     846362 0 7 40.0 50.0 
 153 1362623398     856385 0 7 40.0 50.0 
 153 1362623398     866385 0 7 40.0 50.0 
 153 1362623398     876430 0 7 40.0 50.0 
 153 1362623398     886389 0 7 40.0 50.0 
 153 1362623398     896434 0 7 40.0 50.0 
 153 1362623398     906440 0 7 40.0 50.0 
 153 1362623398     916436 0 7 40.0 50.0 
 153 1362623398     926446 0 7 40.0 50.0 
 153 1362623398     936469 0 7 40.0 50.0 
 154 1362623398     946454 0 7 40.0 50.0 
 153 1362623398     956482 0 7 40.0 50.0 
 154 1362623398     966476 0 7 40.0 50.0 
 153 1362623398     976475 0 7 40.0 50.0 
 154 1362623398     986514 0 7 40.0 50.0 
 154 1362623398     996502 0 7 40.0 50.0 
 153 1362623399       6510 0 7 40.0 50.0 
 153 1362623399      16504 0 7 40.0 50.0 
 154 1362623399      26500 0 7 40.0 50.0 
 153 1362623399      36529 0 7 40.0 50.0 
 153 1362623399      46548 0 7 40.0 50.0 
 154 1362623399      56524 0 7 40.0 50.0 
 154 1362623399      66565 0 7 40.0 50.0 
 153 1362623399      76515 0 7 40.0 50.0 
 153 1362623399      86551 0 7 40.0 50.0 
 154 1362623399      96585 0 7 40.0 50.0 
 153 1362623399     106541 0 7 40.0 50.0 
 154 1362623399     116572 0 7 40.0 50.0 
 153 1362623399     126544 0 7 40.0 50.0 
 154 1362623399     136581 0 7 40.0 50.0 
 154 1362623399     146573 0 7 40.0 50.0 
 153 1362623399     156583 0 7 40.0 50.0 
 154 1362623399     166619 0 7 40.0 50.0 
 154 1362623399     176606 0 7 40.0 50.0 
 154 1362623399     186635 0 7 40.0 50.0 
 154 1362623399     196600 0 7 40.0 50.0 
 154 1362623399     206649 0 7 40.0 50.0 
 153 1362623399     216605 0 7 40.0 50.0 
 154 1362623399     226650 0 7 40.0 50.0 
 154 1362623399     236668 0 7 40.0 50.0 
 154 1362623399     246641 0 7 40.0 50.0 
 153 1362623399     256645 0 7 40.0 50.0 
 154 1362623399     266692 0 7 40.0 50.0 
 153 1362623399     276686 0 7 40.0 50.0 
 153 1362623399     286692 0 7 40.0 50.0 
 153 1362623399     296705 0 7 40.0 50.0 
 153 1362623399     306691 0 7 40.0 50.0 
 153 1362623399     316718 0 7 40.0 50.0 
 153 1362623399     326727 0 7 40.0 50.0 
 153 1362623399     336694 0 7 40.0 50.0 
 153 1362623399     346694 0 7 40.0 50.0 
 153 1362623399     356741 0 7 40.0 50.0 
 153 1362623399     366725 0 7 40.0 50.0 
 153 1362623399     376729 0 7 40.0 50.0 
 153 1362623399     386725 0 7 40.0 50.0 
 154 1362623399     396770 0 7 40.0 50.0 
 153 1362623399     406742 0 7 40.0 50.0 
 154 1362623399     416758 0 7 40.0 50.0 
 153 1362623399     426746 0 7 40.0 50.0 
 153 1362623399     436763 0 7 40.0 50.0 
 154 1362623399     446795 0 7 40.0 50.0 
 154 1362623399     456821 0 7 40.0 50.0 
 153 1362623399     466794 0 7 40.0 50.0 
 154 1362623399     476802 0 7 40.0 50.0 
 153 1362623399     486817 0 7 40.0 50.0 
 154 1362623399     496845 0 7 40.0 50.0 
 153 1362623399     506833 0 7 40.0 50.0 
 153 1362623399     516850 0 7 40.0 50.0 
 154 1362623399     526845 0 7 40.0 50.0 
 153 1362623399     536853 0 7 40.0 50.0 
 154 1362623399     546860 0 7 40.0 50.0 
 153 1362623399     556856 0 7 40.0 50.0 
 154 1362623399     566890 0 7 40.0 50.0 
 153 1362623399     576870 0 7 40.0 50.0 
 153 1362623399     586865 0 7 40.0 50.0 
 153 1362623399     596899 0 7 40.0 50.0 
 153 1362623399     606893 0 7 40.0 50.0 
 153 1362623399     616890 0 7 40.0 50.0 
 153 1362623399     626880 0 7 40.0 50.0 
 153 1362623399     636889 0 7 40.0 50.0 
 153 1362623399     646942 0 7 40.0 50.0 
 154 1362623399     656931 0 7 40.0 50.0 
 153 1362623399     666941 0 7 40.0 50.0 
 154 1362623399     676931 0 7 40.0 50.0 
 153 1362623399     686929 0 7 40.0 50.0 
 154 1362623399     696937 0 7 40.0 50.0 
 153 1362623399     706962 0 7 40.0 50.0 
 154 1362623399     716987 0 7 40.0 50.0 
 154 1362623399     726945 0 7 40.0 50.0 
 154 1362623399     736960 0 7 40.0 50.0 
 154 1362623399     746982 0 7 40.0 50.0 
 154 1362623399     756985 0 7 40.0 50.0 
 153 1362623399     767010 0 7 40.0 50.0 
 154 1362623399     777035 0 7 40.0 50.0 
 154 1362623399     787010 0 7 40.0 50.0 
 154 1362623399     797041 0 7 40.0 50.0 
 153 1362623399     807009 0 7 40.0 50.0 
 153 1362623399     817041 0 7 40.0 50.0 
 153 1362623399     827028 0 7 40.0 50.0 
 153 1362623399     837070 0 7 40.0 50.0 
 154 1362623399     847040 0 7 40.0 50.0 
 153 1362623399     857087 0 7 40.0 50.0 
 154 1362623399     867089 0 7 40.0 50.0 
 153 1362623399     877067 0 7 40.0 50.0 
 154 1362623399     887090 0 7 40.0 50.0 
 153 1362623399     897090 0 7 40.0 50.0 
 153 1362623399     907080 0 7 40.0 50.0 
 153 1362623399     917078 0 7 40.0 50.0 
 153 1362623399     927072 0 7 40.0 50.0 
 153 1362623399     937116 0 7 40.0 50.0 
 154 1362623399     947087 0 7 40.0 50.0 
 154 1362623399     957112 0 7 40.0 50.0 
 154 1362623399     967109 0 7 40.0 50.0 
 154 1362623399     977161 0 7 40.0 50.0 
 153 1362623399     987127 0 7 40.0 50.0 
 154 1362623399     997158 0 7 40.0 50.0 
 153 1362623400       7159 0 7 40.0 50.0 
 154 1362623400      17178 0 7 40.0 50.0 
 153 1362623400      27188 0 7 40.0 50.0 
 154 1362623400      37176 0 7 40.0 50.0 
 153 1362623400      47166 0 7 40.0 50.0 
 154 1362623400      57185 0 7 40.0 50.0 
 153 1362623400      67174 0 7 40.0 50.0 
 154 1362623400      77198 0 7 40.0 50.0 
 154 1362623400      87194 0 7 40.0 50.0 
 153 1362623400      97203 0 7 40.0 50.0 
 154 1362623400     107230 0 7 40.0 50.0 
 153 1362623400     117258 0 7 40.0 50.0 
 153 1362623400     127251 0 7 40.0 50.0 
 153 1362623400     137236 0 7 40.0 50.0 
 154 1362623400     147254 0 7 40.0 50.0 
 153 1362623400     157251 0 7 40.0 50.0 
 154 1362623400     167279 0 7 40.0 50.0 
 153 1362623400     177279 0 7 40.0 50.0 
 154 1362623400     187257 0 7 40.0 50.0 
 153 1362623400     197268 0 7 40.0 50.0 
 153 1362623400     207311 0 7 40.0 50.0 
 153 1362623400     217274 0 7 40.0 50.0 
 153 1362623400     227315 0 7 40.0 50.0 
 153 1362623400     237324 0 7 40.0 50.0 
 153 1362623400     247311 0 7 40.0 50.0 
 153 1362623400     257315 0 7 40.0 50.0 
 153 1362623400     267311 0 7 40.0 50.0 
 153 1362623400     277327 0 7 40.0 50.0 
 153 1362623400     287336 0 7 40.0 50.0 
 153 1362623400     297340 0 7 40.0 50.0 
 153 1362623400     307376 0 7 40.0 50.0 
 154 1362623400     317342 0 7 40.0 50.0 
 153 1362623400     327351 0 7 40.0 50.0 
 154 1362623400     337388 0 7 40.0 50.0 
 153 1362623400     347385 0 7 40.0 50.0 
 154 1362623400     357415 0 7 40.0 50.0 
 154 1362623400     367423 0 7 40.0 50.0 
 154 1362623400     377407 0 7 40.0 50.0 
 153 1362623400     387401 0 7 40.0 50.0 
 154 1362623400     397407 0 7 40.0 50.0 
 153 1362623400     407397 0 7 40.0 50.0 
 153 1362623400     417416 0 7 40.0 50.0 
 154 1362623400     427457 0 7 40.0 50.0 
 153 1362623400     437463 0 7 40.0 50.0 
 153 1362623400     447445 0 7 40.0 50.0 
 153 1362623400     457454 0 7 40.0 50.0 
 153 1362623400     467485 0 7 40.0 50.0 
 153 1362623400     477443 0 7 40.0 50.0 
 154 1362623400     487480 0 7 40.0 50.0 
 153 1362623400     497510 0 7 40.0 50.0 
 153 1362623400     507501 0 7 40.0 50.0 
 153 1362623400     517472 0 7 40.0 50.0 
 153 1362623400     527514 0 7 40.0 50.0 
 153 1362623400     537495 0 7 40.0 50.0 
 154 1362623400     547523 0 7 40.0 50.0 
 153 1362623400     557544 0 7 40.0 50.0 
 154 1362623400     567509 0 7 40.0 50.0 
 154 1362623400     577536 0 7 40.0 50.0 
 153 1362623400     587532 0 7 40.0 50.0 
 154 1362623400     597531 0 7 40.0 50.0 
 153 1362623400     607581 0 7 40.0 50.0 
 154 1362623400     617546 0 7 40.0 50.0 
 153 1362623400     627587 0 7 40.0 50.0 
 154 1362623400     637583 0 7 40.0 50.0 
 153 1362623400     647577 0 7 40.0 50.0 
 153 1362623400     657606 0 7 40.0 50.0 
 153 1362623400     667586 0 7 40.0 50.0 
 153 1362623400     677601 0 7 40.0 50.0 
 153 1362623400     687612 0 7 40.0 50.0 
 153 1362623400     697642 0 7 40.0 50.0 
 153 1362623400     707626 0 7 40.0 50.0 
 154 1362623400     717631 0 7 40.0 50.0 
 153 1362623400     727633 0 7 40.0 50.0 
 153 1362623400     737609 0 7 40.0 50.0 
 154 1362623400     747614 0 7 40.0 50.0 
 153 1362623400     757653 0 7 40.0 50.0 
 154 1362623400     767632 0 7 40.0 50.0 
 153 1362623400     777654 0 7 40.0 50.0 
 153 1362623400     787683 0 7 40.0 50.0 
 153 1362623400     797699 0 7 40.0 50.0 
 154 1362623400     807697 0 7 40.0 50.0 
 153 1362623400     817678 0 7 40.0 50.0 
 153 1362623400     827724 0 7 40.0 50.0 
 153 1362623400     837708 0 7 40.0 50.0 
 153 1362623400     847684 0 7 40.0 50.0 
 154 1362623400     857708 0 7 40.0 50.0 
 153 1362623400     867720 0 7 40.0 50.0 
 154 1362623400     877708 0 7 40.0 50.0 
 154 1362623400     887756 0 7 40.0 50.0 
 154 1362623400     897734 0 7 40.0 50.0 
 154 1362623400     907730 0 7 40.0 50.0 
 153 1362623400     917772 0 7 40.0 50.0 
 153 1362623400     927768 0 7 40.0 50.0 
 154 1362623400     937801 0 7 40.0 50.0 
 153 1362623400     947807 0 7 40.0 50.0 
 153 1362623400     957772 0 7 40.0 50.0 
 153 1362623400     967771 0 7 40.0 50.0 
 154 1362623400     977797 0 7 40.0 50.0 
 153 1362623400     987788 0 7 40.0 50.0 
 153 1362623400     997797 0 7 40.0 50.0 
 154 1362623401       7812 0 7 40.0 50.0 
 154 1362623401      17793 0 7 40.0 50.0 
 153 1362623401      27815 0 7 40.0 50.0 
 153 1362623401      37850 0 7 40.0 50.0 
 153 1362623401      47810 0 7 40.0 50.0 
 154 1362623401      57837 0 7 40.0 50.0 
 153 1362623401      67850 0 7 40.0 50.0 
 153 1362623401      77839 0 7 40.0 50.0 
 154 1362623401      87850 0 7 40.0 50.0 
 154 1362623401      97907 0 7 40.0 50.0 
 154 1362623401     107868 0 7 40.0 50.0 
 153 1362623401     117860 0 7 40.0 50.0 
 154 1362623401     127952 0 7 40.0 50.0 
 153 1362623401     137898 0 7 40.0 50.0 
 153 1362623401     147916 0 7 40.0 50.0 
 153 1362623401     157899 0 7 40.0 50.0 
 153 1362623401     167910 0 7 40.0 50.0 
 153 1362623401     177930 0 7 40.0 50.0 
 154 1362623401     187949 0 7 40.0 50.0 
 153 1362623401     197969 0 7 40.0 50.0 
 154 1362623401     207969 0 7 40.0 50.0 
 153 1362623401     217943 0 7 40.0 50.0 
 153 1362623401     227977 0 7 40.0 50.0 
 154 1362623401     237966 0 7 40.0 50.0 
 153 1362623401     247997 0 7 40.0 50.0 
 153 1362623401     257992 0 7 40.0 50.0 
 153 1362623401     267980 0 7 40.0 50.0 
 154 1362623401     277979 0 7 40.0 50.0 
 153 1362623401     288015 0 7 40.0 50.0 
 153 1362623401     298042 0 7 40.0 50.0 
 154 1362623401     308031 0 7 40.0 50.0 
 154 1362623401     318030 0 7 40.0 50.0 
 153 1362623401     328005 0 7 40.0 50.0 
 154 1362623401     338016 0 7 40.0 50.0 
 154 1362623401     348017 0 7 40.0 50.0 
 154 1362623401     358039 0 7 40.0 50.0 
 153 1362623401     368070 0 7 40.0 50.0 
 153 1362623401     378088 0 7 40.0 50.0 
 153 1362623401     388056 0 7 40.0 50.0 
 153 1362623401     398052 0 7 40.0 50.0 
 154 1362623401     408082 0 7 40.0 50.0 
 153 1362623401     418081 0 7 40.0 50.0 
 154 1362623401     428067 0 7 40.0 50.0 
 153 1362623401     438104 0 7 40.0 50.0 
 154 1362623401     448094 0 7 40.0 50.0 
 153 1362623401     458128 0 7 40.0 50.0 
 154 1362623401     468128 0 7 40.0 50.0 
 153 1362623401     478137 0 7 40.0 50.0 
 153 1362623401     488103 0 7 40.0 50.0 
 153 1362623401     498150 0 7 40.0 50.0 
 154 1362623401     508172 0 7 40.0 50.0 
 154 1362623401     518149 0 7 40.0 50.0 
 154 1362623401     528140 0 7 40.0 50.0 
 154 1362623401     538161 0 7 40.0 50.0 
 153 1362623401     548161 0 7 40.0 50.0 
 154 1362623401     558212 0 7 40.0 50.0 
 153 1362623401     568159 0 7 40.0 50.0 
 153 1362623401     578211 0 7 40.0 50.0 
 153 1362623401     588214 0 7 40.0 50.0 
 154 1362623401     598220 0 7 40.0 50.0 
 153 1362623401     608238 0 7 40.0 50.0 
 153 1362623401     618207 0 7 40.0 50.0 
 154 1362623401     628242 0 7 40.0 50.0 
 153 1362623401     638223 0 7 40.0 50.0 
 153 1362623401     648231 0 7 40.0 50.0 
 154 1362623401     658277 0 7 40.0 50.0 
 153 1362623401     668265 0 7 40.0 50.0 
 153 1362623401     678238 0 7 40.0 50.0 
 154 1362623401     688294 0 7 40.0 50.0 
 154 1362623401     698245 0 7 40.0 50.0 
 154 1362623401     708309 0 7 40.0 50.0 
 153 1362623401     718263 0 7 40.0 50.0 
 153 1362623401     728301 0 7 40.0 50.0 
 153 1362623401     738332 0 7 40.0 50.0 
 154 1362623401     748330 0 7 40.0 50.0 
 153 1362623401     758315 0 7 40.0 50.0 
 153 1362623401     768332 0 7 40.0 50.0 
 154 1362623401     778314 0 7 40.0 50.0 
 154 1362623401     788310 0 7 40.0 50.0 
 153 1362623401     798368 0 7 40.0 50.0 
 154 1362623401     808317 0 7 40.0 50.0 
 153 1362623401     818334 0 7 40.0 50.0 
 153 1362623401     828386 0 7 40.0 50.0 
 153 1362623401     838386 0 7 40.0 50.0 
 153 1362623401     848346 0 7 40.0 50.0 
 154 1362623401     858353 0 7 40.0 50.0 
 153 1362623401     868377 0 7 40.0 50.0 
 154 1362623401     878379 0 7 40.0 50.0 
 153 1362623401     888387 0 7 40.0 50.0 
 154 1362623401     898390 0 7 40.0 50.0 
 153 1362623401     908425 0 7 40.0 50.0 
 153 1362623401     918394 0 7 40.0 50.0 
 153 1362623401     928423 0 7 40.0 50.0 
 153 1362623401     938434 0 7 40.0 50.0 
 153 1362623401     948427 0 7 40.0 50.0 
 154 1362623401     958417 0 7 40.0 50.0 
 154 1362623401     968423 0 7 40.0 50.0 
 154 1362623401     978459 0 7 40.0 50.0 
 153 1362623401     988454 0 7 40.0 50.0 
 153 1362623401     998475 0 7 40.0 50.0 
 154 1362623402       8459 0 7 40.0 50.0 
 153 1362623402      18517 0 7 40.0 50.0 
 153 1362623402      28515 0 7 40.0 50.0 
 153 1362623402      38481 0 7 40.0 50.0 
 154 1362623402      48533 0 7 40.0 50.0 
 153 1362623402      58503 0 7 40.0 50.0 
 153 1362623402      68522 0 7 40.0 50.0 
 154 1362623402      78552 0 7 40.0 50.0 
 153 1362623402      88524 0 7 40.0 50.0 
 153 1362623402      98570 0 7 40.0 50.0 
 153 1362623402     108534 0 7 40.0 50.0 
 154 1362623402     118552 0 7 40.0 50.0 
 154 1362623402     128551 0 7 40.0 50.0 
 154 1362623402     138562 0 7 40.0 50.0 
 153 1362623402     148600 0 7 40.0 50.0 
 154 1362623402     158547 0 7 40.0 50.0 
 153 1362623402     168626 0 7 40.0 50.0 
 154 1362623402     178578 0 7 40.0 50.0 
 153 1362623402     188609 0 7 40.0 50.0 
 154 1362623402     198622 0 7 40.0 50.0 
 153 1362623402     208610 0 7 40.0 50.0 
 153 1362623402     218587 0 7 40.0 50.0 
 153 1362623402     228597 0 7 40.0 50.0 
 154 1362623402     238628 0 7 40.0 50.0 
 153 1362623402     248626 0 7 40.0 50.0 
 153 1362623402     258651 0 7 40.0 50.0 
 153 1362623402     268661 0 7 40.0 50.0 
 153 1362623402     278645 0 7 40.0 50.0 
 154 1362623402     288681 0 7 40.0 50.0 
 153 1362623402     298666 0 7 40.0 50.0 
 154 1362623402     308664 0 7 40.0 50.0 
 153 1362623402     318709 0 7 40.0 50.0 
 154 1362623402     328706 0 7 40.0 50.0 
 153 1362623402     338703 0 7 40.0 50.0 
 154 1362623402     348726 0 7 40.0 50.0 
 153 1362623402     358688 0 7 40.0 50.0 
 153 1362623402     368706 0 7 40.0 50.0 
 153 1362623402     378708 0 7 40.0 50.0 
 154 1362623402     388738 0 7 40.0 50.0 
 154 1362623402     398719 0 7 40.0 50.0 
 154 1362623402     408726 0 7 40.0 50.0 
 153 1362623402     418728 0 7 40.0 50.0 
 153 1362623402     428726 0 7 40.0 50.0 
 154 1362623402     438778 0 7 40.0 50.0 
 153 1362623402     448763 0 7 40.0 50.0 
 153 1362623402     458796 0 7 40.0 50.0 
 153 1362623402     468754 0 7 40.0 50.0 
 154 1362623402     478813 0 7 40.0 50.0 
 153 1362623402     488823 0 7 40.0 50.0 
 154 1362623402     498829 0 7 40.0 50.0 
 154 1362623402     508797 0 7 40.0 50.0 
 154 1362623402     518839 0 7 40.0 50.0 
 153 1362623402     528804 0 7 40.0 50.0 
 153 1362623402     538805 0 7 40.0 50.0 
 154 1362623402     548865 0 7 40.0 50.0 
 153 1362623402     558845 0 7 40.0 50.0 
 153 1362623402     568875 0 7 40.0 50.0 
 153 1362623402     578871 0 7 40.0 50.0 
 154 1362623402     588888 0 7 40.0 50.0 
 153 1362623402     598844 0 7 40.0 50.0 
 153 1362623402     608846 0 7 40.0 50.0 
 153 1362623402     618893 0 7 40.0 50.0 
 153 1362623402     628891 0 7 40.0 50.0 
 153 1362623402     638893 0 7 40.0 50.0 
 153 1362623402     648910 0 7 40.0 50.0 
 153 1362623402     658918 0 7 40.0 50.0 
 153 1362623402     668920 0 7 40.0 50.0 
 153 1362623402     678937 0 7 40.0 50.0 
 153 1362623402     688940 0 7 40.0 50.0 
 154 1362623402     698947 0 7 40.0 50.0 
 154 1362623402     708938 0 7 40.0 50.0 
 154 1362623402     718925 0 7 40.0 50.0 
 152 1362623402     728983 0 7 40.0 50.0 
 154 1362623402     738984 0 7 40.0 50.0 
 153 1362623402     748944 0 7 40.0 50.0 
 153 1362623402     758978 0 7 40.0 50.0 
 153 1362623402     768963 0 7 40.0 50.0 
 154 1362623402     778992 0 7 40.0 50.0 
 154 1362623402     788987 0 7 40.0 50.0 
 153 1362623402     799032 0 7 40.0 50.0 
 154 1362623402     808979 0 7 40.0 50.0 
 154 1362623402     818997 0 7 40.0 50.0 
 153 1362623402     829017 0 7 40.0 50.0 
 153 1362623402     839026 0 7 40.0 50.0 
 153 1362623402     849050 0 7 40.0 50.0 
 153 1362623402     859034 0 7 40.0 50.0 
 154 1362623402     869066 0 7 40.0 50.0 
 153 1362623402     879069 0 7 40.0 50.0 
 154 1362623402     889079 0 7 40.0 50.0 
 153 1362623402     899054 0 7 40.0 50.0 
 154 1362623402     909074 0 7 40.0 50.0 
 153 1362623402     919068 0 7 40.0 50.0 
 153 1362623402     929067 0 7 40.0 50.0 
 153 1362623402     939082 0 7 40.0 50.0 
 153 1362623402     949117 0 7 40.0 50.0 
 153 1362623402     959122 0 7 40.0 50.0 
 153 1362623402     969124 0 7 40.0 50.0 
 154 1362623402     979095 0 7 40.0 50.0 
 153 1362623402     989111 0 7 40.0 50.0 
 154 1362623402     999144 0 7 40.0 50.0 
 153 1362623403       9139 0 7 40.0 50.0 
 154 1362623403      19138 0 7 40.0 50.0 
 153 1362623403      29150 0 7 40.0 50.0 
 153 1362623403      39187 0 7 40.0 50.0 
 153 1362623403      49173 0 7 40.0 50.0 
 154 1362623403      59198 0 7 40.0 50.0 
 154 1362623403      69159 0 7 40.0 50.0 
 153 1362623403      79211 0 7 40.0 50.0 
 154 1362623403      89171 0 7 40.0 50.0 
 153 1362623403      99167 0 7 40.0 50.0 
 154 1362623403     109187 0 7 40.0 50.0 
 153 1362623403     119234 0 7 40.0 50.0 
 154 1362623403     129194 0 7 40.0 50.0 
 153 1362623403     139226 0 7 40.0 50.0 
 153 1362623403     149244 0 7 40.0 50.0 
 153 1362623403     159225 0 7 40.0 50.0 
 154 1362623403     169236 0 7 40.0 50.0 
 154 1362623403     179267 0 7 40.0 50.0 
 154 1362623403     189227 0 7 40.0 50.0 
 153 1362623403     199255 0 7 40.0 50.0 
 153 1362623403     209252 0 7 40.0 50.0 
 153 1362623403     219256 0 7 40.0 50.0 
 153 1362623403     229277 0 7 40.0 50.0 
 154 1362623403     239294 0 7 40.0 50.0 
 154 1362623403     249290 0 7 40.0 50.0 
 155 1362623403     259349 0 7 40.0 50.0 
 153 1362623403     269324 0 7 40.0 50.0 
 153 1362623403     279308 0 7 40.0 50.0 
 153 1362623403     289322 0 7 40.0 50.0 
 153 1362623403     299311 0 7 40.0 50.0 
 153 1362623403     309316 0 7 40.0 50.0 
 154 1362623403     319339 0 7 40.0 50.0 
 154 1362623403     329377 0 7 40.0 50.0 
 153 1362623403     339343 0 7 40.0 50.0 
 154 1362623403     349345 0 7 40.0 50.0 
 153 1362623403     359364 0 7 40.0 50.0 
 153 1362623403     369390 0 7 40.0 50.0 
 153 1362623403     379372 0 7 40.0 50.0 
 154 1362623403     389422 0 7 40.0 50.0 
 153 1362623403     399422 0 7 40.0 50.0 
 153 1362623403     409401 0 7 40.0 50.0 
 153 1362623403     419435 0 7 40.0 50.0 
 153 1362623403     429422 0 7 40.0 50.0 
 153 1362623403     439426 0 7 40.0 50.0 
 153 1362623403     449428 0 7 40.0 50.0 
 153 1362623403     459406 0 7 40.0 50.0 
 153 1362623403     469459 0 7 40.0 50.0 
 154 1362623403     479421 0 7 40.0 50.0 
 153 1362623403     489451 0 7 40.0 50.0 
 154 1362623403     499482 0 7 40.0 50.0 
 154 1362623403     509500 0 7 40.0 50.0 
 153 1362623403     519484 0 7 40.0 50.0 
 153 1362623403     529501 0 7 40.0 50.0 
 153 1362623403     539473 0 7 40.0 50.0 
 154 1362623403     549522 0 7 40.0 50.0 
 154 1362623403     559526 0 7 40.0 50.0 
 154 1362623403     569499 0 7 40.0 50.0 
 153 1362623403     579506 0 7 40.0 50.0 
 154 1362623403     589528 0 7 40.0 50.0 
 153 1362623403     599501 0 7 40.0 50.0 
 153 1362623403     609559 0 7 40.0 50.0 
 153 1362623403     619514 0 7 40.0 50.0 
 153 1362623403     629529 0 7 40.0 50.0 
 153 1362623403     639559 0 7 40.0 50.0 
 154 1362623403     649581 0 7 40.0 50.0 
 153 1362623403     659595 0 7 40.0 50.0 
 154 1362623403     669573 0 7 40.0 50.0 
 153 1362623403     679561 0 7 40.0 50.0 
 153 1362623403     689605 0 7 40.0 50.0 
 153 1362623403     699603 0 7 40.0 50.0 
 153 1362623403     709611 0 7 40.0 50.0 
 153 1362623403     719632 0 7 40.0 50.0 
 153 1362623403     729645 0 7 40.0 50.0 
 154 1362623403     739647 0 7 40.0 50.0 
 153 1362623403     749608 0 7 40.0 50.0 
 153 1362623403     759640 0 7 40.0 50.0 
 153 1362623403     769671 0 7 40.0 50.0 
 154 1362623403     779622 0 7 40.0 50.0 
 153 1362623403     789680 0 7 40.0 50.0 
 153 1362623403     799648 0 7 40.0 50.0 
 153 1362623403     809646 0 7 40.0 50.0 
 153 1362623403     819649 0 7 40.0 50.0 
 154 1362623403     829657 0 7 40.0 50.0 
 153 1362623403     839676 0 7 40.0 50.0 
 154 1362623403     849685 0 7 40.0 50.0 
 154 1362623403     859713 0 7 40.0 50.0 
 154 1362623403     869691 0 7 40.0 50.0 
 153 1362623403     879716 0 7 40.0 50.0 
 153 1362623403     889731 0 7 40.0 50.0 
 153 1362623403     899765 0 7 40.0 50.0 
 153 1362623403     909765 0 7 40.0 50.0 
 153 1362623403     919712 0 7 40.0 50.0 
 153 1362623403     929752 0 7 40.0 50.0 
 154 1362623403     939776 0 7 40.0 50.0 
 153 1362623403     949767 0 7 40.0 50.0 
 154 1362623403     959774 0 7 40.0 50.0 
 153 1362623403     969752 0 7 40.0 50.0 
 154 1362623403     979811 0 7 40.0 50.0 
 153 1362623403     989795 0 7 40.0 50.0 
 154 1362623403     999798 0 7 40.0 50.0 
 153 1362623404       9817 0 7 40.0 50.0 
 154 1362623404      19822 0 7 40.0 50.0 
 153 1362623404      29823 0 7 40.0 50.0 
 154 1362623404      39819 0 7 40.0 50.0 
 154 1362623404      49803 0 7 40.0 50.0 
 154 1362623404      59848 0 7 40.0 50.0 
 154 1362623404      69872 0 7 40.0 50.0 
 153 1362623404      79836 0 7 40.0 50.0 
 154 1362623404      89844 0 7 40.0 50.0 
 153 1362623404      99859 0 7 40.0 50.0 
 153 1362623404     109897 0 7 40.0 50.0 
 153 1362623404     119869 0 7 40.0 50.0 
 153 1362623404     129876 0 7 40.0 50.0 
 153 1362623404     139904 0 7 40.0 50.0 
 154 1362623404     149898 0 7 40.0 50.0 
 153 1362623404     159890 0 7 40.0 50.0 
 153 1362623404     169911 0 7 40.0 50.0 
