 429 1362630702     807214 3 11 40.0 100.0 
 428 1362630702     817231 3 11 40.0 100.0 
 428 1362630702     827210 3 11 40.0 100.0 
 428 1362630702     837247 3 11 40.0 100.0 
 429 1362630702     847257 3 11 40.0 100.0 
 429 1362630702     857263 3 11 40.0 100.0 
 429 1362630702     867216 3 11 40.0 100.0 
 428 1362630702     877249 3 11 40.0 100.0 
 429 1362630702     887283 3 11 40.0 100.0 
 429 1362630702     897245 3 11 40.0 100.0 
 430 1362630702     907310 3 11 40.0 100.0 
 429 1362630702     917317 3 11 40.0 100.0 
 428 1362630702     927285 3 11 40.0 100.0 
 429 1362630702     937317 3 11 40.0 100.0 
 428 1362630702     947270 3 11 40.0 100.0 
 429 1362630702     957276 3 11 40.0 100.0 
 429 1362630702     967304 3 11 40.0 100.0 
 429 1362630702     977332 3 11 40.0 100.0 
 429 1362630702     987361 3 11 40.0 100.0 
 428 1362630702     997334 3 11 40.0 100.0 
 429 1362630703       7313 3 11 40.0 100.0 
 429 1362630703      17352 3 11 40.0 100.0 
 428 1362630703      27328 3 11 40.0 100.0 
 429 1362630703      37373 3 11 40.0 100.0 
 429 1362630703      47365 3 11 40.0 100.0 
 429 1362630703      57365 3 11 40.0 100.0 
 429 1362630703      67356 3 11 40.0 100.0 
 429 1362630703      77402 3 11 40.0 100.0 
 429 1362630703      87393 3 11 40.0 100.0 
 429 1362630703      97389 3 11 40.0 100.0 
 429 1362630703     107420 3 11 40.0 100.0 
 428 1362630703     117418 3 11 40.0 100.0 
 429 1362630703     127423 3 11 40.0 100.0 
 429 1362630703     137421 3 11 40.0 100.0 
 429 1362630703     147418 3 11 40.0 100.0 
 430 1362630703     157466 3 11 40.0 100.0 
 429 1362630703     167471 3 11 40.0 100.0 
 428 1362630703     177474 3 11 40.0 100.0 
 428 1362630703     187472 3 11 40.0 100.0 
 429 1362630703     197477 3 11 40.0 100.0 
 429 1362630703     207483 3 11 40.0 100.0 
 429 1362630703     217501 3 11 40.0 100.0 
 428 1362630703     227525 3 11 40.0 100.0 
 428 1362630703     237490 3 11 40.0 100.0 
 429 1362630703     247508 3 11 40.0 100.0 
 429 1362630703     257517 3 11 40.0 100.0 
 428 1362630703     267542 3 11 40.0 100.0 
 429 1362630703     277510 3 11 40.0 100.0 
 428 1362630703     287559 3 11 40.0 100.0 
 429 1362630703     297535 3 11 40.0 100.0 
 429 1362630703     307557 3 11 40.0 100.0 
 429 1362630703     317581 3 11 40.0 100.0 
 429 1362630703     327536 3 11 40.0 100.0 
 429 1362630703     337565 3 11 40.0 100.0 
 429 1362630703     347604 3 11 40.0 100.0 
 429 1362630703     357548 3 11 40.0 100.0 
 428 1362630703     367576 3 11 40.0 100.0 
 429 1362630703     377598 3 11 40.0 100.0 
 429 1362630703     387562 3 11 40.0 100.0 
 429 1362630703     397597 3 11 40.0 100.0 
 429 1362630703     407635 3 11 40.0 100.0 
 429 1362630703     417610 3 11 40.0 100.0 
 428 1362630703     427655 3 11 40.0 100.0 
 428 1362630703     437615 3 11 40.0 100.0 
 429 1362630703     447642 3 11 40.0 100.0 
 430 1362630703     457665 3 11 40.0 100.0 
 429 1362630703     467677 3 11 40.0 100.0 
 429 1362630703     477637 3 11 40.0 100.0 
 428 1362630703     487651 3 11 40.0 100.0 
 429 1362630703     497695 3 11 40.0 100.0 
 430 1362630703     507672 3 11 40.0 100.0 
 429 1362630703     517717 3 11 40.0 100.0 
 429 1362630703     527685 3 11 40.0 100.0 
 429 1362630703     537716 3 11 40.0 100.0 
 429 1362630703     547698 3 11 40.0 100.0 
 429 1362630703     557723 3 11 40.0 100.0 
 428 1362630703     567742 3 11 40.0 100.0 
 429 1362630703     577708 3 11 40.0 100.0 
 429 1362630703     587729 3 11 40.0 100.0 
 429 1362630703     597704 3 11 40.0 100.0 
 429 1362630703     607721 3 11 40.0 100.0 
 429 1362630703     617744 3 11 40.0 100.0 
 429 1362630703     627725 3 11 40.0 100.0 
 429 1362630703     637774 3 11 40.0 100.0 
 429 1362630703     647801 3 11 40.0 100.0 
 429 1362630703     657762 3 11 40.0 100.0 
 429 1362630703     667811 3 11 40.0 100.0 
 428 1362630703     677799 3 11 40.0 100.0 
 429 1362630703     687763 3 11 40.0 100.0 
 429 1362630703     697823 3 11 40.0 100.0 
 430 1362630703     707835 3 11 40.0 100.0 
 429 1362630703     717783 3 11 40.0 100.0 
 429 1362630703     727834 3 11 40.0 100.0 
 429 1362630703     737795 3 11 40.0 100.0 
 429 1362630703     747832 3 11 40.0 100.0 
 429 1362630703     757856 3 11 40.0 100.0 
 429 1362630703     767827 3 11 40.0 100.0 
 428 1362630703     777861 3 11 40.0 100.0 
 428 1362630703     787837 3 11 40.0 100.0 
 429 1362630703     797863 3 11 40.0 100.0 
