 441 1362630129     938202 3 4 40.0 100.0 
 441 1362630129     948220 3 4 40.0 100.0 
 440 1362630129     958183 3 4 40.0 100.0 
 441 1362630129     968239 3 4 40.0 100.0 
 440 1362630129     978196 3 4 40.0 100.0 
 441 1362630129     988240 3 4 40.0 100.0 
 441 1362630129     998211 3 4 40.0 100.0 
 440 1362630130       8236 3 4 40.0 100.0 
 440 1362630130      18210 3 4 40.0 100.0 
 440 1362630130      28225 3 4 40.0 100.0 
 441 1362630130      38271 3 4 40.0 100.0 
 441 1362630130      48278 3 4 40.0 100.0 
 439 1362630130      58300 3 4 40.0 100.0 
 441 1362630130      68250 3 4 40.0 100.0 
 440 1362630130      78289 3 4 40.0 100.0 
 441 1362630130      88310 3 4 40.0 100.0 
 440 1362630130      98325 3 4 40.0 100.0 
 441 1362630130     108285 3 4 40.0 100.0 
 440 1362630130     118304 3 4 40.0 100.0 
 441 1362630130     128312 3 4 40.0 100.0 
 440 1362630130     138283 3 4 40.0 100.0 
 440 1362630130     148355 3 4 40.0 100.0 
 441 1362630130     158298 3 4 40.0 100.0 
 441 1362630130     168314 3 4 40.0 100.0 
 441 1362630130     178336 3 4 40.0 100.0 
 440 1362630130     188365 3 4 40.0 100.0 
 440 1362630130     198393 3 4 40.0 100.0 
 441 1362630130     208361 3 4 40.0 100.0 
 441 1362630130     218336 3 4 40.0 100.0 
 440 1362630130     228375 3 4 40.0 100.0 
 440 1362630130     238407 3 4 40.0 100.0 
 441 1362630130     248420 3 4 40.0 100.0 
 441 1362630130     258370 3 4 40.0 100.0 
 440 1362630130     268405 3 4 40.0 100.0 
 440 1362630130     278422 3 4 40.0 100.0 
 440 1362630130     288389 3 4 40.0 100.0 
 441 1362630130     298419 3 4 40.0 100.0 
 440 1362630130     308460 3 4 40.0 100.0 
 441 1362630130     318416 3 4 40.0 100.0 
 441 1362630130     328413 3 4 40.0 100.0 
 440 1362630130     338452 3 4 40.0 100.0 
 441 1362630130     348433 3 4 40.0 100.0 
 441 1362630130     358476 3 4 40.0 100.0 
 440 1362630130     368438 3 4 40.0 100.0 
 440 1362630130     378452 3 4 40.0 100.0 
 441 1362630130     388476 3 4 40.0 100.0 
 441 1362630130     398501 3 4 40.0 100.0 
 440 1362630130     408528 3 4 40.0 100.0 
 441 1362630130     418490 3 4 40.0 100.0 
 441 1362630130     428501 3 4 40.0 100.0 
 440 1362630130     438543 3 4 40.0 100.0 
 440 1362630130     448493 3 4 40.0 100.0 
 439 1362630130     458515 3 4 40.0 100.0 
 440 1362630130     468536 3 4 40.0 100.0 
 440 1362630130     478570 3 4 40.0 100.0 
 441 1362630130     488517 3 4 40.0 100.0 
 441 1362630130     498583 3 4 40.0 100.0 
 441 1362630130     508550 3 4 40.0 100.0 
 440 1362630130     518557 3 4 40.0 100.0 
 441 1362630130     528569 3 4 40.0 100.0 
 441 1362630130     538598 3 4 40.0 100.0 
 440 1362630130     548574 3 4 40.0 100.0 
 441 1362630130     558628 3 4 40.0 100.0 
 442 1362630130     568609 3 4 40.0 100.0 
 440 1362630130     578621 3 4 40.0 100.0 
 440 1362630130     588633 3 4 40.0 100.0 
 440 1362630130     598588 3 4 40.0 100.0 
 441 1362630130     608617 3 4 40.0 100.0 
 441 1362630130     618654 3 4 40.0 100.0 
 440 1362630130     628674 3 4 40.0 100.0 
 440 1362630130     638629 3 4 40.0 100.0 
 440 1362630130     648668 3 4 40.0 100.0 
 441 1362630130     658629 3 4 40.0 100.0 
 440 1362630130     668669 3 4 40.0 100.0 
 440 1362630130     678685 3 4 40.0 100.0 
 441 1362630130     688666 3 4 40.0 100.0 
 441 1362630130     698694 3 4 40.0 100.0 
 441 1362630130     708729 3 4 40.0 100.0 
 440 1362630130     718684 3 4 40.0 100.0 
 440 1362630130     728709 3 4 40.0 100.0 
 440 1362630130     738684 3 4 40.0 100.0 
 441 1362630130     748725 3 4 40.0 100.0 
 441 1362630130     758763 3 4 40.0 100.0 
 440 1362630130     768762 3 4 40.0 100.0 
 440 1362630130     778771 3 4 40.0 100.0 
 440 1362630130     788742 3 4 40.0 100.0 
 441 1362630130     798764 3 4 40.0 100.0 
 440 1362630130     808735 3 4 40.0 100.0 
 440 1362630130     818767 3 4 40.0 100.0 
 441 1362630130     828766 3 4 40.0 100.0 
 440 1362630130     838798 3 4 40.0 100.0 
 440 1362630130     848821 3 4 40.0 100.0 
 440 1362630130     858779 3 4 40.0 100.0 
 441 1362630130     868797 3 4 40.0 100.0 
 441 1362630130     878823 3 4 40.0 100.0 
 440 1362630130     888830 3 4 40.0 100.0 
 440 1362630130     898800 3 4 40.0 100.0 
 440 1362630130     908841 3 4 40.0 100.0 
 441 1362630130     918802 3 4 40.0 100.0 
 441 1362630130     928808 3 4 40.0 100.0 
