 166 1362623988     576177 0 10 40.0 50.0 
 166 1362623988     586110 0 10 40.0 50.0 
 166 1362623988     596199 0 10 40.0 50.0 
 166 1362623988     606181 0 10 40.0 50.0 
 166 1362623988     616227 0 10 40.0 50.0 
 166 1362623988     626158 0 10 40.0 50.0 
 166 1362623988     636202 0 10 40.0 50.0 
 166 1362623988     646147 0 10 40.0 50.0 
 166 1362623988     656162 0 10 40.0 50.0 
 166 1362623988     666188 0 10 40.0 50.0 
 167 1362623988     676261 0 10 40.0 50.0 
 166 1362623988     686146 0 10 40.0 50.0 
 166 1362623988     696283 0 10 40.0 50.0 
 166 1362623988     706244 0 10 40.0 50.0 
 166 1362623988     716176 0 10 40.0 50.0 
 165 1362623988     726158 0 10 40.0 50.0 
 166 1362623988     736299 0 10 40.0 50.0 
 166 1362623988     746221 0 10 40.0 50.0 
 166 1362623988     756290 0 10 40.0 50.0 
 166 1362623988     766198 0 10 40.0 50.0 
 166 1362623988     776248 0 10 40.0 50.0 
 166 1362623988     786194 0 10 40.0 50.0 
 166 1362623988     796167 0 10 40.0 50.0 
 166 1362623988     806226 0 10 40.0 50.0 
 166 1362623988     816237 0 10 40.0 50.0 
 167 1362623988     826238 0 10 40.0 50.0 
 165 1362623988     836201 0 10 40.0 50.0 
 166 1362623988     846220 0 10 40.0 50.0 
 166 1362623988     856270 0 10 40.0 50.0 
 167 1362623988     866230 0 10 40.0 50.0 
 165 1362623988     876268 0 10 40.0 50.0 
 166 1362623988     886226 0 10 40.0 50.0 
 166 1362623988     896294 0 10 40.0 50.0 
 166 1362623988     906259 0 10 40.0 50.0 
 166 1362623988     916278 0 10 40.0 50.0 
 165 1362623988     926308 0 10 40.0 50.0 
 166 1362623988     936264 0 10 40.0 50.0 
 165 1362623988     946330 0 10 40.0 50.0 
 167 1362623988     956290 0 10 40.0 50.0 
 166 1362623988     966320 0 10 40.0 50.0 
 166 1362623988     976305 0 10 40.0 50.0 
 165 1362623988     986346 0 10 40.0 50.0 
 166 1362623988     996343 0 10 40.0 50.0 
 166 1362623989       6356 0 10 40.0 50.0 
 166 1362623989      16380 0 10 40.0 50.0 
 166 1362623989      26366 0 10 40.0 50.0 
 166 1362623989      36344 0 10 40.0 50.0 
 166 1362623989      46376 0 10 40.0 50.0 
 165 1362623989      56343 0 10 40.0 50.0 
 166 1362623989      66378 0 10 40.0 50.0 
 166 1362623989      76369 0 10 40.0 50.0 
 166 1362623989      86356 0 10 40.0 50.0 
 166 1362623989      96396 0 10 40.0 50.0 
 166 1362623989     106408 0 10 40.0 50.0 
 166 1362623989     116401 0 10 40.0 50.0 
 167 1362623989     126406 0 10 40.0 50.0 
 166 1362623989     136405 0 10 40.0 50.0 
 166 1362623989     146438 0 10 40.0 50.0 
 166 1362623989     156438 0 10 40.0 50.0 
 166 1362623989     166437 0 10 40.0 50.0 
 166 1362623989     176453 0 10 40.0 50.0 
 166 1362623989     186466 0 10 40.0 50.0 
 166 1362623989     196450 0 10 40.0 50.0 
 166 1362623989     206501 0 10 40.0 50.0 
 166 1362623989     216449 0 10 40.0 50.0 
 166 1362623989     226484 0 10 40.0 50.0 
 166 1362623989     236455 0 10 40.0 50.0 
 166 1362623989     246514 0 10 40.0 50.0 
 165 1362623989     256477 0 10 40.0 50.0 
 167 1362623989     266498 0 10 40.0 50.0 
 166 1362623989     276522 0 10 40.0 50.0 
 166 1362623989     286533 0 10 40.0 50.0 
 166 1362623989     296530 0 10 40.0 50.0 
 167 1362623989     306564 0 10 40.0 50.0 
 165 1362623989     316529 0 10 40.0 50.0 
 166 1362623989     326561 0 10 40.0 50.0 
 166 1362623989     336521 0 10 40.0 50.0 
 166 1362623989     346592 0 10 40.0 50.0 
 166 1362623989     356559 0 10 40.0 50.0 
 165 1362623989     366612 0 10 40.0 50.0 
 166 1362623989     376577 0 10 40.0 50.0 
 166 1362623989     386606 0 10 40.0 50.0 
 166 1362623989     396603 0 10 40.0 50.0 
 165 1362623989     406637 0 10 40.0 50.0 
 166 1362623989     416594 0 10 40.0 50.0 
 166 1362623989     426614 0 10 40.0 50.0 
 166 1362623989     436623 0 10 40.0 50.0 
 166 1362623989     446638 0 10 40.0 50.0 
 166 1362623989     456649 0 10 40.0 50.0 
 167 1362623989     466664 0 10 40.0 50.0 
 165 1362623989     476664 0 10 40.0 50.0 
 166 1362623989     486670 0 10 40.0 50.0 
 165 1362623989     496676 0 10 40.0 50.0 
 166 1362623989     506643 0 10 40.0 50.0 
 166 1362623989     516674 0 10 40.0 50.0 
 166 1362623989     526709 0 10 40.0 50.0 
 166 1362623989     536672 0 10 40.0 50.0 
 166 1362623989     546659 0 10 40.0 50.0 
 166 1362623989     556700 0 10 40.0 50.0 
 166 1362623989     566725 0 10 40.0 50.0 
