 274 1362625129     530177 1 9 40.0 50.0 
 274 1362625129     540191 1 9 40.0 50.0 
 274 1362625129     550168 1 9 40.0 50.0 
 274 1362625129     560214 1 9 40.0 50.0 
 274 1362625129     570169 1 9 40.0 50.0 
 274 1362625129     580181 1 9 40.0 50.0 
 274 1362625129     590203 1 9 40.0 50.0 
 274 1362625129     600232 1 9 40.0 50.0 
 275 1362625129     610189 1 9 40.0 50.0 
 274 1362625129     620226 1 9 40.0 50.0 
 274 1362625129     630259 1 9 40.0 50.0 
 274 1362625129     640208 1 9 40.0 50.0 
 274 1362625129     650230 1 9 40.0 50.0 
 274 1362625129     660260 1 9 40.0 50.0 
 274 1362625129     670291 1 9 40.0 50.0 
 274 1362625129     680256 1 9 40.0 50.0 
 274 1362625129     690268 1 9 40.0 50.0 
 274 1362625129     700297 1 9 40.0 50.0 
 274 1362625129     710257 1 9 40.0 50.0 
 274 1362625129     720263 1 9 40.0 50.0 
 273 1362625129     730301 1 9 40.0 50.0 
 274 1362625129     740315 1 9 40.0 50.0 
 274 1362625129     750332 1 9 40.0 50.0 
 274 1362625129     760297 1 9 40.0 50.0 
 274 1362625129     770329 1 9 40.0 50.0 
 274 1362625129     780352 1 9 40.0 50.0 
 274 1362625129     790304 1 9 40.0 50.0 
 274 1362625129     800325 1 9 40.0 50.0 
 274 1362625129     810342 1 9 40.0 50.0 
 274 1362625129     820370 1 9 40.0 50.0 
 274 1362625129     830340 1 9 40.0 50.0 
 274 1362625129     840371 1 9 40.0 50.0 
 274 1362625129     850386 1 9 40.0 50.0 
 274 1362625129     860418 1 9 40.0 50.0 
 274 1362625129     870372 1 9 40.0 50.0 
 274 1362625129     880416 1 9 40.0 50.0 
 274 1362625129     890425 1 9 40.0 50.0 
 274 1362625129     900379 1 9 40.0 50.0 
 274 1362625129     910399 1 9 40.0 50.0 
 274 1362625129     920412 1 9 40.0 50.0 
 274 1362625129     930434 1 9 40.0 50.0 
 274 1362625129     940461 1 9 40.0 50.0 
 274 1362625129     950418 1 9 40.0 50.0 
 274 1362625129     960439 1 9 40.0 50.0 
 273 1362625129     970463 1 9 40.0 50.0 
 274 1362625129     980473 1 9 40.0 50.0 
 274 1362625129     990435 1 9 40.0 50.0 
 274 1362625130        474 1 9 40.0 50.0 
 274 1362625130      10502 1 9 40.0 50.0 
 274 1362625130      20505 1 9 40.0 50.0 
 274 1362625130      30526 1 9 40.0 50.0 
 274 1362625130      40493 1 9 40.0 50.0 
 274 1362625130      50524 1 9 40.0 50.0 
 274 1362625130      60542 1 9 40.0 50.0 
 274 1362625130      70497 1 9 40.0 50.0 
 274 1362625130      80528 1 9 40.0 50.0 
 274 1362625130      90564 1 9 40.0 50.0 
 274 1362625130     100526 1 9 40.0 50.0 
 274 1362625130     110563 1 9 40.0 50.0 
 274 1362625130     120582 1 9 40.0 50.0 
 273 1362625130     130540 1 9 40.0 50.0 
 274 1362625130     140598 1 9 40.0 50.0 
 274 1362625130     150573 1 9 40.0 50.0 
 274 1362625130     160562 1 9 40.0 50.0 
 274 1362625130     170617 1 9 40.0 50.0 
 274 1362625130     180601 1 9 40.0 50.0 
 274 1362625130     190628 1 9 40.0 50.0 
 274 1362625130     200631 1 9 40.0 50.0 
 274 1362625130     210614 1 9 40.0 50.0 
 274 1362625130     220642 1 9 40.0 50.0 
 274 1362625130     230631 1 9 40.0 50.0 
 273 1362625130     240617 1 9 40.0 50.0 
 274 1362625130     250673 1 9 40.0 50.0 
 274 1362625130     260678 1 9 40.0 50.0 
 274 1362625130     270646 1 9 40.0 50.0 
 274 1362625130     280677 1 9 40.0 50.0 
 274 1362625130     290658 1 9 40.0 50.0 
 274 1362625130     300645 1 9 40.0 50.0 
 274 1362625130     310696 1 9 40.0 50.0 
 274 1362625130     320666 1 9 40.0 50.0 
 274 1362625130     330707 1 9 40.0 50.0 
 274 1362625130     340689 1 9 40.0 50.0 
 274 1362625130     350682 1 9 40.0 50.0 
 274 1362625130     360681 1 9 40.0 50.0 
 273 1362625130     370732 1 9 40.0 50.0 
 274 1362625130     380736 1 9 40.0 50.0 
 274 1362625130     390730 1 9 40.0 50.0 
 273 1362625130     400713 1 9 40.0 50.0 
 274 1362625130     410712 1 9 40.0 50.0 
 274 1362625130     420751 1 9 40.0 50.0 
 274 1362625130     430753 1 9 40.0 50.0 
 274 1362625130     440739 1 9 40.0 50.0 
 273 1362625130     450786 1 9 40.0 50.0 
 274 1362625130     460766 1 9 40.0 50.0 
 274 1362625130     470810 1 9 40.0 50.0 
 274 1362625130     480785 1 9 40.0 50.0 
 274 1362625130     490772 1 9 40.0 50.0 
 274 1362625130     500829 1 9 40.0 50.0 
 274 1362625130     510818 1 9 40.0 50.0 
 275 1362625130     520800 1 9 40.0 50.0 
