 300 1362621728     703006 0 0 40.0 100 
 300 1362621728     713005 0 0 40.0 100 
 301 1362621728     722972 0 0 40.0 100 
 301 1362621728     732999 0 0 40.0 100 
 301 1362621728     743069 0 0 40.0 100 
 301 1362621728     753035 0 0 40.0 100 
 301 1362621728     763000 0 0 40.0 100 
 300 1362621728     772946 0 0 40.0 100 
 300 1362621728     783077 0 0 40.0 100 
 301 1362621728     792948 0 0 40.0 100 
 301 1362621728     803109 0 0 40.0 100 
 301 1362621728     813012 0 0 40.0 100 
 300 1362621728     823114 0 0 40.0 100 
 301 1362621728     833081 0 0 40.0 100 
 300 1362621728     843105 0 0 40.0 100 
 301 1362621728     852994 0 0 40.0 100 
 301 1362621728     863136 0 0 40.0 100 
 300 1362621728     873143 0 0 40.0 100 
 300 1362621728     883064 0 0 40.0 100 
 301 1362621728     893185 0 0 40.0 100 
 300 1362621728     903199 0 0 40.0 100 
 301 1362621728     913077 0 0 40.0 100 
 301 1362621728     923051 0 0 40.0 100 
 300 1362621728     933077 0 0 40.0 100 
 301 1362621728     943081 0 0 40.0 100 
 301 1362621728     953090 0 0 40.0 100 
 300 1362621728     963113 0 0 40.0 100 
 301 1362621728     973056 0 0 40.0 100 
 300 1362621728     983072 0 0 40.0 100 
 301 1362621728     993172 0 0 40.0 100 
 300 1362621729       3084 0 0 40.0 100 
 301 1362621729      13136 0 0 40.0 100 
 300 1362621729      23083 0 0 40.0 100 
 301 1362621729      33118 0 0 40.0 100 
 301 1362621729      43097 0 0 40.0 100 
 301 1362621729      53113 0 0 40.0 100 
 301 1362621729      63169 0 0 40.0 100 
 301 1362621729      73129 0 0 40.0 100 
 300 1362621729      83156 0 0 40.0 100 
 301 1362621729      93179 0 0 40.0 100 
 300 1362621729     103152 0 0 40.0 100 
 301 1362621729     113190 0 0 40.0 100 
 300 1362621729     123179 0 0 40.0 100 
 300 1362621729     133171 0 0 40.0 100 
 301 1362621729     143224 0 0 40.0 100 
 301 1362621729     153232 0 0 40.0 100 
 300 1362621729     163216 0 0 40.0 100 
 301 1362621729     173209 0 0 40.0 100 
 301 1362621729     183201 0 0 40.0 100 
 300 1362621729     193247 0 0 40.0 100 
 300 1362621729     203250 0 0 40.0 100 
 301 1362621729     213240 0 0 40.0 100 
 300 1362621729     223246 0 0 40.0 100 
 301 1362621729     233258 0 0 40.0 100 
 301 1362621729     243266 0 0 40.0 100 
 301 1362621729     253285 0 0 40.0 100 
 300 1362621729     263283 0 0 40.0 100 
 301 1362621729     273295 0 0 40.0 100 
 301 1362621729     283313 0 0 40.0 100 
 302 1362621729     293326 0 0 40.0 100 
 300 1362621729     303333 0 0 40.0 100 
 300 1362621729     313325 0 0 40.0 100 
 302 1362621729     323346 0 0 40.0 100 
 301 1362621729     333310 0 0 40.0 100 
 301 1362621729     343322 0 0 40.0 100 
 301 1362621729     353339 0 0 40.0 100 
 300 1362621729     363341 0 0 40.0 100 
 301 1362621729     373355 0 0 40.0 100 
 301 1362621729     383368 0 0 40.0 100 
 301 1362621729     393385 0 0 40.0 100 
 301 1362621729     403375 0 0 40.0 100 
 301 1362621729     413365 0 0 40.0 100 
 301 1362621729     423377 0 0 40.0 100 
 300 1362621729     433406 0 0 40.0 100 
 301 1362621729     443382 0 0 40.0 100 
 301 1362621729     453424 0 0 40.0 100 
 301 1362621729     463382 0 0 40.0 100 
 301 1362621729     473416 0 0 40.0 100 
 301 1362621729     483387 0 0 40.0 100 
 301 1362621729     493430 0 0 40.0 100 
 301 1362621729     503402 0 0 40.0 100 
 301 1362621729     513414 0 0 40.0 100 
 302 1362621729     523470 0 0 40.0 100 
 300 1362621729     533432 0 0 40.0 100 
 301 1362621729     543488 0 0 40.0 100 
 300 1362621729     553449 0 0 40.0 100 
 300 1362621729     563467 0 0 40.0 100 
 301 1362621729     573511 0 0 40.0 100 
 301 1362621729     583474 0 0 40.0 100 
 300 1362621729     593457 0 0 40.0 100 
 301 1362621729     603496 0 0 40.0 100 
 301 1362621729     613521 0 0 40.0 100 
 301 1362621729     623480 0 0 40.0 100 
 300 1362621729     633518 0 0 40.0 100 
 301 1362621729     643492 0 0 40.0 100 
 300 1362621729     653526 0 0 40.0 100 
 301 1362621729     663544 0 0 40.0 100 
 301 1362621729     673574 0 0 40.0 100 
 300 1362621729     683550 0 0 40.0 100 
 301 1362621729     693526 0 0 40.0 100 
 301 1362621729     703570 0 0 40.0 100 
 300 1362621729     713601 0 0 40.0 100 
 301 1362621729     723574 0 0 40.0 100 
 300 1362621729     733611 0 0 40.0 100 
 300 1362621729     743571 0 0 40.0 100 
 301 1362621729     753611 0 0 40.0 100 
 300 1362621729     763625 0 0 40.0 100 
 301 1362621729     773596 0 0 40.0 100 
 301 1362621729     783637 0 0 40.0 100 
 300 1362621729     793613 0 0 40.0 100 
 300 1362621729     803654 0 0 40.0 100 
 301 1362621729     813673 0 0 40.0 100 
 301 1362621729     823647 0 0 40.0 100 
 300 1362621729     833671 0 0 40.0 100 
 300 1362621729     843650 0 0 40.0 100 
 301 1362621729     853683 0 0 40.0 100 
 301 1362621729     863637 0 0 40.0 100 
 301 1362621729     873708 0 0 40.0 100 
 301 1362621729     883677 0 0 40.0 100 
 300 1362621729     893697 0 0 40.0 100 
 301 1362621729     903727 0 0 40.0 100 
 301 1362621729     913737 0 0 40.0 100 
 301 1362621729     923705 0 0 40.0 100 
 300 1362621729     933748 0 0 40.0 100 
 301 1362621729     943723 0 0 40.0 100 
 302 1362621729     953767 0 0 40.0 100 
 300 1362621729     963726 0 0 40.0 100 
 301 1362621729     973765 0 0 40.0 100 
 301 1362621729     983748 0 0 40.0 100 
 301 1362621729     993794 0 0 40.0 100 
 301 1362621730       3770 0 0 40.0 100 
 301 1362621730      13787 0 0 40.0 100 
 300 1362621730      23762 0 0 40.0 100 
 301 1362621730      33810 0 0 40.0 100 
 301 1362621730      43788 0 0 40.0 100 
 301 1362621730      53828 0 0 40.0 100 
 301 1362621730      63771 0 0 40.0 100 
 301 1362621730      73810 0 0 40.0 100 
 300 1362621730      83790 0 0 40.0 100 
 301 1362621730      93830 0 0 40.0 100 
 300 1362621730     103804 0 0 40.0 100 
 301 1362621730     113826 0 0 40.0 100 
 301 1362621730     123867 0 0 40.0 100 
 301 1362621730     133836 0 0 40.0 100 
 300 1362621730     143875 0 0 40.0 100 
 301 1362621730     153850 0 0 40.0 100 
 301 1362621730     163877 0 0 40.0 100 
 301 1362621730     173841 0 0 40.0 100 
 301 1362621730     183896 0 0 40.0 100 
 300 1362621730     193865 0 0 40.0 100 
 300 1362621730     203907 0 0 40.0 100 
 301 1362621730     213874 0 0 40.0 100 
 301 1362621730     223913 0 0 40.0 100 
 300 1362621730     233938 0 0 40.0 100 
 301 1362621730     243902 0 0 40.0 100 
 300 1362621730     253939 0 0 40.0 100 
 301 1362621730     263964 0 0 40.0 100 
 301 1362621730     273930 0 0 40.0 100 
 300 1362621730     283912 0 0 40.0 100 
 301 1362621730     293945 0 0 40.0 100 
 300 1362621730     303981 0 0 40.0 100 
 300 1362621730     313942 0 0 40.0 100 
 301 1362621730     324000 0 0 40.0 100 
 301 1362621730     333960 0 0 40.0 100 
 301 1362621730     344008 0 0 40.0 100 
 301 1362621730     353977 0 0 40.0 100 
 300 1362621730     364013 0 0 40.0 100 
 301 1362621730     374034 0 0 40.0 100 
 301 1362621730     383983 0 0 40.0 100 
 301 1362621730     394035 0 0 40.0 100 
 300 1362621730     404065 0 0 40.0 100 
 301 1362621730     414038 0 0 40.0 100 
 300 1362621730     424068 0 0 40.0 100 
 300 1362621730     434042 0 0 40.0 100 
 301 1362621730     444089 0 0 40.0 100 
 301 1362621730     454040 0 0 40.0 100 
 300 1362621730     464086 0 0 40.0 100 
 300 1362621730     474054 0 0 40.0 100 
 301 1362621730     484096 0 0 40.0 100 
 300 1362621730     494123 0 0 40.0 100 
 300 1362621730     504097 0 0 40.0 100 
 301 1362621730     514133 0 0 40.0 100 
 301 1362621730     524095 0 0 40.0 100 
 300 1362621730     534126 0 0 40.0 100 
 301 1362621730     544153 0 0 40.0 100 
 301 1362621730     554122 0 0 40.0 100 
 301 1362621730     564141 0 0 40.0 100 
 301 1362621730     574174 0 0 40.0 100 
 301 1362621730     584142 0 0 40.0 100 
 300 1362621730     594155 0 0 40.0 100 
 301 1362621730     604150 0 0 40.0 100 
 301 1362621730     614186 0 0 40.0 100 
 300 1362621730     624147 0 0 40.0 100 
 301 1362621730     634197 0 0 40.0 100 
 301 1362621730     644158 0 0 40.0 100 
 300 1362621730     654201 0 0 40.0 100 
 300 1362621730     664164 0 0 40.0 100 
 301 1362621730     674204 0 0 40.0 100 
 301 1362621730     684242 0 0 40.0 100 
 301 1362621730     694210 0 0 40.0 100 
 301 1362621730     704193 0 0 40.0 100 
 301 1362621730     714217 0 0 40.0 100 
 301 1362621730     724270 0 0 40.0 100 
 300 1362621730     734239 0 0 40.0 100 
 300 1362621730     744284 0 0 40.0 100 
 301 1362621730     754250 0 0 40.0 100 
 301 1362621730     764275 0 0 40.0 100 
 301 1362621730     774250 0 0 40.0 100 
 301 1362621730     784295 0 0 40.0 100 
 300 1362621730     794258 0 0 40.0 100 
 301 1362621730     804302 0 0 40.0 100 
 300 1362621730     814332 0 0 40.0 100 
 300 1362621730     824305 0 0 40.0 100 
 301 1362621730     834301 0 0 40.0 100 
 301 1362621730     844339 0 0 40.0 100 
 301 1362621730     854327 0 0 40.0 100 
 300 1362621730     864355 0 0 40.0 100 
 301 1362621730     874317 0 0 40.0 100 
 301 1362621730     884346 0 0 40.0 100 
 301 1362621730     894387 0 0 40.0 100 
 301 1362621730     904355 0 0 40.0 100 
 301 1362621730     914377 0 0 40.0 100 
 301 1362621730     924352 0 0 40.0 100 
 300 1362621730     934346 0 0 40.0 100 
 300 1362621730     944412 0 0 40.0 100 
 301 1362621730     954408 0 0 40.0 100 
 301 1362621730     964396 0 0 40.0 100 
 301 1362621730     974371 0 0 40.0 100 
 301 1362621730     984427 0 0 40.0 100 
 300 1362621730     994439 0 0 40.0 100 
 301 1362621731       4391 0 0 40.0 100 
 300 1362621731      14397 0 0 40.0 100 
 300 1362621731      24441 0 0 40.0 100 
 301 1362621731      34443 0 0 40.0 100 
 301 1362621731      44409 0 0 40.0 100 
 300 1362621731      54426 0 0 40.0 100 
 301 1362621731      64467 0 0 40.0 100 
 301 1362621731      74459 0 0 40.0 100 
 300 1362621731      84459 0 0 40.0 100 
 301 1362621731      94469 0 0 40.0 100 
 300 1362621731     104480 0 0 40.0 100 
 301 1362621731     114468 0 0 40.0 100 
 302 1362621731     124454 0 0 40.0 100 
 301 1362621731     134474 0 0 40.0 100 
 301 1362621731     144528 0 0 40.0 100 
 302 1362621731     154529 0 0 40.0 100 
 301 1362621731     164512 0 0 40.0 100 
 301 1362621731     174512 0 0 40.0 100 
 301 1362621731     184521 0 0 40.0 100 
 301 1362621731     194521 0 0 40.0 100 
 301 1362621731     204539 0 0 40.0 100 
 301 1362621731     214557 0 0 40.0 100 
 300 1362621731     224581 0 0 40.0 100 
 301 1362621731     234553 0 0 40.0 100 
 301 1362621731     244585 0 0 40.0 100 
 300 1362621731     254569 0 0 40.0 100 
 301 1362621731     264600 0 0 40.0 100 
 301 1362621731     274564 0 0 40.0 100 
 300 1362621731     284578 0 0 40.0 100 
 301 1362621731     294603 0 0 40.0 100 
 300 1362621731     304619 0 0 40.0 100 
 300 1362621731     314626 0 0 40.0 100 
 301 1362621731     324633 0 0 40.0 100 
 301 1362621731     334656 0 0 40.0 100 
 301 1362621731     344624 0 0 40.0 100 
 301 1362621731     354668 0 0 40.0 100 
 302 1362621731     364624 0 0 40.0 100 
 300 1362621731     374670 0 0 40.0 100 
 301 1362621731     384650 0 0 40.0 100 
 301 1362621731     394675 0 0 40.0 100 
 300 1362621731     404645 0 0 40.0 100 
 301 1362621731     414647 0 0 40.0 100 
 300 1362621731     424670 0 0 40.0 100 
 299 1362621731     434714 0 0 40.0 100 
 301 1362621731     444727 0 0 40.0 100 
 300 1362621731     454679 0 0 40.0 100 
 301 1362621731     464723 0 0 40.0 100 
 301 1362621731     474739 0 0 40.0 100 
 301 1362621731     484754 0 0 40.0 100 
 301 1362621731     494732 0 0 40.0 100 
 300 1362621731     504744 0 0 40.0 100 
 301 1362621731     514713 0 0 40.0 100 
 301 1362621731     524739 0 0 40.0 100 
 301 1362621731     534777 0 0 40.0 100 
 300 1362621731     544791 0 0 40.0 100 
 301 1362621731     554749 0 0 40.0 100 
 301 1362621731     564753 0 0 40.0 100 
 301 1362621731     574799 0 0 40.0 100 
 302 1362621731     584825 0 0 40.0 100 
 301 1362621731     594788 0 0 40.0 100 
 301 1362621731     604814 0 0 40.0 100 
 301 1362621731     614827 0 0 40.0 100 
 300 1362621731     624798 0 0 40.0 100 
 301 1362621731     634841 0 0 40.0 100 
 301 1362621731     644849 0 0 40.0 100 
 301 1362621731     654860 0 0 40.0 100 
 301 1362621731     664823 0 0 40.0 100 
 301 1362621731     674828 0 0 40.0 100 
 301 1362621731     684880 0 0 40.0 100 
 301 1362621731     694851 0 0 40.0 100 
 302 1362621731     704900 0 0 40.0 100 
 300 1362621731     714867 0 0 40.0 100 
 301 1362621731     724887 0 0 40.0 100 
 301 1362621731     734881 0 0 40.0 100 
 300 1362621731     744900 0 0 40.0 100 
 301 1362621731     754906 0 0 40.0 100 
 300 1362621731     764918 0 0 40.0 100 
 301 1362621731     774890 0 0 40.0 100 
 301 1362621731     784923 0 0 40.0 100 
 301 1362621731     794899 0 0 40.0 100 
 301 1362621731     804921 0 0 40.0 100 
 301 1362621731     814969 0 0 40.0 100 
 301 1362621731     824981 0 0 40.0 100 
 301 1362621731     834943 0 0 40.0 100 
 301 1362621731     844965 0 0 40.0 100 
 301 1362621731     854997 0 0 40.0 100 
 300 1362621731     864956 0 0 40.0 100 
 301 1362621731     874988 0 0 40.0 100 
 300 1362621731     884974 0 0 40.0 100 
 301 1362621731     894998 0 0 40.0 100 
 301 1362621731     904984 0 0 40.0 100 
 300 1362621731     914981 0 0 40.0 100 
 301 1362621731     925010 0 0 40.0 100 
 300 1362621731     934996 0 0 40.0 100 
 300 1362621731     945023 0 0 40.0 100 
 301 1362621731     955006 0 0 40.0 100 
 300 1362621731     965029 0 0 40.0 100 
 301 1362621731     975065 0 0 40.0 100 
 301 1362621731     985086 0 0 40.0 100 
 301 1362621731     995068 0 0 40.0 100 
 301 1362621732       5097 0 0 40.0 100 
 301 1362621732      15071 0 0 40.0 100 
 301 1362621732      25113 0 0 40.0 100 
 301 1362621732      35085 0 0 40.0 100 
 301 1362621732      45117 0 0 40.0 100 
 301 1362621732      55074 0 0 40.0 100 
 301 1362621732      65116 0 0 40.0 100 
 301 1362621732      75103 0 0 40.0 100 
 301 1362621732      85143 0 0 40.0 100 
 300 1362621732      95115 0 0 40.0 100 
 301 1362621732     105119 0 0 40.0 100 
 300 1362621732     115137 0 0 40.0 100 
 300 1362621732     125128 0 0 40.0 100 
 301 1362621732     135175 0 0 40.0 100 
 299 1362621732     145167 0 0 40.0 100 
 301 1362621732     155180 0 0 40.0 100 
 301 1362621732     165204 0 0 40.0 100 
 300 1362621732     175175 0 0 40.0 100 
 301 1362621732     185217 0 0 40.0 100 
 301 1362621732     195175 0 0 40.0 100 
 300 1362621732     205207 0 0 40.0 100 
 301 1362621732     215189 0 0 40.0 100 
 301 1362621732     225208 0 0 40.0 100 
 301 1362621732     235232 0 0 40.0 100 
 301 1362621732     245247 0 0 40.0 100 
 300 1362621732     255234 0 0 40.0 100 
 301 1362621732     265259 0 0 40.0 100 
 301 1362621732     275247 0 0 40.0 100 
 300 1362621732     285273 0 0 40.0 100 
 300 1362621732     295243 0 0 40.0 100 
 301 1362621732     305289 0 0 40.0 100 
 299 1362621732     315272 0 0 40.0 100 
 301 1362621732     325308 0 0 40.0 100 
 301 1362621732     335272 0 0 40.0 100 
 300 1362621732     345311 0 0 40.0 100 
 301 1362621732     355269 0 0 40.0 100 
 300 1362621732     365300 0 0 40.0 100 
 300 1362621732     375298 0 0 40.0 100 
 301 1362621732     385326 0 0 40.0 100 
 300 1362621732     395357 0 0 40.0 100 
 300 1362621732     405348 0 0 40.0 100 
 301 1362621732     415340 0 0 40.0 100 
 300 1362621732     425375 0 0 40.0 100 
 300 1362621732     435344 0 0 40.0 100 
 301 1362621732     445364 0 0 40.0 100 
 300 1362621732     455382 0 0 40.0 100 
 301 1362621732     465401 0 0 40.0 100 
 301 1362621732     475368 0 0 40.0 100 
 300 1362621732     485406 0 0 40.0 100 
 301 1362621732     495394 0 0 40.0 100 
 300 1362621732     505368 0 0 40.0 100 
 301 1362621732     515430 0 0 40.0 100 
 301 1362621732     525431 0 0 40.0 100 
 301 1362621732     535393 0 0 40.0 100 
 301 1362621732     545441 0 0 40.0 100 
 301 1362621732     555404 0 0 40.0 100 
 301 1362621732     565437 0 0 40.0 100 
 301 1362621732     575447 0 0 40.0 100 
 301 1362621732     585459 0 0 40.0 100 
 300 1362621732     595484 0 0 40.0 100 
 301 1362621732     605446 0 0 40.0 100 
 301 1362621732     615494 0 0 40.0 100 
 300 1362621732     625471 0 0 40.0 100 
 301 1362621732     635495 0 0 40.0 100 
 301 1362621732     645472 0 0 40.0 100 
 301 1362621732     655526 0 0 40.0 100 
 300 1362621732     665479 0 0 40.0 100 
 301 1362621732     675513 0 0 40.0 100 
 300 1362621732     685514 0 0 40.0 100 
 302 1362621732     695547 0 0 40.0 100 
 300 1362621732     705508 0 0 40.0 100 
 300 1362621732     715548 0 0 40.0 100 
 302 1362621732     725530 0 0 40.0 100 
 301 1362621732     735569 0 0 40.0 100 
 301 1362621732     745544 0 0 40.0 100 
 301 1362621732     755580 0 0 40.0 100 
 300 1362621732     765558 0 0 40.0 100 
 300 1362621732     775587 0 0 40.0 100 
 301 1362621732     785558 0 0 40.0 100 
 301 1362621732     795591 0 0 40.0 100 
 300 1362621732     805573 0 0 40.0 100 
 301 1362621732     815603 0 0 40.0 100 
 300 1362621732     825581 0 0 40.0 100 
 301 1362621732     835637 0 0 40.0 100 
 301 1362621732     845604 0 0 40.0 100 
 300 1362621732     855646 0 0 40.0 100 
 301 1362621732     865623 0 0 40.0 100 
 300 1362621732     875614 0 0 40.0 100 
 300 1362621732     885634 0 0 40.0 100 
 301 1362621732     895653 0 0 40.0 100 
 301 1362621732     905637 0 0 40.0 100 
 300 1362621732     915683 0 0 40.0 100 
 301 1362621732     925697 0 0 40.0 100 
 301 1362621732     935675 0 0 40.0 100 
 300 1362621732     945673 0 0 40.0 100 
 301 1362621732     955713 0 0 40.0 100 
 300 1362621732     965732 0 0 40.0 100 
 300 1362621732     975701 0 0 40.0 100 
 301 1362621732     985725 0 0 40.0 100 
 300 1362621732     995734 0 0 40.0 100 
 301 1362621733       5717 0 0 40.0 100 
 301 1362621733      15746 0 0 40.0 100 
 301 1362621733      25764 0 0 40.0 100 
 301 1362621733      35779 0 0 40.0 100 
 302 1362621733      45735 0 0 40.0 100 
 301 1362621733      55777 0 0 40.0 100 
 302 1362621733      65761 0 0 40.0 100 
 301 1362621733      75770 0 0 40.0 100 
 300 1362621733      85801 0 0 40.0 100 
 301 1362621733      95809 0 0 40.0 100 
 301 1362621733     105799 0 0 40.0 100 
 301 1362621733     115790 0 0 40.0 100 
 302 1362621733     125785 0 0 40.0 100 
 301 1362621733     135797 0 0 40.0 100 
 301 1362621733     145844 0 0 40.0 100 
 301 1362621733     155844 0 0 40.0 100 
 301 1362621733     165825 0 0 40.0 100 
 301 1362621733     175824 0 0 40.0 100 
 301 1362621733     185837 0 0 40.0 100 
 301 1362621733     195836 0 0 40.0 100 
 301 1362621733     205873 0 0 40.0 100 
 301 1362621733     215895 0 0 40.0 100 
 300 1362621733     225874 0 0 40.0 100 
 301 1362621733     235863 0 0 40.0 100 
 301 1362621733     245857 0 0 40.0 100 
 300 1362621733     255900 0 0 40.0 100 
 301 1362621733     265915 0 0 40.0 100 
 300 1362621733     275882 0 0 40.0 100 
 301 1362621733     285902 0 0 40.0 100 
 300 1362621733     295937 0 0 40.0 100 
 300 1362621733     305919 0 0 40.0 100 
 300 1362621733     315950 0 0 40.0 100 
 301 1362621733     325925 0 0 40.0 100 
 300 1362621733     335921 0 0 40.0 100 
 300 1362621733     345947 0 0 40.0 100 
 301 1362621733     355990 0 0 40.0 100 
 300 1362621733     365990 0 0 40.0 100 
 300 1362621733     375952 0 0 40.0 100 
 301 1362621733     385966 0 0 40.0 100 
 300 1362621733     395998 0 0 40.0 100 
 301 1362621733     405985 0 0 40.0 100 
 300 1362621733     415999 0 0 40.0 100 
 300 1362621733     425978 0 0 40.0 100 
 301 1362621733     436028 0 0 40.0 100 
 301 1362621733     446051 0 0 40.0 100 
 301 1362621733     456008 0 0 40.0 100 
 300 1362621733     466035 0 0 40.0 100 
 301 1362621733     476011 0 0 40.0 100 
 301 1362621733     486060 0 0 40.0 100 
 301 1362621733     496038 0 0 40.0 100 
 301 1362621733     506085 0 0 40.0 100 
 301 1362621733     516037 0 0 40.0 100 
 301 1362621733     526077 0 0 40.0 100 
 300 1362621733     536096 0 0 40.0 100 
 301 1362621733     546098 0 0 40.0 100 
 302 1362621733     556064 0 0 40.0 100 
 301 1362621733     566132 0 0 40.0 100 
 301 1362621733     576099 0 0 40.0 100 
 301 1362621733     586091 0 0 40.0 100 
 300 1362621733     596135 0 0 40.0 100 
 301 1362621733     606155 0 0 40.0 100 
 301 1362621733     616131 0 0 40.0 100 
 301 1362621733     626161 0 0 40.0 100 
 302 1362621733     636158 0 0 40.0 100 
 301 1362621733     646134 0 0 40.0 100 
 301 1362621733     656188 0 0 40.0 100 
 301 1362621733     666170 0 0 40.0 100 
 301 1362621733     676154 0 0 40.0 100 
 301 1362621733     686200 0 0 40.0 100 
 301 1362621733     696156 0 0 40.0 100 
 301 1362621733     706169 0 0 40.0 100 
 300 1362621733     716220 0 0 40.0 100 
 301 1362621733     726232 0 0 40.0 100 
 300 1362621733     736203 0 0 40.0 100 
 300 1362621733     746249 0 0 40.0 100 
 301 1362621733     756194 0 0 40.0 100 
 300 1362621733     766247 0 0 40.0 100 
 301 1362621733     776269 0 0 40.0 100 
 300 1362621733     786246 0 0 40.0 100 
 300 1362621733     796269 0 0 40.0 100 
 301 1362621733     806236 0 0 40.0 100 
 300 1362621733     816274 0 0 40.0 100 
 300 1362621733     826251 0 0 40.0 100 
 301 1362621733     836265 0 0 40.0 100 
 301 1362621733     846274 0 0 40.0 100 
 300 1362621733     856313 0 0 40.0 100 
 301 1362621733     866298 0 0 40.0 100 
 300 1362621733     876285 0 0 40.0 100 
 301 1362621733     886315 0 0 40.0 100 
 301 1362621733     896297 0 0 40.0 100 
 301 1362621733     906317 0 0 40.0 100 
 301 1362621733     916332 0 0 40.0 100 
 302 1362621733     926314 0 0 40.0 100 
 301 1362621733     936362 0 0 40.0 100 
 300 1362621733     946335 0 0 40.0 100 
 301 1362621733     956389 0 0 40.0 100 
 301 1362621733     966342 0 0 40.0 100 
 300 1362621733     976356 0 0 40.0 100 
 301 1362621733     986373 0 0 40.0 100 
 300 1362621733     996382 0 0 40.0 100 
 301 1362621734       6416 0 0 40.0 100 
 300 1362621734      16402 0 0 40.0 100 
 300 1362621734      26433 0 0 40.0 100 
 301 1362621734      36381 0 0 40.0 100 
 301 1362621734      46412 0 0 40.0 100 
 301 1362621734      56412 0 0 40.0 100 
 301 1362621734      66454 0 0 40.0 100 
 300 1362621734      76428 0 0 40.0 100 
 301 1362621734      86474 0 0 40.0 100 
 302 1362621734      96482 0 0 40.0 100 
 300 1362621734     106484 0 0 40.0 100 
 301 1362621734     116440 0 0 40.0 100 
 300 1362621734     126467 0 0 40.0 100 
 300 1362621734     136469 0 0 40.0 100 
 301 1362621734     146474 0 0 40.0 100 
 301 1362621734     156519 0 0 40.0 100 
 300 1362621734     166495 0 0 40.0 100 
 301 1362621734     176504 0 0 40.0 100 
 300 1362621734     186539 0 0 40.0 100 
 300 1362621734     196494 0 0 40.0 100 
 300 1362621734     206517 0 0 40.0 100 
 300 1362621734     216557 0 0 40.0 100 
 300 1362621734     226541 0 0 40.0 100 
 301 1362621734     236565 0 0 40.0 100 
 301 1362621734     246535 0 0 40.0 100 
 301 1362621734     256554 0 0 40.0 100 
 300 1362621734     266575 0 0 40.0 100 
 302 1362621734     276540 0 0 40.0 100 
 300 1362621734     286584 0 0 40.0 100 
 301 1362621734     296613 0 0 40.0 100 
 301 1362621734     306576 0 0 40.0 100 
 300 1362621734     316592 0 0 40.0 100 
 301 1362621734     326575 0 0 40.0 100 
 300 1362621734     336601 0 0 40.0 100 
 300 1362621734     346636 0 0 40.0 100 
 301 1362621734     356606 0 0 40.0 100 
 300 1362621734     366651 0 0 40.0 100 
 300 1362621734     376632 0 0 40.0 100 
 301 1362621734     386659 0 0 40.0 100 
 300 1362621734     396659 0 0 40.0 100 
 301 1362621734     406663 0 0 40.0 100 
 301 1362621734     416670 0 0 40.0 100 
 301 1362621734     426648 0 0 40.0 100 
 300 1362621734     436662 0 0 40.0 100 
 300 1362621734     446660 0 0 40.0 100 
 301 1362621734     456695 0 0 40.0 100 
 300 1362621734     466725 0 0 40.0 100 
 301 1362621734     476692 0 0 40.0 100 
 301 1362621734     486702 0 0 40.0 100 
 301 1362621734     496744 0 0 40.0 100 
 301 1362621734     506710 0 0 40.0 100 
 301 1362621734     516728 0 0 40.0 100 
 301 1362621734     526763 0 0 40.0 100 
 301 1362621734     536769 0 0 40.0 100 
 301 1362621734     546771 0 0 40.0 100 
 301 1362621734     556738 0 0 40.0 100 
 300 1362621734     566762 0 0 40.0 100 
 301 1362621734     576800 0 0 40.0 100 
 301 1362621734     586776 0 0 40.0 100 
 300 1362621734     596756 0 0 40.0 100 
 301 1362621734     606818 0 0 40.0 100 
 300 1362621734     616790 0 0 40.0 100 
 301 1362621734     626819 0 0 40.0 100 
 301 1362621734     636798 0 0 40.0 100 
 300 1362621734     646837 0 0 40.0 100 
 301 1362621734     656819 0 0 40.0 100 
 300 1362621734     666848 0 0 40.0 100 
 301 1362621734     676813 0 0 40.0 100 
 301 1362621734     686858 0 0 40.0 100 
 301 1362621734     696850 0 0 40.0 100 
 301 1362621734     706871 0 0 40.0 100 
 300 1362621734     716833 0 0 40.0 100 
 301 1362621734     726879 0 0 40.0 100 
 301 1362621734     736904 0 0 40.0 100 
 301 1362621734     746885 0 0 40.0 100 
 301 1362621734     756912 0 0 40.0 100 
 300 1362621734     766906 0 0 40.0 100 
 300 1362621734     776916 0 0 40.0 100 
 301 1362621734     786904 0 0 40.0 100 
 300 1362621734     796935 0 0 40.0 100 
 301 1362621734     806906 0 0 40.0 100 
 301 1362621734     816934 0 0 40.0 100 
 300 1362621734     826927 0 0 40.0 100 
 301 1362621734     836924 0 0 40.0 100 
 301 1362621734     846950 0 0 40.0 100 
 300 1362621734     856977 0 0 40.0 100 
 301 1362621734     866983 0 0 40.0 100 
 300 1362621734     876942 0 0 40.0 100 
 301 1362621734     886956 0 0 40.0 100 
 301 1362621734     896970 0 0 40.0 100 
 301 1362621734     906999 0 0 40.0 100 
 300 1362621734     917024 0 0 40.0 100 
 301 1362621734     926997 0 0 40.0 100 
 301 1362621734     937028 0 0 40.0 100 
 300 1362621734     946988 0 0 40.0 100 
 301 1362621734     957019 0 0 40.0 100 
 300 1362621734     967009 0 0 40.0 100 
 301 1362621734     977040 0 0 40.0 100 
 301 1362621734     987051 0 0 40.0 100 
 300 1362621734     997073 0 0 40.0 100 
 301 1362621735       7036 0 0 40.0 100 
 300 1362621735      17084 0 0 40.0 100 
 301 1362621735      27053 0 0 40.0 100 
 301 1362621735      37099 0 0 40.0 100 
 300 1362621735      47106 0 0 40.0 100 
 301 1362621735      57077 0 0 40.0 100 
 302 1362621735      67120 0 0 40.0 100 
 301 1362621735      77110 0 0 40.0 100 
 301 1362621735      87091 0 0 40.0 100 
 301 1362621735      97115 0 0 40.0 100 
 300 1362621735     107124 0 0 40.0 100 
 300 1362621735     117100 0 0 40.0 100 
 301 1362621735     127114 0 0 40.0 100 
 301 1362621735     137120 0 0 40.0 100 
 301 1362621735     147134 0 0 40.0 100 
 300 1362621735     157163 0 0 40.0 100 
 300 1362621735     167156 0 0 40.0 100 
 300 1362621735     177171 0 0 40.0 100 
 301 1362621735     187160 0 0 40.0 100 
 300 1362621735     197167 0 0 40.0 100 
 301 1362621735     207215 0 0 40.0 100 
 301 1362621735     217197 0 0 40.0 100 
 301 1362621735     227170 0 0 40.0 100 
 300 1362621735     237210 0 0 40.0 100 
 301 1362621735     247218 0 0 40.0 100 
 301 1362621735     257241 0 0 40.0 100 
 301 1362621735     267246 0 0 40.0 100 
 301 1362621735     277231 0 0 40.0 100 
 301 1362621735     287243 0 0 40.0 100 
 301 1362621735     297263 0 0 40.0 100 
 301 1362621735     307266 0 0 40.0 100 
 300 1362621735     317244 0 0 40.0 100 
 300 1362621735     327284 0 0 40.0 100 
 300 1362621735     337284 0 0 40.0 100 
 301 1362621735     347266 0 0 40.0 100 
 301 1362621735     357264 0 0 40.0 100 
 301 1362621735     367297 0 0 40.0 100 
 301 1362621735     377271 0 0 40.0 100 
 301 1362621735     387288 0 0 40.0 100 
 300 1362621735     397316 0 0 40.0 100 
 300 1362621735     407342 0 0 40.0 100 
 300 1362621735     417354 0 0 40.0 100 
 301 1362621735     427356 0 0 40.0 100 
 301 1362621735     437319 0 0 40.0 100 
 301 1362621735     447323 0 0 40.0 100 
 301 1362621735     457375 0 0 40.0 100 
 300 1362621735     467333 0 0 40.0 100 
 300 1362621735     477390 0 0 40.0 100 
 300 1362621735     487359 0 0 40.0 100 
 301 1362621735     497400 0 0 40.0 100 
 301 1362621735     507372 0 0 40.0 100 
 301 1362621735     517374 0 0 40.0 100 
 301 1362621735     527383 0 0 40.0 100 
 300 1362621735     537413 0 0 40.0 100 
 301 1362621735     547433 0 0 40.0 100 
 300 1362621735     557385 0 0 40.0 100 
 301 1362621735     567391 0 0 40.0 100 
 301 1362621735     577399 0 0 40.0 100 
 301 1362621735     587448 0 0 40.0 100 
 301 1362621735     597430 0 0 40.0 100 
 301 1362621735     607443 0 0 40.0 100 
 301 1362621735     617456 0 0 40.0 100 
 300 1362621735     627437 0 0 40.0 100 
 301 1362621735     637445 0 0 40.0 100 
 300 1362621735     647475 0 0 40.0 100 
 301 1362621735     657469 0 0 40.0 100 
 301 1362621735     667506 0 0 40.0 100 
 302 1362621735     677471 0 0 40.0 100 
 300 1362621735     687516 0 0 40.0 100 
 301 1362621735     697499 0 0 40.0 100 
 301 1362621735     707525 0 0 40.0 100 
 301 1362621735     717513 0 0 40.0 100 
 301 1362621735     727554 0 0 40.0 100 
 300 1362621735     737517 0 0 40.0 100 
 300 1362621735     747529 0 0 40.0 100 
 301 1362621735     757548 0 0 40.0 100 
 301 1362621735     767526 0 0 40.0 100 
 301 1362621735     777564 0 0 40.0 100 
 302 1362621735     787583 0 0 40.0 100 
 301 1362621735     797603 0 0 40.0 100 
 301 1362621735     807562 0 0 40.0 100 
 301 1362621735     817567 0 0 40.0 100 
 301 1362621735     827598 0 0 40.0 100 
 300 1362621735     837582 0 0 40.0 100 
 301 1362621735     847630 0 0 40.0 100 
 300 1362621735     857583 0 0 40.0 100 
 300 1362621735     867610 0 0 40.0 100 
 301 1362621735     877624 0 0 40.0 100 
 301 1362621735     887607 0 0 40.0 100 
 301 1362621735     897616 0 0 40.0 100 
 301 1362621735     907620 0 0 40.0 100 
 301 1362621735     917656 0 0 40.0 100 
 301 1362621735     927679 0 0 40.0 100 
 300 1362621735     937680 0 0 40.0 100 
 301 1362621735     947663 0 0 40.0 100 
 301 1362621735     957712 0 0 40.0 100 
 300 1362621735     967693 0 0 40.0 100 
 300 1362621735     977701 0 0 40.0 100 
 300 1362621735     987680 0 0 40.0 100 
 301 1362621735     997716 0 0 40.0 100 
 301 1362621736       7745 0 0 40.0 100 
 301 1362621736      17738 0 0 40.0 100 
 301 1362621736      27695 0 0 40.0 100 
 301 1362621736      37745 0 0 40.0 100 
 300 1362621736      47760 0 0 40.0 100 
 301 1362621736      57740 0 0 40.0 100 
 301 1362621736      67745 0 0 40.0 100 
 301 1362621736      77758 0 0 40.0 100 
 301 1362621736      87781 0 0 40.0 100 
 301 1362621736      97771 0 0 40.0 100 
 301 1362621736     107781 0 0 40.0 100 
 301 1362621736     117764 0 0 40.0 100 
 301 1362621736     127823 0 0 40.0 100 
 301 1362621736     137787 0 0 40.0 100 
 301 1362621736     147830 0 0 40.0 100 
 301 1362621736     157787 0 0 40.0 100 
 301 1362621736     167832 0 0 40.0 100 
 301 1362621736     177816 0 0 40.0 100 
 301 1362621736     187849 0 0 40.0 100 
 300 1362621736     197858 0 0 40.0 100 
 301 1362621736     207817 0 0 40.0 100 
 301 1362621736     217851 0 0 40.0 100 
 301 1362621736     227842 0 0 40.0 100 
 301 1362621736     237866 0 0 40.0 100 
 301 1362621736     247854 0 0 40.0 100 
 300 1362621736     257898 0 0 40.0 100 
 301 1362621736     267855 0 0 40.0 100 
 301 1362621736     277888 0 0 40.0 100 
 301 1362621736     287926 0 0 40.0 100 
 301 1362621736     297894 0 0 40.0 100 
 300 1362621736     307921 0 0 40.0 100 
 300 1362621736     317891 0 0 40.0 100 
 302 1362621736     327933 0 0 40.0 100 
 301 1362621736     337954 0 0 40.0 100 
 300 1362621736     347952 0 0 40.0 100 
 301 1362621736     357917 0 0 40.0 100 
 300 1362621736     367941 0 0 40.0 100 
 301 1362621736     377948 0 0 40.0 100 
 301 1362621736     387992 0 0 40.0 100 
 301 1362621736     397957 0 0 40.0 100 
 300 1362621736     407976 0 0 40.0 100 
 301 1362621736     417993 0 0 40.0 100 
 301 1362621736     427984 0 0 40.0 100 
 301 1362621736     437975 0 0 40.0 100 
 300 1362621736     448021 0 0 40.0 100 
 300 1362621736     457981 0 0 40.0 100 
 301 1362621736     467998 0 0 40.0 100 
 301 1362621736     478034 0 0 40.0 100 
 300 1362621736     488063 0 0 40.0 100 
 301 1362621736     498054 0 0 40.0 100 
 300 1362621736     508028 0 0 40.0 100 
 301 1362621736     518076 0 0 40.0 100 
 301 1362621736     528061 0 0 40.0 100 
 301 1362621736     538079 0 0 40.0 100 
 300 1362621736     548072 0 0 40.0 100 
 301 1362621736     558093 0 0 40.0 100 
 301 1362621736     568097 0 0 40.0 100 
 301 1362621736     578078 0 0 40.0 100 
 301 1362621736     588081 0 0 40.0 100 
 300 1362621736     598123 0 0 40.0 100 
 300 1362621736     608131 0 0 40.0 100 
 301 1362621736     618140 0 0 40.0 100 
 301 1362621736     628100 0 0 40.0 100 
 301 1362621736     638137 0 0 40.0 100 
 300 1362621736     648167 0 0 40.0 100 
 301 1362621736     658172 0 0 40.0 100 
 301 1362621736     668144 0 0 40.0 100 
 301 1362621736     678147 0 0 40.0 100 
 300 1362621736     688176 0 0 40.0 100 
 301 1362621736     698187 0 0 40.0 100 
 300 1362621736     708148 0 0 40.0 100 
 300 1362621736     718172 0 0 40.0 100 
 302 1362621736     728170 0 0 40.0 100 
 301 1362621736     738213 0 0 40.0 100 
 300 1362621736     748227 0 0 40.0 100 
 302 1362621736     758193 0 0 40.0 100 
 301 1362621736     768243 0 0 40.0 100 
 301 1362621736     778200 0 0 40.0 100 
 301 1362621736     788228 0 0 40.0 100 
 301 1362621736     798251 0 0 40.0 100 
 300 1362621736     808232 0 0 40.0 100 
 301 1362621736     818275 0 0 40.0 100 
 301 1362621736     828260 0 0 40.0 100 
 300 1362621736     838244 0 0 40.0 100 
 301 1362621736     848283 0 0 40.0 100 
 301 1362621736     858292 0 0 40.0 100 
 300 1362621736     868252 0 0 40.0 100 
 301 1362621736     878275 0 0 40.0 100 
 301 1362621736     888289 0 0 40.0 100 
 300 1362621736     898304 0 0 40.0 100 
 300 1362621736     908316 0 0 40.0 100 
 300 1362621736     918292 0 0 40.0 100 
 301 1362621736     928319 0 0 40.0 100 
 301 1362621736     938324 0 0 40.0 100 
 301 1362621736     948357 0 0 40.0 100 
 301 1362621736     958330 0 0 40.0 100 
 300 1362621736     968382 0 0 40.0 100 
 301 1362621736     978355 0 0 40.0 100 
 301 1362621736     988388 0 0 40.0 100 
 300 1362621736     998370 0 0 40.0 100 
 300 1362621737       8377 0 0 40.0 100 
 301 1362621737      18353 0 0 40.0 100 
 300 1362621737      28401 0 0 40.0 100 
 301 1362621737      38382 0 0 40.0 100 
 300 1362621737      48400 0 0 40.0 100 
 300 1362621737      58427 0 0 40.0 100 
 301 1362621737      68412 0 0 40.0 100 
 301 1362621737      78428 0 0 40.0 100 
 300 1362621737      88452 0 0 40.0 100 
 302 1362621737      98435 0 0 40.0 100 
 301 1362621737     108428 0 0 40.0 100 
 301 1362621737     118442 0 0 40.0 100 
 301 1362621737     128443 0 0 40.0 100 
 301 1362621737     138464 0 0 40.0 100 
 300 1362621737     148459 0 0 40.0 100 
 301 1362621737     158452 0 0 40.0 100 
 301 1362621737     168449 0 0 40.0 100 
 300 1362621737     178459 0 0 40.0 100 
 301 1362621737     188465 0 0 40.0 100 
 301 1362621737     198494 0 0 40.0 100 
 301 1362621737     208535 0 0 40.0 100 
 300 1362621737     218519 0 0 40.0 100 
 300 1362621737     228533 0 0 40.0 100 
 301 1362621737     238559 0 0 40.0 100 
 301 1362621737     248522 0 0 40.0 100 
 301 1362621737     258557 0 0 40.0 100 
 301 1362621737     268543 0 0 40.0 100 
 300 1362621737     278522 0 0 40.0 100 
 300 1362621737     288544 0 0 40.0 100 
 301 1362621737     298590 0 0 40.0 100 
 301 1362621737     308561 0 0 40.0 100 
 300 1362621737     318596 0 0 40.0 100 
 301 1362621737     328614 0 0 40.0 100 
 301 1362621737     338582 0 0 40.0 100 
 301 1362621737     348630 0 0 40.0 100 
 300 1362621737     358605 0 0 40.0 100 
 301 1362621737     368591 0 0 40.0 100 
 300 1362621737     378591 0 0 40.0 100 
 302 1362621737     388601 0 0 40.0 100 
 301 1362621737     398647 0 0 40.0 100 
 301 1362621737     408671 0 0 40.0 100 
 300 1362621737     418654 0 0 40.0 100 
 301 1362621737     428633 0 0 40.0 100 
 302 1362621737     438661 0 0 40.0 100 
 301 1362621737     448635 0 0 40.0 100 
 301 1362621737     458680 0 0 40.0 100 
 301 1362621737     468652 0 0 40.0 100 
 301 1362621737     478686 0 0 40.0 100 
 300 1362621737     488683 0 0 40.0 100 
 300 1362621737     498724 0 0 40.0 100 
 301 1362621737     508701 0 0 40.0 100 
 300 1362621737     518741 0 0 40.0 100 
 301 1362621737     528707 0 0 40.0 100 
 300 1362621737     538743 0 0 40.0 100 
 300 1362621737     548745 0 0 40.0 100 
 301 1362621737     558753 0 0 40.0 100 
 300 1362621737     568727 0 0 40.0 100 
 301 1362621737     578757 0 0 40.0 100 
 302 1362621737     588734 0 0 40.0 100 
 300 1362621737     598793 0 0 40.0 100 
 301 1362621737     608754 0 0 40.0 100 
 301 1362621737     618765 0 0 40.0 100 
 300 1362621737     628795 0 0 40.0 100 
 301 1362621737     638783 0 0 40.0 100 
 301 1362621737     648811 0 0 40.0 100 
 300 1362621737     658837 0 0 40.0 100 
 301 1362621737     668782 0 0 40.0 100 
 301 1362621737     678798 0 0 40.0 100 
 300 1362621737     688836 0 0 40.0 100 
 300 1362621737     698857 0 0 40.0 100 
 301 1362621737     708827 0 0 40.0 100 
 300 1362621737     718840 0 0 40.0 100 
 301 1362621737     728875 0 0 40.0 100 
 300 1362621737     738860 0 0 40.0 100 
 301 1362621737     748837 0 0 40.0 100 
 301 1362621737     758870 0 0 40.0 100 
 301 1362621737     768887 0 0 40.0 100 
 301 1362621737     778897 0 0 40.0 100 
 301 1362621737     788876 0 0 40.0 100 
 300 1362621737     798918 0 0 40.0 100 
 301 1362621737     808938 0 0 40.0 100 
 302 1362621737     818886 0 0 40.0 100 
 300 1362621737     828893 0 0 40.0 100 
 301 1362621737     838942 0 0 40.0 100 
 302 1362621737     848936 0 0 40.0 100 
 301 1362621737     858941 0 0 40.0 100 
 300 1362621737     868978 0 0 40.0 100 
 301 1362621737     878935 0 0 40.0 100 
 300 1362621737     888987 0 0 40.0 100 
 300 1362621737     898966 0 0 40.0 100 
 301 1362621737     908992 0 0 40.0 100 
 300 1362621737     918953 0 0 40.0 100 
 300 1362621737     928987 0 0 40.0 100 
 301 1362621737     939016 0 0 40.0 100 
 301 1362621737     948983 0 0 40.0 100 
 301 1362621737     958985 0 0 40.0 100 
 300 1362621737     968998 0 0 40.0 100 
 301 1362621737     979025 0 0 40.0 100 
 302 1362621737     989056 0 0 40.0 100 
 301 1362621737     999006 0 0 40.0 100 
 301 1362621738       9047 0 0 40.0 100 
 301 1362621738      19019 0 0 40.0 100 
 301 1362621738      29040 0 0 40.0 100 
 300 1362621738      39081 0 0 40.0 100 
 301 1362621738      49052 0 0 40.0 100 
 300 1362621738      59073 0 0 40.0 100 
 300 1362621738      69046 0 0 40.0 100 
 301 1362621738      79081 0 0 40.0 100 
 301 1362621738      89069 0 0 40.0 100 
 300 1362621738      99096 0 0 40.0 100 
 301 1362621738     109076 0 0 40.0 100 
 301 1362621738     119106 0 0 40.0 100 
 300 1362621738     129125 0 0 40.0 100 
 301 1362621738     139104 0 0 40.0 100 
 301 1362621738     149132 0 0 40.0 100 
 300 1362621738     159103 0 0 40.0 100 
 300 1362621738     169144 0 0 40.0 100 
 299 1362621738     179180 0 0 40.0 100 
 301 1362621738     189145 0 0 40.0 100 
 302 1362621738     199191 0 0 40.0 100 
 301 1362621738     209178 0 0 40.0 100 
 301 1362621738     219156 0 0 40.0 100 
 300 1362621738     229186 0 0 40.0 100 
 301 1362621738     239208 0 0 40.0 100 
 301 1362621738     249166 0 0 40.0 100 
 301 1362621738     259176 0 0 40.0 100 
 301 1362621738     269193 0 0 40.0 100 
 301 1362621738     279204 0 0 40.0 100 
 300 1362621738     289233 0 0 40.0 100 
 300 1362621738     299211 0 0 40.0 100 
 301 1362621738     309259 0 0 40.0 100 
 301 1362621738     319249 0 0 40.0 100 
 300 1362621738     329239 0 0 40.0 100 
 301 1362621738     339225 0 0 40.0 100 
 300 1362621738     349293 0 0 40.0 100 
 300 1362621738     359283 0 0 40.0 100 
 301 1362621738     369257 0 0 40.0 100 
 301 1362621738     379299 0 0 40.0 100 
 300 1362621738     389259 0 0 40.0 100 
 300 1362621738     399280 0 0 40.0 100 
 301 1362621738     409268 0 0 40.0 100 
 301 1362621738     419282 0 0 40.0 100 
 301 1362621738     429306 0 0 40.0 100 
 300 1362621738     439341 0 0 40.0 100 
 301 1362621738     449328 0 0 40.0 100 
 300 1362621738     459303 0 0 40.0 100 
 301 1362621738     469334 0 0 40.0 100 
 301 1362621738     479372 0 0 40.0 100 
 301 1362621738     489340 0 0 40.0 100 
 300 1362621738     499380 0 0 40.0 100 
 302 1362621738     509337 0 0 40.0 100 
 301 1362621738     519343 0 0 40.0 100 
 301 1362621738     529356 0 0 40.0 100 
 301 1362621738     539394 0 0 40.0 100 
 301 1362621738     549365 0 0 40.0 100 
 301 1362621738     559414 0 0 40.0 100 
 301 1362621738     569380 0 0 40.0 100 
 301 1362621738     579390 0 0 40.0 100 
 301 1362621738     589403 0 0 40.0 100 
 301 1362621738     599443 0 0 40.0 100 
 300 1362621738     609424 0 0 40.0 100 
 301 1362621738     619454 0 0 40.0 100 
 301 1362621738     629424 0 0 40.0 100 
 301 1362621738     639461 0 0 40.0 100 
 301 1362621738     649485 0 0 40.0 100 
 301 1362621738     659452 0 0 40.0 100 
 301 1362621738     669457 0 0 40.0 100 
 301 1362621738     679502 0 0 40.0 100 
 301 1362621738     689514 0 0 40.0 100 
 301 1362621738     699487 0 0 40.0 100 
