 304 1362622401     317418 0 2 40.0 100.0 
 303 1362622401     327414 0 2 40.0 100.0 
 303 1362622401     337458 0 2 40.0 100.0 
 303 1362622401     347433 0 2 40.0 100.0 
 303 1362622401     357455 0 2 40.0 100.0 
 303 1362622401     367464 0 2 40.0 100.0 
 303 1362622401     377486 0 2 40.0 100.0 
 304 1362622401     387498 0 2 40.0 100.0 
 303 1362622401     397460 0 2 40.0 100.0 
 304 1362622401     407509 0 2 40.0 100.0 
 302 1362622401     417528 0 2 40.0 100.0 
 304 1362622401     427478 0 2 40.0 100.0 
 303 1362622401     437493 0 2 40.0 100.0 
 304 1362622401     447516 0 2 40.0 100.0 
 304 1362622401     457535 0 2 40.0 100.0 
 304 1362622401     467549 0 2 40.0 100.0 
 303 1362622401     477506 0 2 40.0 100.0 
 303 1362622401     487519 0 2 40.0 100.0 
 304 1362622401     497560 0 2 40.0 100.0 
 303 1362622401     507587 0 2 40.0 100.0 
 303 1362622401     517534 0 2 40.0 100.0 
 303 1362622401     527590 0 2 40.0 100.0 
 303 1362622401     537547 0 2 40.0 100.0 
 303 1362622401     547568 0 2 40.0 100.0 
 303 1362622401     557593 0 2 40.0 100.0 
 304 1362622401     567603 0 2 40.0 100.0 
 304 1362622401     577614 0 2 40.0 100.0 
 304 1362622401     587636 0 2 40.0 100.0 
 304 1362622401     597594 0 2 40.0 100.0 
 304 1362622401     607627 0 2 40.0 100.0 
 303 1362622401     617642 0 2 40.0 100.0 
 304 1362622401     627665 0 2 40.0 100.0 
 304 1362622401     637616 0 2 40.0 100.0 
 304 1362622401     647635 0 2 40.0 100.0 
 303 1362622401     657672 0 2 40.0 100.0 
 302 1362622401     667687 0 2 40.0 100.0 
 304 1362622401     677646 0 2 40.0 100.0 
 303 1362622401     687668 0 2 40.0 100.0 
 303 1362622401     697649 0 2 40.0 100.0 
 303 1362622401     707668 0 2 40.0 100.0 
 303 1362622401     717698 0 2 40.0 100.0 
 303 1362622401     727716 0 2 40.0 100.0 
 303 1362622401     737720 0 2 40.0 100.0 
 304 1362622401     747735 0 2 40.0 100.0 
 303 1362622401     757690 0 2 40.0 100.0 
 303 1362622401     767761 0 2 40.0 100.0 
 303 1362622401     777715 0 2 40.0 100.0 
 303 1362622401     787752 0 2 40.0 100.0 
 303 1362622401     797722 0 2 40.0 100.0 
 303 1362622401     807758 0 2 40.0 100.0 
 303 1362622401     817726 0 2 40.0 100.0 
 303 1362622401     827737 0 2 40.0 100.0 
 304 1362622401     837773 0 2 40.0 100.0 
 303 1362622401     847800 0 2 40.0 100.0 
 304 1362622401     857761 0 2 40.0 100.0 
 303 1362622401     867786 0 2 40.0 100.0 
 304 1362622401     877801 0 2 40.0 100.0 
 304 1362622401     887837 0 2 40.0 100.0 
 303 1362622401     897787 0 2 40.0 100.0 
 303 1362622401     907812 0 2 40.0 100.0 
 303 1362622401     917833 0 2 40.0 100.0 
 303 1362622401     927847 0 2 40.0 100.0 
 303 1362622401     937876 0 2 40.0 100.0 
 304 1362622401     947828 0 2 40.0 100.0 
 303 1362622401     957838 0 2 40.0 100.0 
 303 1362622401     967865 0 2 40.0 100.0 
 303 1362622401     977889 0 2 40.0 100.0 
 303 1362622401     987896 0 2 40.0 100.0 
 304 1362622401     997858 0 2 40.0 100.0 
 303 1362622402       7869 0 2 40.0 100.0 
 303 1362622402      17911 0 2 40.0 100.0 
 302 1362622402      27919 0 2 40.0 100.0 
 304 1362622402      37876 0 2 40.0 100.0 
 303 1362622402      47884 0 2 40.0 100.0 
 304 1362622402      57891 0 2 40.0 100.0 
 303 1362622402      67919 0 2 40.0 100.0 
 303 1362622402      77930 0 2 40.0 100.0 
 303 1362622402      87955 0 2 40.0 100.0 
 304 1362622402      97982 0 2 40.0 100.0 
 304 1362622402     107990 0 2 40.0 100.0 
 303 1362622402     117966 0 2 40.0 100.0 
 303 1362622402     127968 0 2 40.0 100.0 
 303 1362622402     138009 0 2 40.0 100.0 
 303 1362622402     147962 0 2 40.0 100.0 
 303 1362622402     157978 0 2 40.0 100.0 
 303 1362622402     168002 0 2 40.0 100.0 
 303 1362622402     177963 0 2 40.0 100.0 
 303 1362622402     187987 0 2 40.0 100.0 
 303 1362622402     198021 0 2 40.0 100.0 
 303 1362622402     208037 0 2 40.0 100.0 
 304 1362622402     217990 0 2 40.0 100.0 
 304 1362622402     228001 0 2 40.0 100.0 
 303 1362622402     238014 0 2 40.0 100.0 
 304 1362622402     248041 0 2 40.0 100.0 
 303 1362622402     258059 0 2 40.0 100.0 
 304 1362622402     268093 0 2 40.0 100.0 
 304 1362622402     278046 0 2 40.0 100.0 
 303 1362622402     288082 0 2 40.0 100.0 
 303 1362622402     298042 0 2 40.0 100.0 
 303 1362622402     308077 0 2 40.0 100.0 
 303 1362622402     318102 0 2 40.0 100.0 
 303 1362622402     328105 0 2 40.0 100.0 
 304 1362622402     338081 0 2 40.0 100.0 
 303 1362622402     348106 0 2 40.0 100.0 
 304 1362622402     358135 0 2 40.0 100.0 
 303 1362622402     368100 0 2 40.0 100.0 
 303 1362622402     378112 0 2 40.0 100.0 
 304 1362622402     388155 0 2 40.0 100.0 
 303 1362622402     398166 0 2 40.0 100.0 
 303 1362622402     408116 0 2 40.0 100.0 
 303 1362622402     418143 0 2 40.0 100.0 
 303 1362622402     428150 0 2 40.0 100.0 
 303 1362622402     438184 0 2 40.0 100.0 
 303 1362622402     448211 0 2 40.0 100.0 
 303 1362622402     458179 0 2 40.0 100.0 
 303 1362622402     468205 0 2 40.0 100.0 
 303 1362622402     478224 0 2 40.0 100.0 
 302 1362622402     488176 0 2 40.0 100.0 
 303 1362622402     498186 0 2 40.0 100.0 
 303 1362622402     508216 0 2 40.0 100.0 
 303 1362622402     518241 0 2 40.0 100.0 
 303 1362622402     528199 0 2 40.0 100.0 
 304 1362622402     538216 0 2 40.0 100.0 
 303 1362622402     548264 0 2 40.0 100.0 
 304 1362622402     558234 0 2 40.0 100.0 
 303 1362622402     568248 0 2 40.0 100.0 
 304 1362622402     578256 0 2 40.0 100.0 
 303 1362622402     588273 0 2 40.0 100.0 
 303 1362622402     598307 0 2 40.0 100.0 
 304 1362622402     608267 0 2 40.0 100.0 
 303 1362622402     618297 0 2 40.0 100.0 
 304 1362622402     628305 0 2 40.0 100.0 
 303 1362622402     638326 0 2 40.0 100.0 
 304 1362622402     648278 0 2 40.0 100.0 
 304 1362622402     658305 0 2 40.0 100.0 
 303 1362622402     668317 0 2 40.0 100.0 
 304 1362622402     678319 0 2 40.0 100.0 
 304 1362622402     688336 0 2 40.0 100.0 
 304 1362622402     698367 0 2 40.0 100.0 
 304 1362622402     708317 0 2 40.0 100.0 
 304 1362622402     718340 0 2 40.0 100.0 
 303 1362622402     728346 0 2 40.0 100.0 
 303 1362622402     738399 0 2 40.0 100.0 
 303 1362622402     748362 0 2 40.0 100.0 
 303 1362622402     758412 0 2 40.0 100.0 
 302 1362622402     768386 0 2 40.0 100.0 
 303 1362622402     778397 0 2 40.0 100.0 
 304 1362622402     788420 0 2 40.0 100.0 
 302 1362622402     798434 0 2 40.0 100.0 
 303 1362622402     808390 0 2 40.0 100.0 
 303 1362622402     818414 0 2 40.0 100.0 
 304 1362622402     828412 0 2 40.0 100.0 
 303 1362622402     838448 0 2 40.0 100.0 
 303 1362622402     848479 0 2 40.0 100.0 
 303 1362622402     858431 0 2 40.0 100.0 
 304 1362622402     868452 0 2 40.0 100.0 
 304 1362622402     878460 0 2 40.0 100.0 
 303 1362622402     888495 0 2 40.0 100.0 
 303 1362622402     898446 0 2 40.0 100.0 
 304 1362622402     908472 0 2 40.0 100.0 
 303 1362622402     918496 0 2 40.0 100.0 
 303 1362622402     928491 0 2 40.0 100.0 
 304 1362622402     938520 0 2 40.0 100.0 
 303 1362622402     948530 0 2 40.0 100.0 
 303 1362622402     958551 0 2 40.0 100.0 
 304 1362622402     968517 0 2 40.0 100.0 
 303 1362622402     978527 0 2 40.0 100.0 
 303 1362622402     988557 0 2 40.0 100.0 
 303 1362622402     998561 0 2 40.0 100.0 
 303 1362622403       8529 0 2 40.0 100.0 
 303 1362622403      18566 0 2 40.0 100.0 
 303 1362622403      28530 0 2 40.0 100.0 
 304 1362622403      38578 0 2 40.0 100.0 
 303 1362622403      48554 0 2 40.0 100.0 
 304 1362622403      58591 0 2 40.0 100.0 
 303 1362622403      68552 0 2 40.0 100.0 
 304 1362622403      78587 0 2 40.0 100.0 
 303 1362622403      88621 0 2 40.0 100.0 
 302 1362622403      98597 0 2 40.0 100.0 
 303 1362622403     108610 0 2 40.0 100.0 
 303 1362622403     118612 0 2 40.0 100.0 
 303 1362622403     128646 0 2 40.0 100.0 
 303 1362622403     138645 0 2 40.0 100.0 
 303 1362622403     148620 0 2 40.0 100.0 
 303 1362622403     158616 0 2 40.0 100.0 
 303 1362622403     168689 0 2 40.0 100.0 
 304 1362622403     178663 0 2 40.0 100.0 
 303 1362622403     188658 0 2 40.0 100.0 
 303 1362622403     198655 0 2 40.0 100.0 
 303 1362622403     208687 0 2 40.0 100.0 
 304 1362622403     218713 0 2 40.0 100.0 
 303 1362622403     228665 0 2 40.0 100.0 
 303 1362622403     238679 0 2 40.0 100.0 
 303 1362622403     248710 0 2 40.0 100.0 
 303 1362622403     258715 0 2 40.0 100.0 
 303 1362622403     268747 0 2 40.0 100.0 
 303 1362622403     278744 0 2 40.0 100.0 
 304 1362622403     288768 0 2 40.0 100.0 
 303 1362622403     298730 0 2 40.0 100.0 
 304 1362622403     308766 0 2 40.0 100.0 
 304 1362622403     318775 0 2 40.0 100.0 
 304 1362622403     328782 0 2 40.0 100.0 
 303 1362622403     338732 0 2 40.0 100.0 
 304 1362622403     348766 0 2 40.0 100.0 
 304 1362622403     358799 0 2 40.0 100.0 
 303 1362622403     368823 0 2 40.0 100.0 
 303 1362622403     378822 0 2 40.0 100.0 
 304 1362622403     388794 0 2 40.0 100.0 
 304 1362622403     398832 0 2 40.0 100.0 
 303 1362622403     408840 0 2 40.0 100.0 
 303 1362622403     418797 0 2 40.0 100.0 
 303 1362622403     428789 0 2 40.0 100.0 
 303 1362622403     438811 0 2 40.0 100.0 
 304 1362622403     448842 0 2 40.0 100.0 
 303 1362622403     458875 0 2 40.0 100.0 
 303 1362622403     468837 0 2 40.0 100.0 
 303 1362622403     478837 0 2 40.0 100.0 
 304 1362622403     488857 0 2 40.0 100.0 
 303 1362622403     498892 0 2 40.0 100.0 
 303 1362622403     508909 0 2 40.0 100.0 
 304 1362622403     518886 0 2 40.0 100.0 
 303 1362622403     528901 0 2 40.0 100.0 
 303 1362622403     538920 0 2 40.0 100.0 
 303 1362622403     548938 0 2 40.0 100.0 
 304 1362622403     558883 0 2 40.0 100.0 
 303 1362622403     568924 0 2 40.0 100.0 
 304 1362622403     578946 0 2 40.0 100.0 
 303 1362622403     588907 0 2 40.0 100.0 
 303 1362622403     598949 0 2 40.0 100.0 
 303 1362622403     608958 0 2 40.0 100.0 
 303 1362622403     618929 0 2 40.0 100.0 
 303 1362622403     628993 0 2 40.0 100.0 
 304 1362622403     638977 0 2 40.0 100.0 
 303 1362622403     648966 0 2 40.0 100.0 
 303 1362622403     658997 0 2 40.0 100.0 
 304 1362622403     669001 0 2 40.0 100.0 
 303 1362622403     679005 0 2 40.0 100.0 
 304 1362622403     688965 0 2 40.0 100.0 
 303 1362622403     698999 0 2 40.0 100.0 
 303 1362622403     708980 0 2 40.0 100.0 
 303 1362622403     719007 0 2 40.0 100.0 
 303 1362622403     729010 0 2 40.0 100.0 
 303 1362622403     739028 0 2 40.0 100.0 
 303 1362622403     749059 0 2 40.0 100.0 
 304 1362622403     759018 0 2 40.0 100.0 
 303 1362622403     769052 0 2 40.0 100.0 
 303 1362622403     779070 0 2 40.0 100.0 
 304 1362622403     789085 0 2 40.0 100.0 
 304 1362622403     799040 0 2 40.0 100.0 
 304 1362622403     809072 0 2 40.0 100.0 
 304 1362622403     819115 0 2 40.0 100.0 
 304 1362622403     829074 0 2 40.0 100.0 
 304 1362622403     839091 0 2 40.0 100.0 
 304 1362622403     849114 0 2 40.0 100.0 
 304 1362622403     859129 0 2 40.0 100.0 
 302 1362622403     869145 0 2 40.0 100.0 
 303 1362622403     879138 0 2 40.0 100.0 
 303 1362622403     889095 0 2 40.0 100.0 
 303 1362622403     899127 0 2 40.0 100.0 
 303 1362622403     909150 0 2 40.0 100.0 
 303 1362622403     919177 0 2 40.0 100.0 
 303 1362622403     929188 0 2 40.0 100.0 
 304 1362622403     939147 0 2 40.0 100.0 
 304 1362622403     949175 0 2 40.0 100.0 
 304 1362622403     959199 0 2 40.0 100.0 
 304 1362622403     969162 0 2 40.0 100.0 
 303 1362622403     979213 0 2 40.0 100.0 
 303 1362622403     989174 0 2 40.0 100.0 
 303 1362622403     999208 0 2 40.0 100.0 
 304 1362622404       9236 0 2 40.0 100.0 
 303 1362622404      19189 0 2 40.0 100.0 
 304 1362622404      29190 0 2 40.0 100.0 
 303 1362622404      39205 0 2 40.0 100.0 
 303 1362622404      49325 0 2 40.0 100.0 
 304 1362622404      59270 0 2 40.0 100.0 
 303 1362622404      69230 0 2 40.0 100.0 
 303 1362622404      79231 0 2 40.0 100.0 
 304 1362622404      89257 0 2 40.0 100.0 
 304 1362622404      99271 0 2 40.0 100.0 
 303 1362622404     109251 0 2 40.0 100.0 
 303 1362622404     119281 0 2 40.0 100.0 
 304 1362622404     129275 0 2 40.0 100.0 
 304 1362622404     139297 0 2 40.0 100.0 
 303 1362622404     149328 0 2 40.0 100.0 
 303 1362622404     159288 0 2 40.0 100.0 
 304 1362622404     169311 0 2 40.0 100.0 
 302 1362622404     179323 0 2 40.0 100.0 
 304 1362622404     189291 0 2 40.0 100.0 
 303 1362622404     199321 0 2 40.0 100.0 
 304 1362622404     209347 0 2 40.0 100.0 
 303 1362622404     219350 0 2 40.0 100.0 
 304 1362622404     229381 0 2 40.0 100.0 
 303 1362622404     239331 0 2 40.0 100.0 
 303 1362622404     249360 0 2 40.0 100.0 
 304 1362622404     259382 0 2 40.0 100.0 
 302 1362622404     269403 0 2 40.0 100.0 
 303 1362622404     279399 0 2 40.0 100.0 
 303 1362622404     289373 0 2 40.0 100.0 
 303 1362622404     299420 0 2 40.0 100.0 
 304 1362622404     309386 0 2 40.0 100.0 
 303 1362622404     319391 0 2 40.0 100.0 
 303 1362622404     329405 0 2 40.0 100.0 
 303 1362622404     339429 0 2 40.0 100.0 
 303 1362622404     349406 0 2 40.0 100.0 
 302 1362622404     359429 0 2 40.0 100.0 
 304 1362622404     369425 0 2 40.0 100.0 
 303 1362622404     379434 0 2 40.0 100.0 
 303 1362622404     389418 0 2 40.0 100.0 
 304 1362622404     399446 0 2 40.0 100.0 
 303 1362622404     409424 0 2 40.0 100.0 
 303 1362622404     419450 0 2 40.0 100.0 
 303 1362622404     429459 0 2 40.0 100.0 
 304 1362622404     439480 0 2 40.0 100.0 
 304 1362622404     449454 0 2 40.0 100.0 
 304 1362622404     459518 0 2 40.0 100.0 
 303 1362622404     469484 0 2 40.0 100.0 
 303 1362622404     479529 0 2 40.0 100.0 
 303 1362622404     489503 0 2 40.0 100.0 
 304 1362622404     499539 0 2 40.0 100.0 
 303 1362622404     509508 0 2 40.0 100.0 
 303 1362622404     519560 0 2 40.0 100.0 
 304 1362622404     529535 0 2 40.0 100.0 
 302 1362622404     539523 0 2 40.0 100.0 
 303 1362622404     549536 0 2 40.0 100.0 
 303 1362622404     559566 0 2 40.0 100.0 
 304 1362622404     569541 0 2 40.0 100.0 
 303 1362622404     579595 0 2 40.0 100.0 
 303 1362622404     589589 0 2 40.0 100.0 
 304 1362622404     599556 0 2 40.0 100.0 
 303 1362622404     609574 0 2 40.0 100.0 
 304 1362622404     619588 0 2 40.0 100.0 
 303 1362622404     629586 0 2 40.0 100.0 
 304 1362622404     639624 0 2 40.0 100.0 
 302 1362622404     649625 0 2 40.0 100.0 
 303 1362622404     659624 0 2 40.0 100.0 
 303 1362622404     669650 0 2 40.0 100.0 
 303 1362622404     679629 0 2 40.0 100.0 
 303 1362622404     689634 0 2 40.0 100.0 
 303 1362622404     699676 0 2 40.0 100.0 
 304 1362622404     709665 0 2 40.0 100.0 
 304 1362622404     719673 0 2 40.0 100.0 
 304 1362622404     729672 0 2 40.0 100.0 
 304 1362622404     739673 0 2 40.0 100.0 
 304 1362622404     749705 0 2 40.0 100.0 
 303 1362622404     759686 0 2 40.0 100.0 
 303 1362622404     769721 0 2 40.0 100.0 
 304 1362622404     779689 0 2 40.0 100.0 
 302 1362622404     789710 0 2 40.0 100.0 
 303 1362622404     799718 0 2 40.0 100.0 
 303 1362622404     809734 0 2 40.0 100.0 
 303 1362622404     819749 0 2 40.0 100.0 
 303 1362622404     829711 0 2 40.0 100.0 
 303 1362622404     839757 0 2 40.0 100.0 
 303 1362622404     849716 0 2 40.0 100.0 
 303 1362622404     859732 0 2 40.0 100.0 
 304 1362622404     869760 0 2 40.0 100.0 
 303 1362622404     879770 0 2 40.0 100.0 
 304 1362622404     889796 0 2 40.0 100.0 
 303 1362622404     899757 0 2 40.0 100.0 
 304 1362622404     909756 0 2 40.0 100.0 
 304 1362622404     919792 0 2 40.0 100.0 
 304 1362622404     929827 0 2 40.0 100.0 
 303 1362622404     939823 0 2 40.0 100.0 
 303 1362622404     949836 0 2 40.0 100.0 
 303 1362622404     959823 0 2 40.0 100.0 
 303 1362622404     969821 0 2 40.0 100.0 
 303 1362622404     979863 0 2 40.0 100.0 
 303 1362622404     989859 0 2 40.0 100.0 
 303 1362622404     999864 0 2 40.0 100.0 
 303 1362622405       9833 0 2 40.0 100.0 
 304 1362622405      19866 0 2 40.0 100.0 
 304 1362622405      29863 0 2 40.0 100.0 
 303 1362622405      39871 0 2 40.0 100.0 
 304 1362622405      49892 0 2 40.0 100.0 
 303 1362622405      59904 0 2 40.0 100.0 
 304 1362622405      69890 0 2 40.0 100.0 
 304 1362622405      79878 0 2 40.0 100.0 
 303 1362622405      89926 0 2 40.0 100.0 
 304 1362622405      99887 0 2 40.0 100.0 
 303 1362622405     109939 0 2 40.0 100.0 
 303 1362622405     119910 0 2 40.0 100.0 
 303 1362622405     129943 0 2 40.0 100.0 
 303 1362622405     139967 0 2 40.0 100.0 
 303 1362622405     149955 0 2 40.0 100.0 
 303 1362622405     159958 0 2 40.0 100.0 
 303 1362622405     169946 0 2 40.0 100.0 
 304 1362622405     179946 0 2 40.0 100.0 
 304 1362622405     190000 0 2 40.0 100.0 
 303 1362622405     199950 0 2 40.0 100.0 
 303 1362622405     210002 0 2 40.0 100.0 
 303 1362622405     219962 0 2 40.0 100.0 
 304 1362622405     230014 0 2 40.0 100.0 
 303 1362622405     240035 0 2 40.0 100.0 
 303 1362622405     250015 0 2 40.0 100.0 
 304 1362622405     260032 0 2 40.0 100.0 
 303 1362622405     270055 0 2 40.0 100.0 
 304 1362622405     280061 0 2 40.0 100.0 
 303 1362622405     290060 0 2 40.0 100.0 
 304 1362622405     300020 0 2 40.0 100.0 
 303 1362622405     310082 0 2 40.0 100.0 
 303 1362622405     320055 0 2 40.0 100.0 
 303 1362622405     330088 0 2 40.0 100.0 
 303 1362622405     340054 0 2 40.0 100.0 
 303 1362622405     350085 0 2 40.0 100.0 
 303 1362622405     360059 0 2 40.0 100.0 
 303 1362622405     370115 0 2 40.0 100.0 
 303 1362622405     380111 0 2 40.0 100.0 
 304 1362622405     390072 0 2 40.0 100.0 
 304 1362622405     400083 0 2 40.0 100.0 
 304 1362622405     410140 0 2 40.0 100.0 
 304 1362622405     420096 0 2 40.0 100.0 
 303 1362622405     430135 0 2 40.0 100.0 
 304 1362622405     440159 0 2 40.0 100.0 
 303 1362622405     450112 0 2 40.0 100.0 
 304 1362622405     460159 0 2 40.0 100.0 
 302 1362622405     470132 0 2 40.0 100.0 
 304 1362622405     480160 0 2 40.0 100.0 
 303 1362622405     490194 0 2 40.0 100.0 
 304 1362622405     500202 0 2 40.0 100.0 
 304 1362622405     510171 0 2 40.0 100.0 
 304 1362622405     520163 0 2 40.0 100.0 
 304 1362622405     530193 0 2 40.0 100.0 
 303 1362622405     540213 0 2 40.0 100.0 
 304 1362622405     550220 0 2 40.0 100.0 
 303 1362622405     560202 0 2 40.0 100.0 
 304 1362622405     570246 0 2 40.0 100.0 
 303 1362622405     580215 0 2 40.0 100.0 
 303 1362622405     590219 0 2 40.0 100.0 
 303 1362622405     600241 0 2 40.0 100.0 
 303 1362622405     610260 0 2 40.0 100.0 
 303 1362622405     620275 0 2 40.0 100.0 
 303 1362622405     630233 0 2 40.0 100.0 
 303 1362622405     640242 0 2 40.0 100.0 
 302 1362622405     650274 0 2 40.0 100.0 
 303 1362622405     660266 0 2 40.0 100.0 
 303 1362622405     670257 0 2 40.0 100.0 
 303 1362622405     680287 0 2 40.0 100.0 
 303 1362622405     690324 0 2 40.0 100.0 
 303 1362622405     700330 0 2 40.0 100.0 
 303 1362622405     710313 0 2 40.0 100.0 
 304 1362622405     720325 0 2 40.0 100.0 
 303 1362622405     730355 0 2 40.0 100.0 
 303 1362622405     740320 0 2 40.0 100.0 
 303 1362622405     750356 0 2 40.0 100.0 
 303 1362622405     760349 0 2 40.0 100.0 
 303 1362622405     770380 0 2 40.0 100.0 
 304 1362622405     780357 0 2 40.0 100.0 
 303 1362622405     790349 0 2 40.0 100.0 
 304 1362622405     800369 0 2 40.0 100.0 
 303 1362622405     810413 0 2 40.0 100.0 
 304 1362622405     820406 0 2 40.0 100.0 
 303 1362622405     830412 0 2 40.0 100.0 
 304 1362622405     840394 0 2 40.0 100.0 
 304 1362622405     850402 0 2 40.0 100.0 
 303 1362622405     860435 0 2 40.0 100.0 
 304 1362622405     870422 0 2 40.0 100.0 
 303 1362622405     880460 0 2 40.0 100.0 
 303 1362622405     890416 0 2 40.0 100.0 
 303 1362622405     900414 0 2 40.0 100.0 
 304 1362622405     910444 0 2 40.0 100.0 
 304 1362622405     920467 0 2 40.0 100.0 
 303 1362622405     930459 0 2 40.0 100.0 
 303 1362622405     940487 0 2 40.0 100.0 
 303 1362622405     950459 0 2 40.0 100.0 
 303 1362622405     960513 0 2 40.0 100.0 
 303 1362622405     970466 0 2 40.0 100.0 
 304 1362622405     980477 0 2 40.0 100.0 
 303 1362622405     990475 0 2 40.0 100.0 
 304 1362622406        509 0 2 40.0 100.0 
 303 1362622406      10545 0 2 40.0 100.0 
 303 1362622406      20510 0 2 40.0 100.0 
 303 1362622406      30508 0 2 40.0 100.0 
 303 1362622406      40556 0 2 40.0 100.0 
 303 1362622406      50570 0 2 40.0 100.0 
 302 1362622406      60529 0 2 40.0 100.0 
 304 1362622406      70526 0 2 40.0 100.0 
 303 1362622406      80582 0 2 40.0 100.0 
 304 1362622406      90550 0 2 40.0 100.0 
 304 1362622406     100594 0 2 40.0 100.0 
 303 1362622406     110563 0 2 40.0 100.0 
 303 1362622406     120595 0 2 40.0 100.0 
 303 1362622406     130617 0 2 40.0 100.0 
 303 1362622406     140597 0 2 40.0 100.0 
 303 1362622406     150585 0 2 40.0 100.0 
 303 1362622406     160597 0 2 40.0 100.0 
 303 1362622406     170650 0 2 40.0 100.0 
 303 1362622406     180594 0 2 40.0 100.0 
 302 1362622406     190649 0 2 40.0 100.0 
 303 1362622406     200659 0 2 40.0 100.0 
 303 1362622406     210634 0 2 40.0 100.0 
 303 1362622406     220660 0 2 40.0 100.0 
 304 1362622406     230648 0 2 40.0 100.0 
 304 1362622406     240648 0 2 40.0 100.0 
 303 1362622406     250690 0 2 40.0 100.0 
 304 1362622406     260700 0 2 40.0 100.0 
 303 1362622406     270714 0 2 40.0 100.0 
 304 1362622406     280715 0 2 40.0 100.0 
 304 1362622406     290677 0 2 40.0 100.0 
 303 1362622406     300715 0 2 40.0 100.0 
 303 1362622406     310738 0 2 40.0 100.0 
 303 1362622406     320708 0 2 40.0 100.0 
 302 1362622406     330748 0 2 40.0 100.0 
 303 1362622406     340717 0 2 40.0 100.0 
 304 1362622406     350733 0 2 40.0 100.0 
 303 1362622406     360747 0 2 40.0 100.0 
 303 1362622406     370781 0 2 40.0 100.0 
 304 1362622406     380782 0 2 40.0 100.0 
 304 1362622406     390765 0 2 40.0 100.0 
 303 1362622406     400796 0 2 40.0 100.0 
 303 1362622406     410750 0 2 40.0 100.0 
 303 1362622406     420804 0 2 40.0 100.0 
 303 1362622406     430808 0 2 40.0 100.0 
 303 1362622406     440794 0 2 40.0 100.0 
 303 1362622406     450792 0 2 40.0 100.0 
 303 1362622406     460803 0 2 40.0 100.0 
 303 1362622406     470823 0 2 40.0 100.0 
 304 1362622406     480846 0 2 40.0 100.0 
 304 1362622406     490820 0 2 40.0 100.0 
 304 1362622406     500839 0 2 40.0 100.0 
 304 1362622406     510836 0 2 40.0 100.0 
 303 1362622406     520872 0 2 40.0 100.0 
 303 1362622406     530850 0 2 40.0 100.0 
 303 1362622406     540846 0 2 40.0 100.0 
 304 1362622406     550846 0 2 40.0 100.0 
 303 1362622406     560872 0 2 40.0 100.0 
 303 1362622406     570862 0 2 40.0 100.0 
 303 1362622406     580894 0 2 40.0 100.0 
 303 1362622406     590914 0 2 40.0 100.0 
 304 1362622406     600906 0 2 40.0 100.0 
 303 1362622406     610918 0 2 40.0 100.0 
 304 1362622406     620932 0 2 40.0 100.0 
 303 1362622406     630912 0 2 40.0 100.0 
 303 1362622406     640913 0 2 40.0 100.0 
 303 1362622406     650960 0 2 40.0 100.0 
 304 1362622406     660945 0 2 40.0 100.0 
 303 1362622406     670919 0 2 40.0 100.0 
 303 1362622406     680940 0 2 40.0 100.0 
 303 1362622406     690972 0 2 40.0 100.0 
 303 1362622406     700978 0 2 40.0 100.0 
 303 1362622406     710949 0 2 40.0 100.0 
 303 1362622406     720983 0 2 40.0 100.0 
 304 1362622406     730988 0 2 40.0 100.0 
 303 1362622406     741014 0 2 40.0 100.0 
 303 1362622406     750981 0 2 40.0 100.0 
 303 1362622406     761034 0 2 40.0 100.0 
 303 1362622406     770992 0 2 40.0 100.0 
 303 1362622406     781028 0 2 40.0 100.0 
 303 1362622406     791033 0 2 40.0 100.0 
 304 1362622406     801037 0 2 40.0 100.0 
 304 1362622406     811022 0 2 40.0 100.0 
 304 1362622406     821035 0 2 40.0 100.0 
 303 1362622406     831052 0 2 40.0 100.0 
 304 1362622406     841081 0 2 40.0 100.0 
 303 1362622406     851043 0 2 40.0 100.0 
 303 1362622406     861079 0 2 40.0 100.0 
 303 1362622406     871071 0 2 40.0 100.0 
 302 1362622406     881118 0 2 40.0 100.0 
 303 1362622406     891086 0 2 40.0 100.0 
 302 1362622406     901131 0 2 40.0 100.0 
 303 1362622406     911084 0 2 40.0 100.0 
 303 1362622406     921094 0 2 40.0 100.0 
 303 1362622406     931094 0 2 40.0 100.0 
 303 1362622406     941131 0 2 40.0 100.0 
 303 1362622406     951107 0 2 40.0 100.0 
 304 1362622406     961167 0 2 40.0 100.0 
 303 1362622406     971141 0 2 40.0 100.0 
 303 1362622406     981164 0 2 40.0 100.0 
 304 1362622406     991136 0 2 40.0 100.0 
 303 1362622407       1171 0 2 40.0 100.0 
 303 1362622407      11163 0 2 40.0 100.0 
 303 1362622407      21209 0 2 40.0 100.0 
 304 1362622407      31213 0 2 40.0 100.0 
 303 1362622407      41185 0 2 40.0 100.0 
 304 1362622407      51185 0 2 40.0 100.0 
 303 1362622407      61178 0 2 40.0 100.0 
 303 1362622407      71212 0 2 40.0 100.0 
 304 1362622407      81210 0 2 40.0 100.0 
 304 1362622407      91213 0 2 40.0 100.0 
 303 1362622407     101216 0 2 40.0 100.0 
 303 1362622407     111225 0 2 40.0 100.0 
 303 1362622407     121266 0 2 40.0 100.0 
 303 1362622407     131229 0 2 40.0 100.0 
 303 1362622407     141240 0 2 40.0 100.0 
 303 1362622407     151300 0 2 40.0 100.0 
 303 1362622407     161275 0 2 40.0 100.0 
 303 1362622407     171313 0 2 40.0 100.0 
 303 1362622407     181283 0 2 40.0 100.0 
 304 1362622407     191265 0 2 40.0 100.0 
 303 1362622407     201298 0 2 40.0 100.0 
 303 1362622407     211315 0 2 40.0 100.0 
 303 1362622407     221342 0 2 40.0 100.0 
 303 1362622407     231336 0 2 40.0 100.0 
 303 1362622407     241345 0 2 40.0 100.0 
 303 1362622407     251350 0 2 40.0 100.0 
 303 1362622407     261320 0 2 40.0 100.0 
 304 1362622407     271364 0 2 40.0 100.0 
 303 1362622407     281333 0 2 40.0 100.0 
 303 1362622407     291380 0 2 40.0 100.0 
 304 1362622407     301339 0 2 40.0 100.0 
 304 1362622407     311348 0 2 40.0 100.0 
 304 1362622407     321400 0 2 40.0 100.0 
 304 1362622407     331389 0 2 40.0 100.0 
 303 1362622407     341413 0 2 40.0 100.0 
 304 1362622407     351431 0 2 40.0 100.0 
 303 1362622407     361435 0 2 40.0 100.0 
 303 1362622407     371417 0 2 40.0 100.0 
 303 1362622407     381429 0 2 40.0 100.0 
 304 1362622407     391417 0 2 40.0 100.0 
 303 1362622407     401445 0 2 40.0 100.0 
 303 1362622407     411457 0 2 40.0 100.0 
 303 1362622407     421476 0 2 40.0 100.0 
 303 1362622407     431456 0 2 40.0 100.0 
 303 1362622407     441478 0 2 40.0 100.0 
 303 1362622407     451489 0 2 40.0 100.0 
 303 1362622407     461449 0 2 40.0 100.0 
 303 1362622407     471511 0 2 40.0 100.0 
 304 1362622407     481498 0 2 40.0 100.0 
 303 1362622407     491508 0 2 40.0 100.0 
 303 1362622407     501528 0 2 40.0 100.0 
 303 1362622407     511519 0 2 40.0 100.0 
 303 1362622407     521507 0 2 40.0 100.0 
 303 1362622407     531547 0 2 40.0 100.0 
 303 1362622407     541547 0 2 40.0 100.0 
 303 1362622407     551504 0 2 40.0 100.0 
 304 1362622407     561521 0 2 40.0 100.0 
 304 1362622407     571521 0 2 40.0 100.0 
 303 1362622407     581568 0 2 40.0 100.0 
 304 1362622407     591582 0 2 40.0 100.0 
 304 1362622407     601545 0 2 40.0 100.0 
 304 1362622407     611551 0 2 40.0 100.0 
 303 1362622407     621597 0 2 40.0 100.0 
 302 1362622407     631608 0 2 40.0 100.0 
 303 1362622407     641563 0 2 40.0 100.0 
 303 1362622407     651579 0 2 40.0 100.0 
 303 1362622407     661578 0 2 40.0 100.0 
 302 1362622407     671593 0 2 40.0 100.0 
 303 1362622407     681614 0 2 40.0 100.0 
 303 1362622407     691629 0 2 40.0 100.0 
 303 1362622407     701599 0 2 40.0 100.0 
 303 1362622407     711610 0 2 40.0 100.0 
 303 1362622407     721657 0 2 40.0 100.0 
 304 1362622407     731676 0 2 40.0 100.0 
 303 1362622407     741654 0 2 40.0 100.0 
 304 1362622407     751651 0 2 40.0 100.0 
 303 1362622407     761646 0 2 40.0 100.0 
 303 1362622407     771684 0 2 40.0 100.0 
 303 1362622407     781709 0 2 40.0 100.0 
 302 1362622407     791665 0 2 40.0 100.0 
 303 1362622407     801694 0 2 40.0 100.0 
 303 1362622407     811677 0 2 40.0 100.0 
 303 1362622407     821713 0 2 40.0 100.0 
 303 1362622407     831707 0 2 40.0 100.0 
 303 1362622407     841712 0 2 40.0 100.0 
 303 1362622407     851725 0 2 40.0 100.0 
 303 1362622407     861758 0 2 40.0 100.0 
 303 1362622407     871747 0 2 40.0 100.0 
 304 1362622407     881734 0 2 40.0 100.0 
 304 1362622407     891730 0 2 40.0 100.0 
 303 1362622407     901792 0 2 40.0 100.0 
 304 1362622407     911797 0 2 40.0 100.0 
 303 1362622407     921778 0 2 40.0 100.0 
 303 1362622407     931796 0 2 40.0 100.0 
 303 1362622407     941792 0 2 40.0 100.0 
 303 1362622407     951785 0 2 40.0 100.0 
 303 1362622407     961833 0 2 40.0 100.0 
 303 1362622407     971801 0 2 40.0 100.0 
 303 1362622407     981823 0 2 40.0 100.0 
 303 1362622407     991822 0 2 40.0 100.0 
 303 1362622408       1840 0 2 40.0 100.0 
 304 1362622408      11869 0 2 40.0 100.0 
 303 1362622408      21833 0 2 40.0 100.0 
 304 1362622408      31818 0 2 40.0 100.0 
 303 1362622408      41836 0 2 40.0 100.0 
 304 1362622408      51871 0 2 40.0 100.0 
 303 1362622408      61839 0 2 40.0 100.0 
 304 1362622408      71903 0 2 40.0 100.0 
 303 1362622408      81908 0 2 40.0 100.0 
 303 1362622408      91910 0 2 40.0 100.0 
 303 1362622408     101876 0 2 40.0 100.0 
 303 1362622408     111921 0 2 40.0 100.0 
 303 1362622408     121909 0 2 40.0 100.0 
 303 1362622408     131910 0 2 40.0 100.0 
 304 1362622408     141906 0 2 40.0 100.0 
 303 1362622408     151963 0 2 40.0 100.0 
 304 1362622408     161929 0 2 40.0 100.0 
 303 1362622408     171943 0 2 40.0 100.0 
 303 1362622408     181933 0 2 40.0 100.0 
 304 1362622408     191968 0 2 40.0 100.0 
 303 1362622408     201980 0 2 40.0 100.0 
 303 1362622408     211978 0 2 40.0 100.0 
 303 1362622408     221972 0 2 40.0 100.0 
 304 1362622408     232012 0 2 40.0 100.0 
 303 1362622408     242009 0 2 40.0 100.0 
 303 1362622408     251969 0 2 40.0 100.0 
 303 1362622408     261977 0 2 40.0 100.0 
 303 1362622408     272010 0 2 40.0 100.0 
 304 1362622408     282039 0 2 40.0 100.0 
 302 1362622408     292054 0 2 40.0 100.0 
 304 1362622408     302000 0 2 40.0 100.0 
 303 1362622408     312059 0 2 40.0 100.0 
 303 1362622408     322034 0 2 40.0 100.0 
 304 1362622408     332062 0 2 40.0 100.0 
 304 1362622408     342058 0 2 40.0 100.0 
 303 1362622408     352035 0 2 40.0 100.0 
 303 1362622408     362082 0 2 40.0 100.0 
 303 1362622408     372083 0 2 40.0 100.0 
 302 1362622408     382090 0 2 40.0 100.0 
 303 1362622408     392112 0 2 40.0 100.0 
 303 1362622408     402084 0 2 40.0 100.0 
 303 1362622408     412104 0 2 40.0 100.0 
 303 1362622408     422113 0 2 40.0 100.0 
 302 1362622408     432105 0 2 40.0 100.0 
 302 1362622408     442110 0 2 40.0 100.0 
 303 1362622408     452113 0 2 40.0 100.0 
 304 1362622408     462142 0 2 40.0 100.0 
 304 1362622408     472139 0 2 40.0 100.0 
 304 1362622408     482168 0 2 40.0 100.0 
 304 1362622408     492157 0 2 40.0 100.0 
 303 1362622408     502177 0 2 40.0 100.0 
 303 1362622408     512196 0 2 40.0 100.0 
 303 1362622408     522144 0 2 40.0 100.0 
 304 1362622408     532211 0 2 40.0 100.0 
 303 1362622408     542189 0 2 40.0 100.0 
 303 1362622408     552217 0 2 40.0 100.0 
 303 1362622408     562187 0 2 40.0 100.0 
 303 1362622408     572200 0 2 40.0 100.0 
 303 1362622408     582222 0 2 40.0 100.0 
 303 1362622408     592202 0 2 40.0 100.0 
 304 1362622408     602244 0 2 40.0 100.0 
 304 1362622408     612242 0 2 40.0 100.0 
 303 1362622408     622267 0 2 40.0 100.0 
 303 1362622408     632266 0 2 40.0 100.0 
 304 1362622408     642274 0 2 40.0 100.0 
 303 1362622408     652273 0 2 40.0 100.0 
 303 1362622408     662286 0 2 40.0 100.0 
 302 1362622408     672262 0 2 40.0 100.0 
 303 1362622408     682251 0 2 40.0 100.0 
 303 1362622408     692305 0 2 40.0 100.0 
 303 1362622408     702295 0 2 40.0 100.0 
 303 1362622408     712311 0 2 40.0 100.0 
 304 1362622408     722313 0 2 40.0 100.0 
 304 1362622408     732314 0 2 40.0 100.0 
 303 1362622408     742341 0 2 40.0 100.0 
 303 1362622408     752304 0 2 40.0 100.0 
 303 1362622408     762348 0 2 40.0 100.0 
 303 1362622408     772346 0 2 40.0 100.0 
 303 1362622408     782323 0 2 40.0 100.0 
 303 1362622408     792370 0 2 40.0 100.0 
 304 1362622408     802365 0 2 40.0 100.0 
 303 1362622408     812348 0 2 40.0 100.0 
 303 1362622408     822367 0 2 40.0 100.0 
 304 1362622408     832364 0 2 40.0 100.0 
 303 1362622408     842363 0 2 40.0 100.0 
 303 1362622408     852360 0 2 40.0 100.0 
 303 1362622408     862407 0 2 40.0 100.0 
 303 1362622408     872430 0 2 40.0 100.0 
 303 1362622408     882414 0 2 40.0 100.0 
 304 1362622408     892423 0 2 40.0 100.0 
 303 1362622408     902418 0 2 40.0 100.0 
 303 1362622408     912433 0 2 40.0 100.0 
 303 1362622408     922433 0 2 40.0 100.0 
 303 1362622408     932442 0 2 40.0 100.0 
 303 1362622408     942472 0 2 40.0 100.0 
 302 1362622408     952460 0 2 40.0 100.0 
 304 1362622408     962433 0 2 40.0 100.0 
 303 1362622408     972461 0 2 40.0 100.0 
 303 1362622408     982450 0 2 40.0 100.0 
 304 1362622408     992511 0 2 40.0 100.0 
 303 1362622409       2464 0 2 40.0 100.0 
 303 1362622409      12506 0 2 40.0 100.0 
 303 1362622409      22489 0 2 40.0 100.0 
 304 1362622409      32490 0 2 40.0 100.0 
 304 1362622409      42499 0 2 40.0 100.0 
 304 1362622409      52541 0 2 40.0 100.0 
 303 1362622409      62526 0 2 40.0 100.0 
 303 1362622409      72531 0 2 40.0 100.0 
 303 1362622409      82513 0 2 40.0 100.0 
 303 1362622409      92578 0 2 40.0 100.0 
 303 1362622409     102586 0 2 40.0 100.0 
 303 1362622409     112582 0 2 40.0 100.0 
 303 1362622409     122553 0 2 40.0 100.0 
 302 1362622409     132577 0 2 40.0 100.0 
 303 1362622409     142564 0 2 40.0 100.0 
 303 1362622409     152595 0 2 40.0 100.0 
 304 1362622409     162581 0 2 40.0 100.0 
 304 1362622409     172625 0 2 40.0 100.0 
 304 1362622409     182610 0 2 40.0 100.0 
 304 1362622409     192626 0 2 40.0 100.0 
 303 1362622409     202593 0 2 40.0 100.0 
 303 1362622409     212599 0 2 40.0 100.0 
 303 1362622409     222658 0 2 40.0 100.0 
 303 1362622409     232617 0 2 40.0 100.0 
 303 1362622409     242677 0 2 40.0 100.0 
 303 1362622409     252631 0 2 40.0 100.0 
 303 1362622409     262651 0 2 40.0 100.0 
 303 1362622409     272672 0 2 40.0 100.0 
 304 1362622409     282691 0 2 40.0 100.0 
 303 1362622409     292652 0 2 40.0 100.0 
 304 1362622409     302686 0 2 40.0 100.0 
 303 1362622409     312671 0 2 40.0 100.0 
 303 1362622409     322712 0 2 40.0 100.0 
 304 1362622409     332714 0 2 40.0 100.0 
 303 1362622409     342692 0 2 40.0 100.0 
 303 1362622409     352705 0 2 40.0 100.0 
 302 1362622409     362711 0 2 40.0 100.0 
 304 1362622409     372738 0 2 40.0 100.0 
 303 1362622409     382716 0 2 40.0 100.0 
 303 1362622409     392760 0 2 40.0 100.0 
 303 1362622409     402747 0 2 40.0 100.0 
 304 1362622409     412763 0 2 40.0 100.0 
 303 1362622409     422750 0 2 40.0 100.0 
 303 1362622409     432757 0 2 40.0 100.0 
 303 1362622409     442795 0 2 40.0 100.0 
 302 1362622409     452765 0 2 40.0 100.0 
 304 1362622409     462803 0 2 40.0 100.0 
 303 1362622409     472819 0 2 40.0 100.0 
 303 1362622409     482818 0 2 40.0 100.0 
 303 1362622409     492807 0 2 40.0 100.0 
 303 1362622409     502822 0 2 40.0 100.0 
 303 1362622409     512833 0 2 40.0 100.0 
 304 1362622409     522821 0 2 40.0 100.0 
 304 1362622409     532842 0 2 40.0 100.0 
 304 1362622409     542827 0 2 40.0 100.0 
 304 1362622409     552875 0 2 40.0 100.0 
 304 1362622409     562839 0 2 40.0 100.0 
 303 1362622409     572873 0 2 40.0 100.0 
 303 1362622409     582843 0 2 40.0 100.0 
 303 1362622409     592899 0 2 40.0 100.0 
 304 1362622409     602890 0 2 40.0 100.0 
 303 1362622409     612917 0 2 40.0 100.0 
 304 1362622409     622929 0 2 40.0 100.0 
 303 1362622409     632911 0 2 40.0 100.0 
 303 1362622409     642937 0 2 40.0 100.0 
 303 1362622409     652923 0 2 40.0 100.0 
 303 1362622409     662956 0 2 40.0 100.0 
 303 1362622409     672956 0 2 40.0 100.0 
 304 1362622409     682910 0 2 40.0 100.0 
 304 1362622409     692963 0 2 40.0 100.0 
 303 1362622409     702922 0 2 40.0 100.0 
 304 1362622409     712969 0 2 40.0 100.0 
 303 1362622409     722963 0 2 40.0 100.0 
 304 1362622409     732946 0 2 40.0 100.0 
 303 1362622409     743003 0 2 40.0 100.0 
 303 1362622409     753015 0 2 40.0 100.0 
 303 1362622409     763020 0 2 40.0 100.0 
 304 1362622409     773025 0 2 40.0 100.0 
 304 1362622409     783029 0 2 40.0 100.0 
 303 1362622409     793042 0 2 40.0 100.0 
 303 1362622409     803018 0 2 40.0 100.0 
 303 1362622409     812998 0 2 40.0 100.0 
 303 1362622409     823008 0 2 40.0 100.0 
 303 1362622409     833055 0 2 40.0 100.0 
 303 1362622409     843075 0 2 40.0 100.0 
 303 1362622409     853053 0 2 40.0 100.0 
 303 1362622409     863072 0 2 40.0 100.0 
 303 1362622409     873096 0 2 40.0 100.0 
 302 1362622409     883075 0 2 40.0 100.0 
 303 1362622409     893106 0 2 40.0 100.0 
 303 1362622409     903065 0 2 40.0 100.0 
 303 1362622409     913101 0 2 40.0 100.0 
 304 1362622409     923082 0 2 40.0 100.0 
 303 1362622409     933107 0 2 40.0 100.0 
 304 1362622409     943141 0 2 40.0 100.0 
 303 1362622409     953114 0 2 40.0 100.0 
 304 1362622409     963121 0 2 40.0 100.0 
 303 1362622409     973131 0 2 40.0 100.0 
 303 1362622409     983158 0 2 40.0 100.0 
 304 1362622409     993167 0 2 40.0 100.0 
 304 1362622410       3134 0 2 40.0 100.0 
 303 1362622410      13167 0 2 40.0 100.0 
 304 1362622410      23195 0 2 40.0 100.0 
 304 1362622410      33159 0 2 40.0 100.0 
 303 1362622410      43187 0 2 40.0 100.0 
 303 1362622410      53196 0 2 40.0 100.0 
 303 1362622410      63176 0 2 40.0 100.0 
 303 1362622410      73208 0 2 40.0 100.0 
 304 1362622410      83182 0 2 40.0 100.0 
 303 1362622410      93241 0 2 40.0 100.0 
 303 1362622410     103242 0 2 40.0 100.0 
 302 1362622410     113232 0 2 40.0 100.0 
 303 1362622410     123218 0 2 40.0 100.0 
 303 1362622410     133240 0 2 40.0 100.0 
 303 1362622410     143273 0 2 40.0 100.0 
 303 1362622410     153237 0 2 40.0 100.0 
 304 1362622410     163236 0 2 40.0 100.0 
 304 1362622410     173266 0 2 40.0 100.0 
 304 1362622410     183255 0 2 40.0 100.0 
 304 1362622410     193263 0 2 40.0 100.0 
 303 1362622410     203261 0 2 40.0 100.0 
 303 1362622410     213302 0 2 40.0 100.0 
 303 1362622410     223311 0 2 40.0 100.0 
 303 1362622410     233321 0 2 40.0 100.0 
 303 1362622410     243288 0 2 40.0 100.0 
 303 1362622410     253305 0 2 40.0 100.0 
 303 1362622410     263298 0 2 40.0 100.0 
 303 1362622410     273321 0 2 40.0 100.0 
 303 1362622410     283321 0 2 40.0 100.0 
 303 1362622410     293329 0 2 40.0 100.0 
 304 1362622410     303365 0 2 40.0 100.0 
 303 1362622410     313361 0 2 40.0 100.0 
 303 1362622410     323380 0 2 40.0 100.0 
 303 1362622410     333398 0 2 40.0 100.0 
 303 1362622410     343353 0 2 40.0 100.0 
 304 1362622410     353396 0 2 40.0 100.0 
 303 1362622410     363379 0 2 40.0 100.0 
 303 1362622410     373417 0 2 40.0 100.0 
 303 1362622410     383419 0 2 40.0 100.0 
 304 1362622410     393382 0 2 40.0 100.0 
 304 1362622410     403398 0 2 40.0 100.0 
 303 1362622410     413436 0 2 40.0 100.0 
 303 1362622410     423408 0 2 40.0 100.0 
 303 1362622410     433421 0 2 40.0 100.0 
 304 1362622410     443466 0 2 40.0 100.0 
 303 1362622410     453422 0 2 40.0 100.0 
 304 1362622410     463433 0 2 40.0 100.0 
 303 1362622410     473465 0 2 40.0 100.0 
 303 1362622410     483496 0 2 40.0 100.0 
 303 1362622410     493466 0 2 40.0 100.0 
 303 1362622410     503479 0 2 40.0 100.0 
 304 1362622410     513491 0 2 40.0 100.0 
 303 1362622410     523504 0 2 40.0 100.0 
 303 1362622410     533479 0 2 40.0 100.0 
 303 1362622410     543482 0 2 40.0 100.0 
 303 1362622410     553507 0 2 40.0 100.0 
 304 1362622410     563492 0 2 40.0 100.0 
 303 1362622410     573556 0 2 40.0 100.0 
 303 1362622410     583520 0 2 40.0 100.0 
 303 1362622410     593538 0 2 40.0 100.0 
 304 1362622410     603535 0 2 40.0 100.0 
 303 1362622410     613564 0 2 40.0 100.0 
 304 1362622410     623575 0 2 40.0 100.0 
 304 1362622410     633553 0 2 40.0 100.0 
 304 1362622410     643609 0 2 40.0 100.0 
 304 1362622410     653565 0 2 40.0 100.0 
 303 1362622410     663564 0 2 40.0 100.0 
 304 1362622410     673571 0 2 40.0 100.0 
 303 1362622410     683631 0 2 40.0 100.0 
 303 1362622410     693588 0 2 40.0 100.0 
 303 1362622410     703584 0 2 40.0 100.0 
 303 1362622410     713611 0 2 40.0 100.0 
 303 1362622410     723624 0 2 40.0 100.0 
 303 1362622410     733649 0 2 40.0 100.0 
 303 1362622410     743673 0 2 40.0 100.0 
 303 1362622410     753652 0 2 40.0 100.0 
 303 1362622410     763665 0 2 40.0 100.0 
 303 1362622410     773691 0 2 40.0 100.0 
 304 1362622410     783695 0 2 40.0 100.0 
 303 1362622410     793694 0 2 40.0 100.0 
 303 1362622410     803693 0 2 40.0 100.0 
 303 1362622410     813687 0 2 40.0 100.0 
 303 1362622410     823690 0 2 40.0 100.0 
 304 1362622410     833672 0 2 40.0 100.0 
 304 1362622410     843704 0 2 40.0 100.0 
 303 1362622410     853700 0 2 40.0 100.0 
 303 1362622410     863712 0 2 40.0 100.0 
 303 1362622410     873746 0 2 40.0 100.0 
 303 1362622410     883734 0 2 40.0 100.0 
 303 1362622410     893725 0 2 40.0 100.0 
 303 1362622410     903739 0 2 40.0 100.0 
 303 1362622410     913751 0 2 40.0 100.0 
 303 1362622410     923738 0 2 40.0 100.0 
 303 1362622410     933784 0 2 40.0 100.0 
 303 1362622410     943749 0 2 40.0 100.0 
 302 1362622410     953750 0 2 40.0 100.0 
 303 1362622410     963790 0 2 40.0 100.0 
 303 1362622410     973778 0 2 40.0 100.0 
 303 1362622410     983800 0 2 40.0 100.0 
 304 1362622410     993787 0 2 40.0 100.0 
 303 1362622411       3784 0 2 40.0 100.0 
 303 1362622411      13794 0 2 40.0 100.0 
 304 1362622411      23849 0 2 40.0 100.0 
 304 1362622411      33836 0 2 40.0 100.0 
 304 1362622411      43841 0 2 40.0 100.0 
 303 1362622411      53854 0 2 40.0 100.0 
 303 1362622411      63845 0 2 40.0 100.0 
 303 1362622411      73830 0 2 40.0 100.0 
 304 1362622411      83847 0 2 40.0 100.0 
 302 1362622411      93867 0 2 40.0 100.0 
 303 1362622411     103878 0 2 40.0 100.0 
 303 1362622411     113904 0 2 40.0 100.0 
 303 1362622411     123912 0 2 40.0 100.0 
 303 1362622411     133888 0 2 40.0 100.0 
 302 1362622411     143909 0 2 40.0 100.0 
 303 1362622411     153899 0 2 40.0 100.0 
 302 1362622411     163928 0 2 40.0 100.0 
 304 1362622411     173924 0 2 40.0 100.0 
 303 1362622411     183960 0 2 40.0 100.0 
 303 1362622411     193914 0 2 40.0 100.0 
 303 1362622411     203936 0 2 40.0 100.0 
 304 1362622411     213943 0 2 40.0 100.0 
 303 1362622411     223962 0 2 40.0 100.0 
 304 1362622411     233974 0 2 40.0 100.0 
 303 1362622411     243981 0 2 40.0 100.0 
 303 1362622411     254012 0 2 40.0 100.0 
 303 1362622411     264014 0 2 40.0 100.0 
 303 1362622411     274017 0 2 40.0 100.0 
 304 1362622411     283972 0 2 40.0 100.0 
 304 1362622411     293992 0 2 40.0 100.0 
 303 1362622411     304037 0 2 40.0 100.0 
 303 1362622411     314023 0 2 40.0 100.0 
