 151 1362624026      60869 0 11 40.0 50.0 
 152 1362624026      70805 0 11 40.0 50.0 
 151 1362624026      80849 0 11 40.0 50.0 
 152 1362624026      90817 0 11 40.0 50.0 
 151 1362624026     100840 0 11 40.0 50.0 
 151 1362624026     110865 0 11 40.0 50.0 
 152 1362624026     120890 0 11 40.0 50.0 
 152 1362624026     130840 0 11 40.0 50.0 
 151 1362624026     140873 0 11 40.0 50.0 
 151 1362624026     150912 0 11 40.0 50.0 
 152 1362624026     160914 0 11 40.0 50.0 
 151 1362624026     170923 0 11 40.0 50.0 
 151 1362624026     180886 0 11 40.0 50.0 
 152 1362624026     190895 0 11 40.0 50.0 
 151 1362624026     200969 0 11 40.0 50.0 
 151 1362624026     210907 0 11 40.0 50.0 
 152 1362624026     220925 0 11 40.0 50.0 
 152 1362624026     230951 0 11 40.0 50.0 
 151 1362624026     240964 0 11 40.0 50.0 
 152 1362624026     250988 0 11 40.0 50.0 
 151 1362624026     260941 0 11 40.0 50.0 
 152 1362624026     270987 0 11 40.0 50.0 
 151 1362624026     280944 0 11 40.0 50.0 
 152 1362624026     290973 0 11 40.0 50.0 
 151 1362624026     301002 0 11 40.0 50.0 
 151 1362624026     311022 0 11 40.0 50.0 
 151 1362624026     320987 0 11 40.0 50.0 
 151 1362624026     331005 0 11 40.0 50.0 
 152 1362624026     341025 0 11 40.0 50.0 
 151 1362624026     350995 0 11 40.0 50.0 
 152 1362624026     361000 0 11 40.0 50.0 
 151 1362624026     371062 0 11 40.0 50.0 
 152 1362624026     381021 0 11 40.0 50.0 
 151 1362624026     391043 0 11 40.0 50.0 
 151 1362624026     401087 0 11 40.0 50.0 
 151 1362624026     411048 0 11 40.0 50.0 
 152 1362624026     421091 0 11 40.0 50.0 
 151 1362624026     431051 0 11 40.0 50.0 
 151 1362624026     441045 0 11 40.0 50.0 
 152 1362624026     451088 0 11 40.0 50.0 
 151 1362624026     461119 0 11 40.0 50.0 
 152 1362624026     471113 0 11 40.0 50.0 
 152 1362624026     481093 0 11 40.0 50.0 
 152 1362624026     491114 0 11 40.0 50.0 
 152 1362624026     501089 0 11 40.0 50.0 
 152 1362624026     511136 0 11 40.0 50.0 
 151 1362624026     521112 0 11 40.0 50.0 
 151 1362624026     531143 0 11 40.0 50.0 
 152 1362624026     541167 0 11 40.0 50.0 
 152 1362624026     551141 0 11 40.0 50.0 
 152 1362624026     561171 0 11 40.0 50.0 
 151 1362624026     571142 0 11 40.0 50.0 
 152 1362624026     581161 0 11 40.0 50.0 
 151 1362624026     591187 0 11 40.0 50.0 
 151 1362624026     601216 0 11 40.0 50.0 
 151 1362624026     611170 0 11 40.0 50.0 
 151 1362624026     621216 0 11 40.0 50.0 
 152 1362624026     631172 0 11 40.0 50.0 
 151 1362624026     641207 0 11 40.0 50.0 
 152 1362624026     651215 0 11 40.0 50.0 
 151 1362624026     661251 0 11 40.0 50.0 
 152 1362624026     671202 0 11 40.0 50.0 
 151 1362624026     681249 0 11 40.0 50.0 
 152 1362624026     691261 0 11 40.0 50.0 
 151 1362624026     701235 0 11 40.0 50.0 
 151 1362624026     711291 0 11 40.0 50.0 
 151 1362624026     721242 0 11 40.0 50.0 
 151 1362624026     731286 0 11 40.0 50.0 
 152 1362624026     741310 0 11 40.0 50.0 
 151 1362624026     751281 0 11 40.0 50.0 
 152 1362624026     761315 0 11 40.0 50.0 
 151 1362624026     771298 0 11 40.0 50.0 
 152 1362624026     781312 0 11 40.0 50.0 
 151 1362624026     791277 0 11 40.0 50.0 
 151 1362624026     801319 0 11 40.0 50.0 
 152 1362624026     811356 0 11 40.0 50.0 
 151 1362624026     821329 0 11 40.0 50.0 
 152 1362624026     831361 0 11 40.0 50.0 
 151 1362624026     841315 0 11 40.0 50.0 
 152 1362624026     851352 0 11 40.0 50.0 
 151 1362624026     861384 0 11 40.0 50.0 
 151 1362624026     871352 0 11 40.0 50.0 
 152 1362624026     881369 0 11 40.0 50.0 
 151 1362624026     891399 0 11 40.0 50.0 
 152 1362624026     901365 0 11 40.0 50.0 
 152 1362624026     911413 0 11 40.0 50.0 
 151 1362624026     921391 0 11 40.0 50.0 
 151 1362624026     931418 0 11 40.0 50.0 
 152 1362624026     941380 0 11 40.0 50.0 
 151 1362624026     951410 0 11 40.0 50.0 
 152 1362624026     961455 0 11 40.0 50.0 
 152 1362624026     971407 0 11 40.0 50.0 
 152 1362624026     981453 0 11 40.0 50.0 
 151 1362624026     991435 0 11 40.0 50.0 
 151 1362624027       1429 0 11 40.0 50.0 
 151 1362624027      11445 0 11 40.0 50.0 
 151 1362624027      21467 0 11 40.0 50.0 
 151 1362624027      31477 0 11 40.0 50.0 
 151 1362624027      41489 0 11 40.0 50.0 
 152 1362624027      51495 0 11 40.0 50.0 
