 303 1362623417     478710 0 7 40.0 100.0 
 304 1362623417     488771 0 7 40.0 100.0 
 303 1362623417     498729 0 7 40.0 100.0 
 305 1362623417     508866 0 7 40.0 100.0 
 303 1362623417     518756 0 7 40.0 100.0 
 304 1362623417     528811 0 7 40.0 100.0 
 302 1362623417     538756 0 7 40.0 100.0 
 304 1362623417     548721 0 7 40.0 100.0 
 304 1362623417     558773 0 7 40.0 100.0 
 304 1362623417     568771 0 7 40.0 100.0 
 303 1362623417     578780 0 7 40.0 100.0 
 303 1362623417     588788 0 7 40.0 100.0 
 304 1362623417     598761 0 7 40.0 100.0 
 303 1362623417     608807 0 7 40.0 100.0 
 304 1362623417     618796 0 7 40.0 100.0 
 303 1362623417     628837 0 7 40.0 100.0 
 304 1362623417     638784 0 7 40.0 100.0 
 303 1362623417     648795 0 7 40.0 100.0 
 304 1362623417     658832 0 7 40.0 100.0 
 302 1362623417     668836 0 7 40.0 100.0 
 304 1362623417     678869 0 7 40.0 100.0 
 303 1362623417     688837 0 7 40.0 100.0 
 305 1362623417     698821 0 7 40.0 100.0 
 304 1362623417     708877 0 7 40.0 100.0 
 303 1362623417     718868 0 7 40.0 100.0 
 304 1362623417     728876 0 7 40.0 100.0 
 303 1362623417     738872 0 7 40.0 100.0 
 304 1362623417     748908 0 7 40.0 100.0 
 303 1362623417     758888 0 7 40.0 100.0 
 304 1362623417     768929 0 7 40.0 100.0 
 304 1362623417     778913 0 7 40.0 100.0 
 304 1362623417     788893 0 7 40.0 100.0 
 304 1362623417     798893 0 7 40.0 100.0 
 303 1362623417     808895 0 7 40.0 100.0 
 304 1362623417     818903 0 7 40.0 100.0 
 304 1362623417     828948 0 7 40.0 100.0 
 303 1362623417     838920 0 7 40.0 100.0 
 303 1362623417     848978 0 7 40.0 100.0 
 304 1362623417     858928 0 7 40.0 100.0 
 303 1362623417     868971 0 7 40.0 100.0 
 304 1362623417     878977 0 7 40.0 100.0 
 303 1362623417     888950 0 7 40.0 100.0 
 304 1362623417     899011 0 7 40.0 100.0 
 304 1362623417     908984 0 7 40.0 100.0 
 304 1362623417     919026 0 7 40.0 100.0 
 304 1362623417     929010 0 7 40.0 100.0 
 303 1362623417     938986 0 7 40.0 100.0 
 304 1362623417     949027 0 7 40.0 100.0 
 304 1362623417     959007 0 7 40.0 100.0 
 304 1362623417     969041 0 7 40.0 100.0 
 303 1362623417     979010 0 7 40.0 100.0 
 304 1362623417     989058 0 7 40.0 100.0 
 304 1362623417     999020 0 7 40.0 100.0 
 304 1362623418       9036 0 7 40.0 100.0 
 304 1362623418      19039 0 7 40.0 100.0 
 304 1362623418      29061 0 7 40.0 100.0 
 303 1362623418      39047 0 7 40.0 100.0 
 303 1362623418      49113 0 7 40.0 100.0 
 303 1362623418      59121 0 7 40.0 100.0 
 303 1362623418      69107 0 7 40.0 100.0 
 304 1362623418      79110 0 7 40.0 100.0 
 304 1362623418      89111 0 7 40.0 100.0 
 304 1362623418      99144 0 7 40.0 100.0 
 304 1362623418     109129 0 7 40.0 100.0 
 304 1362623418     119103 0 7 40.0 100.0 
 304 1362623418     129153 0 7 40.0 100.0 
 304 1362623418     139111 0 7 40.0 100.0 
 303 1362623418     149151 0 7 40.0 100.0 
 305 1362623418     159132 0 7 40.0 100.0 
 303 1362623418     169169 0 7 40.0 100.0 
 304 1362623418     179153 0 7 40.0 100.0 
 302 1362623418     189150 0 7 40.0 100.0 
 304 1362623418     199152 0 7 40.0 100.0 
 304 1362623418     209220 0 7 40.0 100.0 
 303 1362623418     219199 0 7 40.0 100.0 
 303 1362623418     229224 0 7 40.0 100.0 
 304 1362623418     239200 0 7 40.0 100.0 
 304 1362623418     249221 0 7 40.0 100.0 
 302 1362623418     259200 0 7 40.0 100.0 
 303 1362623418     269257 0 7 40.0 100.0 
 304 1362623418     279224 0 7 40.0 100.0 
 304 1362623418     289250 0 7 40.0 100.0 
 304 1362623418     299272 0 7 40.0 100.0 
 303 1362623418     309223 0 7 40.0 100.0 
 304 1362623418     319244 0 7 40.0 100.0 
 304 1362623418     329292 0 7 40.0 100.0 
 304 1362623418     339272 0 7 40.0 100.0 
 303 1362623418     349256 0 7 40.0 100.0 
 304 1362623418     359272 0 7 40.0 100.0 
 304 1362623418     369268 0 7 40.0 100.0 
 304 1362623418     379282 0 7 40.0 100.0 
 303 1362623418     389339 0 7 40.0 100.0 
 304 1362623418     399321 0 7 40.0 100.0 
 304 1362623418     409359 0 7 40.0 100.0 
 303 1362623418     419365 0 7 40.0 100.0 
 304 1362623418     429330 0 7 40.0 100.0 
 304 1362623418     439350 0 7 40.0 100.0 
 303 1362623418     449366 0 7 40.0 100.0 
 303 1362623418     459342 0 7 40.0 100.0 
 303 1362623418     469382 0 7 40.0 100.0 
 304 1362623418     479396 0 7 40.0 100.0 
 304 1362623418     489376 0 7 40.0 100.0 
 303 1362623418     499355 0 7 40.0 100.0 
 303 1362623418     509403 0 7 40.0 100.0 
 303 1362623418     519369 0 7 40.0 100.0 
 304 1362623418     529423 0 7 40.0 100.0 
 304 1362623418     539413 0 7 40.0 100.0 
 304 1362623418     549400 0 7 40.0 100.0 
 304 1362623418     559440 0 7 40.0 100.0 
 304 1362623418     569416 0 7 40.0 100.0 
 304 1362623418     579406 0 7 40.0 100.0 
 304 1362623418     589449 0 7 40.0 100.0 
 303 1362623418     599451 0 7 40.0 100.0 
 303 1362623418     609438 0 7 40.0 100.0 
 304 1362623418     619479 0 7 40.0 100.0 
 303 1362623418     629501 0 7 40.0 100.0 
 304 1362623418     639477 0 7 40.0 100.0 
 304 1362623418     649463 0 7 40.0 100.0 
 304 1362623418     659512 0 7 40.0 100.0 
 304 1362623418     669511 0 7 40.0 100.0 
 303 1362623418     679480 0 7 40.0 100.0 
 304 1362623418     689510 0 7 40.0 100.0 
 304 1362623418     699494 0 7 40.0 100.0 
 303 1362623418     709531 0 7 40.0 100.0 
 304 1362623418     719511 0 7 40.0 100.0 
 303 1362623418     729561 0 7 40.0 100.0 
 303 1362623418     739535 0 7 40.0 100.0 
 304 1362623418     749578 0 7 40.0 100.0 
 303 1362623418     759546 0 7 40.0 100.0 
 304 1362623418     769591 0 7 40.0 100.0 
 304 1362623418     779566 0 7 40.0 100.0 
 304 1362623418     789597 0 7 40.0 100.0 
 304 1362623418     799574 0 7 40.0 100.0 
 304 1362623418     809614 0 7 40.0 100.0 
 303 1362623418     819615 0 7 40.0 100.0 
 303 1362623418     829572 0 7 40.0 100.0 
 304 1362623418     839639 0 7 40.0 100.0 
 303 1362623418     849625 0 7 40.0 100.0 
 303 1362623418     859614 0 7 40.0 100.0 
 303 1362623418     869653 0 7 40.0 100.0 
 304 1362623418     879633 0 7 40.0 100.0 
 303 1362623418     889621 0 7 40.0 100.0 
 303 1362623418     899667 0 7 40.0 100.0 
 304 1362623418     909657 0 7 40.0 100.0 
 304 1362623418     919629 0 7 40.0 100.0 
 303 1362623418     929653 0 7 40.0 100.0 
 303 1362623418     939677 0 7 40.0 100.0 
 304 1362623418     949657 0 7 40.0 100.0 
 303 1362623418     959707 0 7 40.0 100.0 
 303 1362623418     969688 0 7 40.0 100.0 
 303 1362623418     979671 0 7 40.0 100.0 
 303 1362623418     989719 0 7 40.0 100.0 
 303 1362623418     999705 0 7 40.0 100.0 
 304 1362623419       9709 0 7 40.0 100.0 
 303 1362623419      19713 0 7 40.0 100.0 
 304 1362623419      29702 0 7 40.0 100.0 
 304 1362623419      39740 0 7 40.0 100.0 
 304 1362623419      49751 0 7 40.0 100.0 
 304 1362623419      59747 0 7 40.0 100.0 
 304 1362623419      69745 0 7 40.0 100.0 
 304 1362623419      79744 0 7 40.0 100.0 
 303 1362623419      89747 0 7 40.0 100.0 
 303 1362623419      99754 0 7 40.0 100.0 
 303 1362623419     109786 0 7 40.0 100.0 
 304 1362623419     119814 0 7 40.0 100.0 
 303 1362623419     129773 0 7 40.0 100.0 
 304 1362623419     139790 0 7 40.0 100.0 
 304 1362623419     149818 0 7 40.0 100.0 
 304 1362623419     159791 0 7 40.0 100.0 
 303 1362623419     169853 0 7 40.0 100.0 
 304 1362623419     179819 0 7 40.0 100.0 
 304 1362623419     189845 0 7 40.0 100.0 
 303 1362623419     199864 0 7 40.0 100.0 
 303 1362623419     209829 0 7 40.0 100.0 
 303 1362623419     219861 0 7 40.0 100.0 
 305 1362623419     229896 0 7 40.0 100.0 
 303 1362623419     239875 0 7 40.0 100.0 
 303 1362623419     249900 0 7 40.0 100.0 
 303 1362623419     259878 0 7 40.0 100.0 
 304 1362623419     269884 0 7 40.0 100.0 
 303 1362623419     279924 0 7 40.0 100.0 
 303 1362623419     289907 0 7 40.0 100.0 
 304 1362623419     299892 0 7 40.0 100.0 
 304 1362623419     309930 0 7 40.0 100.0 
 304 1362623419     319903 0 7 40.0 100.0 
 303 1362623419     329938 0 7 40.0 100.0 
 304 1362623419     339969 0 7 40.0 100.0 
 304 1362623419     349945 0 7 40.0 100.0 
 304 1362623419     359982 0 7 40.0 100.0 
 304 1362623419     369951 0 7 40.0 100.0 
 304 1362623419     379995 0 7 40.0 100.0 
 303 1362623419     389989 0 7 40.0 100.0 
 303 1362623419     399961 0 7 40.0 100.0 
 304 1362623419     410005 0 7 40.0 100.0 
 303 1362623419     420004 0 7 40.0 100.0 
 303 1362623419     430017 0 7 40.0 100.0 
 303 1362623419     440006 0 7 40.0 100.0 
 304 1362623419     449993 0 7 40.0 100.0 
 303 1362623419     460050 0 7 40.0 100.0 
 304 1362623419     470045 0 7 40.0 100.0 
 303 1362623419     480021 0 7 40.0 100.0 
 304 1362623419     490054 0 7 40.0 100.0 
 304 1362623419     500025 0 7 40.0 100.0 
 304 1362623419     510061 0 7 40.0 100.0 
 303 1362623419     520053 0 7 40.0 100.0 
 304 1362623419     530035 0 7 40.0 100.0 
 304 1362623419     540091 0 7 40.0 100.0 
 304 1362623419     550054 0 7 40.0 100.0 
 304 1362623419     560094 0 7 40.0 100.0 
 303 1362623419     570080 0 7 40.0 100.0 
 304 1362623419     580116 0 7 40.0 100.0 
 303 1362623419     590105 0 7 40.0 100.0 
 303 1362623419     600132 0 7 40.0 100.0 
 303 1362623419     610116 0 7 40.0 100.0 
 304 1362623419     620091 0 7 40.0 100.0 
 303 1362623419     630153 0 7 40.0 100.0 
 303 1362623419     640130 0 7 40.0 100.0 
 304 1362623419     650178 0 7 40.0 100.0 
 304 1362623419     660147 0 7 40.0 100.0 
 304 1362623419     670184 0 7 40.0 100.0 
 304 1362623419     680155 0 7 40.0 100.0 
 304 1362623419     690191 0 7 40.0 100.0 
 303 1362623419     700166 0 7 40.0 100.0 
 304 1362623419     710201 0 7 40.0 100.0 
 303 1362623419     720173 0 7 40.0 100.0 
 304 1362623419     730231 0 7 40.0 100.0 
 303 1362623419     740209 0 7 40.0 100.0 
 304 1362623419     750193 0 7 40.0 100.0 
 303 1362623419     760235 0 7 40.0 100.0 
 303 1362623419     770197 0 7 40.0 100.0 
 303 1362623419     780232 0 7 40.0 100.0 
 303 1362623419     790213 0 7 40.0 100.0 
 304 1362623419     800241 0 7 40.0 100.0 
 303 1362623419     810272 0 7 40.0 100.0 
 303 1362623419     820230 0 7 40.0 100.0 
 304 1362623419     830280 0 7 40.0 100.0 
 304 1362623419     840244 0 7 40.0 100.0 
 303 1362623419     850275 0 7 40.0 100.0 
 304 1362623419     860253 0 7 40.0 100.0 
 303 1362623419     870297 0 7 40.0 100.0 
 304 1362623419     880262 0 7 40.0 100.0 
 304 1362623419     890297 0 7 40.0 100.0 
 304 1362623419     900322 0 7 40.0 100.0 
 304 1362623419     910289 0 7 40.0 100.0 
 304 1362623419     920323 0 7 40.0 100.0 
 304 1362623419     930346 0 7 40.0 100.0 
 304 1362623419     940319 0 7 40.0 100.0 
 304 1362623419     950351 0 7 40.0 100.0 
 303 1362623419     960321 0 7 40.0 100.0 
 304 1362623419     970348 0 7 40.0 100.0 
 303 1362623419     980368 0 7 40.0 100.0 
 303 1362623419     990400 0 7 40.0 100.0 
 303 1362623420        377 0 7 40.0 100.0 
 304 1362623420      10357 0 7 40.0 100.0 
 303 1362623420      20374 0 7 40.0 100.0 
 304 1362623420      30415 0 7 40.0 100.0 
 303 1362623420      40372 0 7 40.0 100.0 
 302 1362623420      50382 0 7 40.0 100.0 
 304 1362623420      60425 0 7 40.0 100.0 
 303 1362623420      70389 0 7 40.0 100.0 
 304 1362623420      80440 0 7 40.0 100.0 
 303 1362623420      90466 0 7 40.0 100.0 
 304 1362623420     100442 0 7 40.0 100.0 
 304 1362623420     110414 0 7 40.0 100.0 
 304 1362623420     120454 0 7 40.0 100.0 
 303 1362623420     130488 0 7 40.0 100.0 
 304 1362623420     140462 0 7 40.0 100.0 
 303 1362623420     150488 0 7 40.0 100.0 
 304 1362623420     160510 0 7 40.0 100.0 
 304 1362623420     170480 0 7 40.0 100.0 
 303 1362623420     180486 0 7 40.0 100.0 
 304 1362623420     190523 0 7 40.0 100.0 
 304 1362623420     200492 0 7 40.0 100.0 
 304 1362623420     210531 0 7 40.0 100.0 
 303 1362623420     220499 0 7 40.0 100.0 
 304 1362623420     230536 0 7 40.0 100.0 
 304 1362623420     240562 0 7 40.0 100.0 
 303 1362623420     250518 0 7 40.0 100.0 
 303 1362623420     260554 0 7 40.0 100.0 
 303 1362623420     270582 0 7 40.0 100.0 
 304 1362623420     280535 0 7 40.0 100.0 
 303 1362623420     290558 0 7 40.0 100.0 
 304 1362623420     300579 0 7 40.0 100.0 
 303 1362623420     310553 0 7 40.0 100.0 
 303 1362623420     320567 0 7 40.0 100.0 
 303 1362623420     330598 0 7 40.0 100.0 
 305 1362623420     340631 0 7 40.0 100.0 
 303 1362623420     350593 0 7 40.0 100.0 
 304 1362623420     360631 0 7 40.0 100.0 
 303 1362623420     370606 0 7 40.0 100.0 
 303 1362623420     380634 0 7 40.0 100.0 
 304 1362623420     390601 0 7 40.0 100.0 
 303 1362623420     400622 0 7 40.0 100.0 
 303 1362623420     410660 0 7 40.0 100.0 
 303 1362623420     420634 0 7 40.0 100.0 
 304 1362623420     430647 0 7 40.0 100.0 
 303 1362623420     440678 0 7 40.0 100.0 
 304 1362623420     450646 0 7 40.0 100.0 
 303 1362623420     460659 0 7 40.0 100.0 
 304 1362623420     470704 0 7 40.0 100.0 
 303 1362623420     480665 0 7 40.0 100.0 
 304 1362623420     490685 0 7 40.0 100.0 
 303 1362623420     500718 0 7 40.0 100.0 
 304 1362623420     510702 0 7 40.0 100.0 
 303 1362623420     520736 0 7 40.0 100.0 
 304 1362623420     530734 0 7 40.0 100.0 
 304 1362623420     540701 0 7 40.0 100.0 
 304 1362623420     550737 0 7 40.0 100.0 
 305 1362623420     560741 0 7 40.0 100.0 
 304 1362623420     570749 0 7 40.0 100.0 
 304 1362623420     580726 0 7 40.0 100.0 
 304 1362623420     590761 0 7 40.0 100.0 
 304 1362623420     600770 0 7 40.0 100.0 
 303 1362623420     610761 0 7 40.0 100.0 
 304 1362623420     620783 0 7 40.0 100.0 
 303 1362623420     630802 0 7 40.0 100.0 
 304 1362623420     640776 0 7 40.0 100.0 
 304 1362623420     650826 0 7 40.0 100.0 
 304 1362623420     660773 0 7 40.0 100.0 
 303 1362623420     670813 0 7 40.0 100.0 
 303 1362623420     680800 0 7 40.0 100.0 
 304 1362623420     690820 0 7 40.0 100.0 
 303 1362623420     700862 0 7 40.0 100.0 
 304 1362623420     710834 0 7 40.0 100.0 
 303 1362623420     720859 0 7 40.0 100.0 
 303 1362623420     730851 0 7 40.0 100.0 
 304 1362623420     740858 0 7 40.0 100.0 
 304 1362623420     750886 0 7 40.0 100.0 
 304 1362623420     760839 0 7 40.0 100.0 
 304 1362623420     770857 0 7 40.0 100.0 
 303 1362623420     780854 0 7 40.0 100.0 
 303 1362623420     790880 0 7 40.0 100.0 
 304 1362623420     800885 0 7 40.0 100.0 
 304 1362623420     810913 0 7 40.0 100.0 
 305 1362623420     820923 0 7 40.0 100.0 
 304 1362623420     830936 0 7 40.0 100.0 
 304 1362623420     840936 0 7 40.0 100.0 
 303 1362623420     850946 0 7 40.0 100.0 
 304 1362623420     860937 0 7 40.0 100.0 
 304 1362623420     870962 0 7 40.0 100.0 
 303 1362623420     880980 0 7 40.0 100.0 
 304 1362623420     890971 0 7 40.0 100.0 
 304 1362623420     900987 0 7 40.0 100.0 
 304 1362623420     910997 0 7 40.0 100.0 
 303 1362623420     921000 0 7 40.0 100.0 
 304 1362623420     930993 0 7 40.0 100.0 
 303 1362623420     941015 0 7 40.0 100.0 
 304 1362623420     951027 0 7 40.0 100.0 
 304 1362623420     961033 0 7 40.0 100.0 
 304 1362623420     970991 0 7 40.0 100.0 
 303 1362623420     981040 0 7 40.0 100.0 
 304 1362623420     991033 0 7 40.0 100.0 
 303 1362623421       1005 0 7 40.0 100.0 
 304 1362623421      11034 0 7 40.0 100.0 
 304 1362623421      21034 0 7 40.0 100.0 
 303 1362623421      31052 0 7 40.0 100.0 
 304 1362623421      41043 0 7 40.0 100.0 
 303 1362623421      51053 0 7 40.0 100.0 
 304 1362623421      61048 0 7 40.0 100.0 
 304 1362623421      71058 0 7 40.0 100.0 
 303 1362623421      81091 0 7 40.0 100.0 
 304 1362623421      91079 0 7 40.0 100.0 
 303 1362623421     101083 0 7 40.0 100.0 
 303 1362623421     111088 0 7 40.0 100.0 
 304 1362623421     121080 0 7 40.0 100.0 
 304 1362623421     131126 0 7 40.0 100.0 
 303 1362623421     141118 0 7 40.0 100.0 
 303 1362623421     151097 0 7 40.0 100.0 
 303 1362623421     161113 0 7 40.0 100.0 
 304 1362623421     171164 0 7 40.0 100.0 
 303 1362623421     181146 0 7 40.0 100.0 
 304 1362623421     191129 0 7 40.0 100.0 
 304 1362623421     201168 0 7 40.0 100.0 
 304 1362623421     211196 0 7 40.0 100.0 
 303 1362623421     221155 0 7 40.0 100.0 
 303 1362623421     231186 0 7 40.0 100.0 
 304 1362623421     241191 0 7 40.0 100.0 
 304 1362623421     251163 0 7 40.0 100.0 
 304 1362623421     261170 0 7 40.0 100.0 
 303 1362623421     271197 0 7 40.0 100.0 
 304 1362623421     281200 0 7 40.0 100.0 
 303 1362623421     291224 0 7 40.0 100.0 
 304 1362623421     301215 0 7 40.0 100.0 
 304 1362623421     311222 0 7 40.0 100.0 
 304 1362623421     321252 0 7 40.0 100.0 
 304 1362623421     331240 0 7 40.0 100.0 
 304 1362623421     341262 0 7 40.0 100.0 
 304 1362623421     351263 0 7 40.0 100.0 
 304 1362623421     361277 0 7 40.0 100.0 
 304 1362623421     371267 0 7 40.0 100.0 
 303 1362623421     381249 0 7 40.0 100.0 
 305 1362623421     391262 0 7 40.0 100.0 
 304 1362623421     401266 0 7 40.0 100.0 
 305 1362623421     411307 0 7 40.0 100.0 
 303 1362623421     421303 0 7 40.0 100.0 
 304 1362623421     431321 0 7 40.0 100.0 
 303 1362623421     441304 0 7 40.0 100.0 
 304 1362623421     451303 0 7 40.0 100.0 
 304 1362623421     461314 0 7 40.0 100.0 
 304 1362623421     471365 0 7 40.0 100.0 
 304 1362623421     481326 0 7 40.0 100.0 
 303 1362623421     491360 0 7 40.0 100.0 
 304 1362623421     501366 0 7 40.0 100.0 
 303 1362623421     511388 0 7 40.0 100.0 
 304 1362623421     521401 0 7 40.0 100.0 
 303 1362623421     531388 0 7 40.0 100.0 
 304 1362623421     541397 0 7 40.0 100.0 
 303 1362623421     551377 0 7 40.0 100.0 
 304 1362623421     561395 0 7 40.0 100.0 
 304 1362623421     571427 0 7 40.0 100.0 
 303 1362623421     581412 0 7 40.0 100.0 
 303 1362623421     591390 0 7 40.0 100.0 
 303 1362623421     601432 0 7 40.0 100.0 
 303 1362623421     611429 0 7 40.0 100.0 
 303 1362623421     621421 0 7 40.0 100.0 
 303 1362623421     631436 0 7 40.0 100.0 
 303 1362623421     641454 0 7 40.0 100.0 
 303 1362623421     651464 0 7 40.0 100.0 
 302 1362623421     661491 0 7 40.0 100.0 
 304 1362623421     671488 0 7 40.0 100.0 
 303 1362623421     681465 0 7 40.0 100.0 
 304 1362623421     691489 0 7 40.0 100.0 
 303 1362623421     701461 0 7 40.0 100.0 
 303 1362623421     711502 0 7 40.0 100.0 
 303 1362623421     721533 0 7 40.0 100.0 
 304 1362623421     731536 0 7 40.0 100.0 
 303 1362623421     741518 0 7 40.0 100.0 
 304 1362623421     751496 0 7 40.0 100.0 
 304 1362623421     761556 0 7 40.0 100.0 
 303 1362623421     771567 0 7 40.0 100.0 
 303 1362623421     781524 0 7 40.0 100.0 
 303 1362623421     791529 0 7 40.0 100.0 
 304 1362623421     801539 0 7 40.0 100.0 
 303 1362623421     811580 0 7 40.0 100.0 
 303 1362623421     821540 0 7 40.0 100.0 
 304 1362623421     831605 0 7 40.0 100.0 
 303 1362623421     841569 0 7 40.0 100.0 
 303 1362623421     851580 0 7 40.0 100.0 
 303 1362623421     861606 0 7 40.0 100.0 
 304 1362623421     871590 0 7 40.0 100.0 
 303 1362623421     881619 0 7 40.0 100.0 
 303 1362623421     891630 0 7 40.0 100.0 
 303 1362623421     901605 0 7 40.0 100.0 
 304 1362623421     911621 0 7 40.0 100.0 
 303 1362623421     921660 0 7 40.0 100.0 
 304 1362623421     931657 0 7 40.0 100.0 
 303 1362623421     941629 0 7 40.0 100.0 
 304 1362623421     951672 0 7 40.0 100.0 
 304 1362623421     961639 0 7 40.0 100.0 
 304 1362623421     971694 0 7 40.0 100.0 
 303 1362623421     981689 0 7 40.0 100.0 
 303 1362623421     991657 0 7 40.0 100.0 
 304 1362623422       1662 0 7 40.0 100.0 
 303 1362623422      11672 0 7 40.0 100.0 
 304 1362623422      21730 0 7 40.0 100.0 
 303 1362623422      31740 0 7 40.0 100.0 
 304 1362623422      41728 0 7 40.0 100.0 
 304 1362623422      51725 0 7 40.0 100.0 
 304 1362623422      61722 0 7 40.0 100.0 
 304 1362623422      71746 0 7 40.0 100.0 
 304 1362623422      81724 0 7 40.0 100.0 
 303 1362623422      91755 0 7 40.0 100.0 
 303 1362623422     101772 0 7 40.0 100.0 
 303 1362623422     111732 0 7 40.0 100.0 
 303 1362623422     121749 0 7 40.0 100.0 
 304 1362623422     131763 0 7 40.0 100.0 
 303 1362623422     141782 0 7 40.0 100.0 
 303 1362623422     151784 0 7 40.0 100.0 
 303 1362623422     161772 0 7 40.0 100.0 
 304 1362623422     171776 0 7 40.0 100.0 
 303 1362623422     181817 0 7 40.0 100.0 
 304 1362623422     191849 0 7 40.0 100.0 
 304 1362623422     201800 0 7 40.0 100.0 
 304 1362623422     211805 0 7 40.0 100.0 
 303 1362623422     221814 0 7 40.0 100.0 
 303 1362623422     231817 0 7 40.0 100.0 
 304 1362623422     241859 0 7 40.0 100.0 
 304 1362623422     251829 0 7 40.0 100.0 
 304 1362623422     261838 0 7 40.0 100.0 
 303 1362623422     271890 0 7 40.0 100.0 
 304 1362623422     281873 0 7 40.0 100.0 
 303 1362623422     291898 0 7 40.0 100.0 
 304 1362623422     301881 0 7 40.0 100.0 
 303 1362623422     311901 0 7 40.0 100.0 
 305 1362623422     321907 0 7 40.0 100.0 
 303 1362623422     331923 0 7 40.0 100.0 
 304 1362623422     341892 0 7 40.0 100.0 
 304 1362623422     351939 0 7 40.0 100.0 
 304 1362623422     361936 0 7 40.0 100.0 
 304 1362623422     371913 0 7 40.0 100.0 
 304 1362623422     381934 0 7 40.0 100.0 
 303 1362623422     391944 0 7 40.0 100.0 
 303 1362623422     401939 0 7 40.0 100.0 
 303 1362623422     411928 0 7 40.0 100.0 
 304 1362623422     421952 0 7 40.0 100.0 
 304 1362623422     431973 0 7 40.0 100.0 
 302 1362623422     441989 0 7 40.0 100.0 
 304 1362623422     451989 0 7 40.0 100.0 
 304 1362623422     461989 0 7 40.0 100.0 
 303 1362623422     471970 0 7 40.0 100.0 
 304 1362623422     482009 0 7 40.0 100.0 
 303 1362623422     492039 0 7 40.0 100.0 
 304 1362623422     502033 0 7 40.0 100.0 
 304 1362623422     512004 0 7 40.0 100.0 
 304 1362623422     522046 0 7 40.0 100.0 
 303 1362623422     532061 0 7 40.0 100.0 
 303 1362623422     542029 0 7 40.0 100.0 
 304 1362623422     552036 0 7 40.0 100.0 
 303 1362623422     562090 0 7 40.0 100.0 
 304 1362623422     572060 0 7 40.0 100.0 
 304 1362623422     582050 0 7 40.0 100.0 
 303 1362623422     592093 0 7 40.0 100.0 
 305 1362623422     602065 0 7 40.0 100.0 
 304 1362623422     612097 0 7 40.0 100.0 
 304 1362623422     622086 0 7 40.0 100.0 
 304 1362623422     632101 0 7 40.0 100.0 
 304 1362623422     642112 0 7 40.0 100.0 
 304 1362623422     652107 0 7 40.0 100.0 
 304 1362623422     662133 0 7 40.0 100.0 
 304 1362623422     672107 0 7 40.0 100.0 
 303 1362623422     682160 0 7 40.0 100.0 
 304 1362623422     692119 0 7 40.0 100.0 
 303 1362623422     702177 0 7 40.0 100.0 
 303 1362623422     712160 0 7 40.0 100.0 
 304 1362623422     722190 0 7 40.0 100.0 
 305 1362623422     732161 0 7 40.0 100.0 
 303 1362623422     742210 0 7 40.0 100.0 
 304 1362623422     752166 0 7 40.0 100.0 
 303 1362623422     762222 0 7 40.0 100.0 
 304 1362623422     772175 0 7 40.0 100.0 
 304 1362623422     782199 0 7 40.0 100.0 
 304 1362623422     792189 0 7 40.0 100.0 
 304 1362623422     802228 0 7 40.0 100.0 
 303 1362623422     812194 0 7 40.0 100.0 
 303 1362623422     822246 0 7 40.0 100.0 
 303 1362623422     832268 0 7 40.0 100.0 
 304 1362623422     842229 0 7 40.0 100.0 
 303 1362623422     852273 0 7 40.0 100.0 
 304 1362623422     862266 0 7 40.0 100.0 
 303 1362623422     872248 0 7 40.0 100.0 
 304 1362623422     882280 0 7 40.0 100.0 
 304 1362623422     892278 0 7 40.0 100.0 
 304 1362623422     902271 0 7 40.0 100.0 
 303 1362623422     912298 0 7 40.0 100.0 
 304 1362623422     922322 0 7 40.0 100.0 
 304 1362623422     932330 0 7 40.0 100.0 
 304 1362623422     942285 0 7 40.0 100.0 
 304 1362623422     952293 0 7 40.0 100.0 
 303 1362623422     962353 0 7 40.0 100.0 
 304 1362623422     972349 0 7 40.0 100.0 
 303 1362623422     982361 0 7 40.0 100.0 
 305 1362623422     992354 0 7 40.0 100.0 
 304 1362623423       2383 0 7 40.0 100.0 
 304 1362623423      12335 0 7 40.0 100.0 
 303 1362623423      22389 0 7 40.0 100.0 
 303 1362623423      32381 0 7 40.0 100.0 
 304 1362623423      42375 0 7 40.0 100.0 
 304 1362623423      52409 0 7 40.0 100.0 
 304 1362623423      62398 0 7 40.0 100.0 
 304 1362623423      72407 0 7 40.0 100.0 
 304 1362623423      82427 0 7 40.0 100.0 
 304 1362623423      92439 0 7 40.0 100.0 
 304 1362623423     102394 0 7 40.0 100.0 
 303 1362623423     112423 0 7 40.0 100.0 
 303 1362623423     122444 0 7 40.0 100.0 
 303 1362623423     132440 0 7 40.0 100.0 
 304 1362623423     142470 0 7 40.0 100.0 
 303 1362623423     152437 0 7 40.0 100.0 
 304 1362623423     162461 0 7 40.0 100.0 
 303 1362623423     172441 0 7 40.0 100.0 
 304 1362623423     182489 0 7 40.0 100.0 
 304 1362623423     192458 0 7 40.0 100.0 
 303 1362623423     202500 0 7 40.0 100.0 
 303 1362623423     212518 0 7 40.0 100.0 
 303 1362623423     222511 0 7 40.0 100.0 
 305 1362623423     232526 0 7 40.0 100.0 
 304 1362623423     242489 0 7 40.0 100.0 
 305 1362623423     252505 0 7 40.0 100.0 
 303 1362623423     262523 0 7 40.0 100.0 
 304 1362623423     272538 0 7 40.0 100.0 
 303 1362623423     282536 0 7 40.0 100.0 
 303 1362623423     292550 0 7 40.0 100.0 
 303 1362623423     302566 0 7 40.0 100.0 
 303 1362623423     312582 0 7 40.0 100.0 
 304 1362623423     322588 0 7 40.0 100.0 
 303 1362623423     332586 0 7 40.0 100.0 
 304 1362623423     342599 0 7 40.0 100.0 
 304 1362623423     352571 0 7 40.0 100.0 
 304 1362623423     362608 0 7 40.0 100.0 
 304 1362623423     372615 0 7 40.0 100.0 
 305 1362623423     382622 0 7 40.0 100.0 
 304 1362623423     392638 0 7 40.0 100.0 
 303 1362623423     402635 0 7 40.0 100.0 
 304 1362623423     412652 0 7 40.0 100.0 
 304 1362623423     422615 0 7 40.0 100.0 
 304 1362623423     432606 0 7 40.0 100.0 
 304 1362623423     442615 0 7 40.0 100.0 
 304 1362623423     452673 0 7 40.0 100.0 
 304 1362623423     462636 0 7 40.0 100.0 
 304 1362623423     472663 0 7 40.0 100.0 
 303 1362623423     482677 0 7 40.0 100.0 
 305 1362623423     492692 0 7 40.0 100.0 
 304 1362623423     502680 0 7 40.0 100.0 
 304 1362623423     512696 0 7 40.0 100.0 
 303 1362623423     522685 0 7 40.0 100.0 
 304 1362623423     532695 0 7 40.0 100.0 
 304 1362623423     542711 0 7 40.0 100.0 
 304 1362623423     552714 0 7 40.0 100.0 
 304 1362623423     562734 0 7 40.0 100.0 
 303 1362623423     572740 0 7 40.0 100.0 
 304 1362623423     582702 0 7 40.0 100.0 
 304 1362623423     592761 0 7 40.0 100.0 
 303 1362623423     602716 0 7 40.0 100.0 
 303 1362623423     612784 0 7 40.0 100.0 
 305 1362623423     622735 0 7 40.0 100.0 
 303 1362623423     632794 0 7 40.0 100.0 
 304 1362623423     642766 0 7 40.0 100.0 
 304 1362623423     652775 0 7 40.0 100.0 
 304 1362623423     662773 0 7 40.0 100.0 
 303 1362623423     672777 0 7 40.0 100.0 
 304 1362623423     682810 0 7 40.0 100.0 
 304 1362623423     692830 0 7 40.0 100.0 
 303 1362623423     702833 0 7 40.0 100.0 
 304 1362623423     712830 0 7 40.0 100.0 
 304 1362623423     722857 0 7 40.0 100.0 
 303 1362623423     732808 0 7 40.0 100.0 
 303 1362623423     742833 0 7 40.0 100.0 
 303 1362623423     752827 0 7 40.0 100.0 
 303 1362623423     762858 0 7 40.0 100.0 
 304 1362623423     772871 0 7 40.0 100.0 
 303 1362623423     782887 0 7 40.0 100.0 
 304 1362623423     792901 0 7 40.0 100.0 
 303 1362623423     802886 0 7 40.0 100.0 
 303 1362623423     812880 0 7 40.0 100.0 
 304 1362623423     822907 0 7 40.0 100.0 
 304 1362623423     832895 0 7 40.0 100.0 
 304 1362623423     842919 0 7 40.0 100.0 
 304 1362623423     852900 0 7 40.0 100.0 
 304 1362623423     862931 0 7 40.0 100.0 
 303 1362623423     872925 0 7 40.0 100.0 
 304 1362623423     882942 0 7 40.0 100.0 
 304 1362623423     892961 0 7 40.0 100.0 
 304 1362623423     902928 0 7 40.0 100.0 
 303 1362623423     912980 0 7 40.0 100.0 
 304 1362623423     922992 0 7 40.0 100.0 
 304 1362623423     932952 0 7 40.0 100.0 
 303 1362623423     942951 0 7 40.0 100.0 
 304 1362623423     952995 0 7 40.0 100.0 
 303 1362623423     962976 0 7 40.0 100.0 
 303 1362623423     973007 0 7 40.0 100.0 
 303 1362623423     982980 0 7 40.0 100.0 
 303 1362623423     993004 0 7 40.0 100.0 
 303 1362623424       3045 0 7 40.0 100.0 
 304 1362623424      13008 0 7 40.0 100.0 
 303 1362623424      23037 0 7 40.0 100.0 
 304 1362623424      33063 0 7 40.0 100.0 
 303 1362623424      43053 0 7 40.0 100.0 
 304 1362623424      53062 0 7 40.0 100.0 
 303 1362623424      63022 0 7 40.0 100.0 
 303 1362623424      73050 0 7 40.0 100.0 
 304 1362623424      83048 0 7 40.0 100.0 
 303 1362623424      93054 0 7 40.0 100.0 
 304 1362623424     103050 0 7 40.0 100.0 
 302 1362623424     113103 0 7 40.0 100.0 
 304 1362623424     123079 0 7 40.0 100.0 
 304 1362623424     133119 0 7 40.0 100.0 
 305 1362623424     143084 0 7 40.0 100.0 
 303 1362623424     153113 0 7 40.0 100.0 
 304 1362623424     163148 0 7 40.0 100.0 
 304 1362623424     173136 0 7 40.0 100.0 
 303 1362623424     183162 0 7 40.0 100.0 
 304 1362623424     193131 0 7 40.0 100.0 
 304 1362623424     203174 0 7 40.0 100.0 
 304 1362623424     213184 0 7 40.0 100.0 
 304 1362623424     223154 0 7 40.0 100.0 
 304 1362623424     233182 0 7 40.0 100.0 
 303 1362623424     243160 0 7 40.0 100.0 
 304 1362623424     253210 0 7 40.0 100.0 
 303 1362623424     263215 0 7 40.0 100.0 
 304 1362623424     273177 0 7 40.0 100.0 
 304 1362623424     283178 0 7 40.0 100.0 
 303 1362623424     293203 0 7 40.0 100.0 
 304 1362623424     303183 0 7 40.0 100.0 
 303 1362623424     313208 0 7 40.0 100.0 
 303 1362623424     323219 0 7 40.0 100.0 
 303 1362623424     333198 0 7 40.0 100.0 
 303 1362623424     343230 0 7 40.0 100.0 
 304 1362623424     353244 0 7 40.0 100.0 
 304 1362623424     363261 0 7 40.0 100.0 
 303 1362623424     373278 0 7 40.0 100.0 
 304 1362623424     383269 0 7 40.0 100.0 
 302 1362623424     393262 0 7 40.0 100.0 
 304 1362623424     403301 0 7 40.0 100.0 
 303 1362623424     413291 0 7 40.0 100.0 
 304 1362623424     423278 0 7 40.0 100.0 
 304 1362623424     433291 0 7 40.0 100.0 
 303 1362623424     443319 0 7 40.0 100.0 
 303 1362623424     453307 0 7 40.0 100.0 
 303 1362623424     463291 0 7 40.0 100.0 
 303 1362623424     473310 0 7 40.0 100.0 
 304 1362623424     483344 0 7 40.0 100.0 
 304 1362623424     493320 0 7 40.0 100.0 
 304 1362623424     503373 0 7 40.0 100.0 
 304 1362623424     513375 0 7 40.0 100.0 
 303 1362623424     523355 0 7 40.0 100.0 
 304 1362623424     533347 0 7 40.0 100.0 
 304 1362623424     543342 0 7 40.0 100.0 
 304 1362623424     553360 0 7 40.0 100.0 
 304 1362623424     563383 0 7 40.0 100.0 
 303 1362623424     573388 0 7 40.0 100.0 
 303 1362623424     583396 0 7 40.0 100.0 
 304 1362623424     593387 0 7 40.0 100.0 
 304 1362623424     603433 0 7 40.0 100.0 
 304 1362623424     613430 0 7 40.0 100.0 
 304 1362623424     623436 0 7 40.0 100.0 
 303 1362623424     633433 0 7 40.0 100.0 
 304 1362623424     643413 0 7 40.0 100.0 
 304 1362623424     653413 0 7 40.0 100.0 
 304 1362623424     663462 0 7 40.0 100.0 
 303 1362623424     673483 0 7 40.0 100.0 
 304 1362623424     683489 0 7 40.0 100.0 
 303 1362623424     693488 0 7 40.0 100.0 
 304 1362623424     703456 0 7 40.0 100.0 
 304 1362623424     713453 0 7 40.0 100.0 
 304 1362623424     723475 0 7 40.0 100.0 
 304 1362623424     733504 0 7 40.0 100.0 
 304 1362623424     743491 0 7 40.0 100.0 
 304 1362623424     753494 0 7 40.0 100.0 
 303 1362623424     763539 0 7 40.0 100.0 
 304 1362623424     773537 0 7 40.0 100.0 
 303 1362623424     783535 0 7 40.0 100.0 
 304 1362623424     793563 0 7 40.0 100.0 
 303 1362623424     803551 0 7 40.0 100.0 
 305 1362623424     813519 0 7 40.0 100.0 
 303 1362623424     823553 0 7 40.0 100.0 
 304 1362623424     833582 0 7 40.0 100.0 
 304 1362623424     843537 0 7 40.0 100.0 
 304 1362623424     853590 0 7 40.0 100.0 
 304 1362623424     863559 0 7 40.0 100.0 
 304 1362623424     873572 0 7 40.0 100.0 
 304 1362623424     883574 0 7 40.0 100.0 
 304 1362623424     893590 0 7 40.0 100.0 
 304 1362623424     903589 0 7 40.0 100.0 
 303 1362623424     913591 0 7 40.0 100.0 
 305 1362623424     923605 0 7 40.0 100.0 
 304 1362623424     933614 0 7 40.0 100.0 
 304 1362623424     943637 0 7 40.0 100.0 
 304 1362623424     953629 0 7 40.0 100.0 
 304 1362623424     963643 0 7 40.0 100.0 
 303 1362623424     973632 0 7 40.0 100.0 
 304 1362623424     983670 0 7 40.0 100.0 
 304 1362623424     993661 0 7 40.0 100.0 
 304 1362623425       3706 0 7 40.0 100.0 
 303 1362623425      13653 0 7 40.0 100.0 
 303 1362623425      23695 0 7 40.0 100.0 
 304 1362623425      33677 0 7 40.0 100.0 
 303 1362623425      43680 0 7 40.0 100.0 
 305 1362623425      53679 0 7 40.0 100.0 
 304 1362623425      63722 0 7 40.0 100.0 
 304 1362623425      73718 0 7 40.0 100.0 
 304 1362623425      83754 0 7 40.0 100.0 
 304 1362623425      93738 0 7 40.0 100.0 
 304 1362623425     103726 0 7 40.0 100.0 
 304 1362623425     113739 0 7 40.0 100.0 
 304 1362623425     123726 0 7 40.0 100.0 
 304 1362623425     133750 0 7 40.0 100.0 
 303 1362623425     143785 0 7 40.0 100.0 
 303 1362623425     153803 0 7 40.0 100.0 
 304 1362623425     163783 0 7 40.0 100.0 
 303 1362623425     173771 0 7 40.0 100.0 
 304 1362623425     183800 0 7 40.0 100.0 
 303 1362623425     193822 0 7 40.0 100.0 
 304 1362623425     203783 0 7 40.0 100.0 
 304 1362623425     213806 0 7 40.0 100.0 
 303 1362623425     223830 0 7 40.0 100.0 
 303 1362623425     233830 0 7 40.0 100.0 
 304 1362623425     243808 0 7 40.0 100.0 
 304 1362623425     253852 0 7 40.0 100.0 
 304 1362623425     263820 0 7 40.0 100.0 
 303 1362623425     273879 0 7 40.0 100.0 
 303 1362623425     283879 0 7 40.0 100.0 
 303 1362623425     293879 0 7 40.0 100.0 
 303 1362623425     303897 0 7 40.0 100.0 
 303 1362623425     313858 0 7 40.0 100.0 
 303 1362623425     323877 0 7 40.0 100.0 
 304 1362623425     333903 0 7 40.0 100.0 
 304 1362623425     343895 0 7 40.0 100.0 
 303 1362623425     353888 0 7 40.0 100.0 
 304 1362623425     363929 0 7 40.0 100.0 
 304 1362623425     373919 0 7 40.0 100.0 
 304 1362623425     383939 0 7 40.0 100.0 
 304 1362623425     393946 0 7 40.0 100.0 
 304 1362623425     403941 0 7 40.0 100.0 
 304 1362623425     413965 0 7 40.0 100.0 
 304 1362623425     423968 0 7 40.0 100.0 
 303 1362623425     433971 0 7 40.0 100.0 
 304 1362623425     443936 0 7 40.0 100.0 
 303 1362623425     453942 0 7 40.0 100.0 
 304 1362623425     463985 0 7 40.0 100.0 
 303 1362623425     473986 0 7 40.0 100.0 
 304 1362623425     483973 0 7 40.0 100.0 
 304 1362623425     494020 0 7 40.0 100.0 
 304 1362623425     503972 0 7 40.0 100.0 
 303 1362623425     514036 0 7 40.0 100.0 
 304 1362623425     524038 0 7 40.0 100.0 
 304 1362623425     534047 0 7 40.0 100.0 
 304 1362623425     544023 0 7 40.0 100.0 
 304 1362623425     554054 0 7 40.0 100.0 
 303 1362623425     564060 0 7 40.0 100.0 
 304 1362623425     574058 0 7 40.0 100.0 
 303 1362623425     584028 0 7 40.0 100.0 
 304 1362623425     594047 0 7 40.0 100.0 
 304 1362623425     604059 0 7 40.0 100.0 
 305 1362623425     614085 0 7 40.0 100.0 
 303 1362623425     624068 0 7 40.0 100.0 
 304 1362623425     634072 0 7 40.0 100.0 
 304 1362623425     644081 0 7 40.0 100.0 
 304 1362623425     654092 0 7 40.0 100.0 
 303 1362623425     664132 0 7 40.0 100.0 
 303 1362623425     674095 0 7 40.0 100.0 
 304 1362623425     684148 0 7 40.0 100.0 
 303 1362623425     694157 0 7 40.0 100.0 
 303 1362623425     704120 0 7 40.0 100.0 
 303 1362623425     714132 0 7 40.0 100.0 
 304 1362623425     724146 0 7 40.0 100.0 
 303 1362623425     734137 0 7 40.0 100.0 
 303 1362623425     744133 0 7 40.0 100.0 
 303 1362623425     754152 0 7 40.0 100.0 
 304 1362623425     764191 0 7 40.0 100.0 
 304 1362623425     774158 0 7 40.0 100.0 
 304 1362623425     784174 0 7 40.0 100.0 
 304 1362623425     794187 0 7 40.0 100.0 
 304 1362623425     804185 0 7 40.0 100.0 
 304 1362623425     814226 0 7 40.0 100.0 
 304 1362623425     824228 0 7 40.0 100.0 
 304 1362623425     834213 0 7 40.0 100.0 
 303 1362623425     844235 0 7 40.0 100.0 
 304 1362623425     854235 0 7 40.0 100.0 
 303 1362623425     864272 0 7 40.0 100.0 
 304 1362623425     874279 0 7 40.0 100.0 
 304 1362623425     884244 0 7 40.0 100.0 
 303 1362623425     894242 0 7 40.0 100.0 
 303 1362623425     904297 0 7 40.0 100.0 
 303 1362623425     914299 0 7 40.0 100.0 
 303 1362623425     924299 0 7 40.0 100.0 
 304 1362623425     934292 0 7 40.0 100.0 
 304 1362623425     944275 0 7 40.0 100.0 
 304 1362623425     954291 0 7 40.0 100.0 
 304 1362623425     964290 0 7 40.0 100.0 
 304 1362623425     974344 0 7 40.0 100.0 
 304 1362623425     984331 0 7 40.0 100.0 
 303 1362623425     994349 0 7 40.0 100.0 
 304 1362623426       4318 0 7 40.0 100.0 
 304 1362623426      14322 0 7 40.0 100.0 
 304 1362623426      24316 0 7 40.0 100.0 
 304 1362623426      34341 0 7 40.0 100.0 
 304 1362623426      44366 0 7 40.0 100.0 
 303 1362623426      54340 0 7 40.0 100.0 
 304 1362623426      64366 0 7 40.0 100.0 
 303 1362623426      74407 0 7 40.0 100.0 
 303 1362623426      84417 0 7 40.0 100.0 
 304 1362623426      94413 0 7 40.0 100.0 
 303 1362623426     104430 0 7 40.0 100.0 
 304 1362623426     114424 0 7 40.0 100.0 
 303 1362623426     124432 0 7 40.0 100.0 
 304 1362623426     134400 0 7 40.0 100.0 
 303 1362623426     144425 0 7 40.0 100.0 
 304 1362623426     154444 0 7 40.0 100.0 
 303 1362623426     164409 0 7 40.0 100.0 
 304 1362623426     174472 0 7 40.0 100.0 
 304 1362623426     184461 0 7 40.0 100.0 
 304 1362623426     194448 0 7 40.0 100.0 
 304 1362623426     204439 0 7 40.0 100.0 
 304 1362623426     214446 0 7 40.0 100.0 
 304 1362623426     224468 0 7 40.0 100.0 
 303 1362623426     234461 0 7 40.0 100.0 
 303 1362623426     244475 0 7 40.0 100.0 
 303 1362623426     254470 0 7 40.0 100.0 
 303 1362623426     264497 0 7 40.0 100.0 
 303 1362623426     274535 0 7 40.0 100.0 
 304 1362623426     284500 0 7 40.0 100.0 
 303 1362623426     294519 0 7 40.0 100.0 
 304 1362623426     304502 0 7 40.0 100.0 
 304 1362623426     314550 0 7 40.0 100.0 
 304 1362623426     324529 0 7 40.0 100.0 
 303 1362623426     334537 0 7 40.0 100.0 
 304 1362623426     344575 0 7 40.0 100.0 
 303 1362623426     354589 0 7 40.0 100.0 
 304 1362623426     364577 0 7 40.0 100.0 
 304 1362623426     374587 0 7 40.0 100.0 
 303 1362623426     384587 0 7 40.0 100.0 
 304 1362623426     394569 0 7 40.0 100.0 
 304 1362623426     404608 0 7 40.0 100.0 
 303 1362623426     414575 0 7 40.0 100.0 
 303 1362623426     424626 0 7 40.0 100.0 
 304 1362623426     434626 0 7 40.0 100.0 
 304 1362623426     444658 0 7 40.0 100.0 
 304 1362623426     454623 0 7 40.0 100.0 
 304 1362623426     464612 0 7 40.0 100.0 
 304 1362623426     474632 0 7 40.0 100.0 
 304 1362623426     484633 0 7 40.0 100.0 
 304 1362623426     494686 0 7 40.0 100.0 
 304 1362623426     504676 0 7 40.0 100.0 
 303 1362623426     514695 0 7 40.0 100.0 
 304 1362623426     524649 0 7 40.0 100.0 
 303 1362623426     534665 0 7 40.0 100.0 
 304 1362623426     544710 0 7 40.0 100.0 
 304 1362623426     554684 0 7 40.0 100.0 
 303 1362623426     564713 0 7 40.0 100.0 
 304 1362623426     574738 0 7 40.0 100.0 
 305 1362623426     584705 0 7 40.0 100.0 
 304 1362623426     594712 0 7 40.0 100.0 
 304 1362623426     604762 0 7 40.0 100.0 
 304 1362623426     614765 0 7 40.0 100.0 
 304 1362623426     624721 0 7 40.0 100.0 
 304 1362623426     634777 0 7 40.0 100.0 
 303 1362623426     644746 0 7 40.0 100.0 
 304 1362623426     654794 0 7 40.0 100.0 
 303 1362623426     664758 0 7 40.0 100.0 
 304 1362623426     674747 0 7 40.0 100.0 
 304 1362623426     684796 0 7 40.0 100.0 
 304 1362623426     694781 0 7 40.0 100.0 
 304 1362623426     704793 0 7 40.0 100.0 
 304 1362623426     714794 0 7 40.0 100.0 
 304 1362623426     724837 0 7 40.0 100.0 
 304 1362623426     734836 0 7 40.0 100.0 
 303 1362623426     744835 0 7 40.0 100.0 
 304 1362623426     754846 0 7 40.0 100.0 
 303 1362623426     764857 0 7 40.0 100.0 
 304 1362623426     774847 0 7 40.0 100.0 
 303 1362623426     784837 0 7 40.0 100.0 
 304 1362623426     794887 0 7 40.0 100.0 
 303 1362623426     804863 0 7 40.0 100.0 
 303 1362623426     814885 0 7 40.0 100.0 
 304 1362623426     824887 0 7 40.0 100.0 
 303 1362623426     834872 0 7 40.0 100.0 
 304 1362623426     844897 0 7 40.0 100.0 
 303 1362623426     854916 0 7 40.0 100.0 
 304 1362623426     864911 0 7 40.0 100.0 
 304 1362623426     874929 0 7 40.0 100.0 
 304 1362623426     884888 0 7 40.0 100.0 
 304 1362623426     894923 0 7 40.0 100.0 
 303 1362623426     904939 0 7 40.0 100.0 
 303 1362623426     914937 0 7 40.0 100.0 
 303 1362623426     924930 0 7 40.0 100.0 
 304 1362623426     934933 0 7 40.0 100.0 
 303 1362623426     944939 0 7 40.0 100.0 
 304 1362623426     954986 0 7 40.0 100.0 
 304 1362623426     964980 0 7 40.0 100.0 
 304 1362623426     974958 0 7 40.0 100.0 
 304 1362623426     984955 0 7 40.0 100.0 
 304 1362623426     994989 0 7 40.0 100.0 
 304 1362623427       5023 0 7 40.0 100.0 
 304 1362623427      14975 0 7 40.0 100.0 
 303 1362623427      24983 0 7 40.0 100.0 
 303 1362623427      35031 0 7 40.0 100.0 
 304 1362623427      45004 0 7 40.0 100.0 
 303 1362623427      55045 0 7 40.0 100.0 
 304 1362623427      65013 0 7 40.0 100.0 
 303 1362623427      75063 0 7 40.0 100.0 
 303 1362623427      85068 0 7 40.0 100.0 
 303 1362623427      95050 0 7 40.0 100.0 
 303 1362623427     105064 0 7 40.0 100.0 
 304 1362623427     115048 0 7 40.0 100.0 
 304 1362623427     125087 0 7 40.0 100.0 
 304 1362623427     135101 0 7 40.0 100.0 
 304 1362623427     145067 0 7 40.0 100.0 
 304 1362623427     155115 0 7 40.0 100.0 
 303 1362623427     165095 0 7 40.0 100.0 
 304 1362623427     175132 0 7 40.0 100.0 
 303 1362623427     185135 0 7 40.0 100.0 
 304 1362623427     195122 0 7 40.0 100.0 
 303 1362623427     205138 0 7 40.0 100.0 
 304 1362623427     215137 0 7 40.0 100.0 
 303 1362623427     225167 0 7 40.0 100.0 
 304 1362623427     235162 0 7 40.0 100.0 
 304 1362623427     245164 0 7 40.0 100.0 
 304 1362623427     255147 0 7 40.0 100.0 
 304 1362623427     265174 0 7 40.0 100.0 
 303 1362623427     275178 0 7 40.0 100.0 
 304 1362623427     285198 0 7 40.0 100.0 
 304 1362623427     295203 0 7 40.0 100.0 
 304 1362623427     305196 0 7 40.0 100.0 
 304 1362623427     315213 0 7 40.0 100.0 
 305 1362623427     325220 0 7 40.0 100.0 
 303 1362623427     335184 0 7 40.0 100.0 
 304 1362623427     345191 0 7 40.0 100.0 
 303 1362623427     355255 0 7 40.0 100.0 
 303 1362623427     365242 0 7 40.0 100.0 
 303 1362623427     375210 0 7 40.0 100.0 
 304 1362623427     385242 0 7 40.0 100.0 
 304 1362623427     395264 0 7 40.0 100.0 
 304 1362623427     405257 0 7 40.0 100.0 
 304 1362623427     415286 0 7 40.0 100.0 
 303 1362623427     425297 0 7 40.0 100.0 
 305 1362623427     435261 0 7 40.0 100.0 
 303 1362623427     445287 0 7 40.0 100.0 
 304 1362623427     455310 0 7 40.0 100.0 
 304 1362623427     465323 0 7 40.0 100.0 
 304 1362623427     475282 0 7 40.0 100.0 
