 634 1362624271     423150 1 0 40.0 150.0 
 635 1362624271     433039 1 0 40.0 150.0 
 635 1362624271     443012 1 0 40.0 150.0 
 634 1362624271     453122 1 0 40.0 150.0 
 634 1362624271     463111 1 0 40.0 150.0 
 635 1362624271     473032 1 0 40.0 150.0 
 634 1362624271     483074 1 0 40.0 150.0 
 635 1362624271     493113 1 0 40.0 150.0 
 634 1362624271     503152 1 0 40.0 150.0 
 635 1362624271     513176 1 0 40.0 150.0 
 635 1362624271     523173 1 0 40.0 150.0 
 635 1362624271     533108 1 0 40.0 150.0 
 635 1362624271     543215 1 0 40.0 150.0 
 635 1362624271     553122 1 0 40.0 150.0 
 635 1362624271     563164 1 0 40.0 150.0 
 635 1362624271     573153 1 0 40.0 150.0 
 634 1362624271     583098 1 0 40.0 150.0 
 636 1362624271     593135 1 0 40.0 150.0 
 634 1362624271     603103 1 0 40.0 150.0 
 634 1362624271     613140 1 0 40.0 150.0 
 635 1362624271     623093 1 0 40.0 150.0 
 635 1362624271     633127 1 0 40.0 150.0 
 635 1362624271     643152 1 0 40.0 150.0 
 634 1362624271     653113 1 0 40.0 150.0 
 635 1362624271     663140 1 0 40.0 150.0 
 634 1362624271     673161 1 0 40.0 150.0 
 634 1362624271     683199 1 0 40.0 150.0 
 635 1362624271     693177 1 0 40.0 150.0 
 634 1362624271     703215 1 0 40.0 150.0 
 634 1362624271     713185 1 0 40.0 150.0 
 635 1362624271     723219 1 0 40.0 150.0 
 634 1362624271     733171 1 0 40.0 150.0 
 635 1362624271     743198 1 0 40.0 150.0 
 634 1362624271     753214 1 0 40.0 150.0 
 635 1362624271     763254 1 0 40.0 150.0 
 634 1362624271     773219 1 0 40.0 150.0 
 634 1362624271     783257 1 0 40.0 150.0 
 635 1362624271     793231 1 0 40.0 150.0 
 635 1362624271     803256 1 0 40.0 150.0 
 635 1362624271     813225 1 0 40.0 150.0 
 634 1362624271     823247 1 0 40.0 150.0 
 635 1362624271     833266 1 0 40.0 150.0 
 635 1362624271     843241 1 0 40.0 150.0 
 634 1362624271     853273 1 0 40.0 150.0 
 635 1362624271     863296 1 0 40.0 150.0 
 634 1362624271     873313 1 0 40.0 150.0 
 634 1362624271     883332 1 0 40.0 150.0 
 635 1362624271     893290 1 0 40.0 150.0 
 635 1362624271     903313 1 0 40.0 150.0 
 634 1362624271     913343 1 0 40.0 150.0 
 634 1362624271     923309 1 0 40.0 150.0 
 634 1362624271     933332 1 0 40.0 150.0 
 634 1362624271     943345 1 0 40.0 150.0 
 634 1362624271     953317 1 0 40.0 150.0 
 634 1362624271     963361 1 0 40.0 150.0 
 635 1362624271     973382 1 0 40.0 150.0 
 634 1362624271     983352 1 0 40.0 150.0 
 634 1362624271     993380 1 0 40.0 150.0 
 635 1362624272       3400 1 0 40.0 150.0 
 634 1362624272      13371 1 0 40.0 150.0 
 634 1362624272      23394 1 0 40.0 150.0 
 635 1362624272      33423 1 0 40.0 150.0 
 635 1362624272      43382 1 0 40.0 150.0 
 634 1362624272      53417 1 0 40.0 150.0 
 634 1362624272      63446 1 0 40.0 150.0 
 634 1362624272      73402 1 0 40.0 150.0 
 634 1362624272      83423 1 0 40.0 150.0 
 634 1362624272      93471 1 0 40.0 150.0 
 634 1362624272     103422 1 0 40.0 150.0 
 635 1362624272     113453 1 0 40.0 150.0 
 635 1362624272     123492 1 0 40.0 150.0 
 635 1362624272     133450 1 0 40.0 150.0 
 634 1362624272     143469 1 0 40.0 150.0 
 635 1362624272     153500 1 0 40.0 150.0 
 634 1362624272     163470 1 0 40.0 150.0 
 635 1362624272     173488 1 0 40.0 150.0 
 635 1362624272     183510 1 0 40.0 150.0 
 635 1362624272     193472 1 0 40.0 150.0 
 634 1362624272     203504 1 0 40.0 150.0 
 635 1362624272     213528 1 0 40.0 150.0 
 635 1362624272     223559 1 0 40.0 150.0 
 633 1362624272     233503 1 0 40.0 150.0 
 635 1362624272     243521 1 0 40.0 150.0 
 635 1362624272     253558 1 0 40.0 150.0 
 635 1362624272     263524 1 0 40.0 150.0 
 635 1362624272     273562 1 0 40.0 150.0 
 635 1362624272     283581 1 0 40.0 150.0 
 634 1362624272     293595 1 0 40.0 150.0 
 635 1362624272     303569 1 0 40.0 150.0 
 635 1362624272     313599 1 0 40.0 150.0 
 635 1362624272     323623 1 0 40.0 150.0 
 634 1362624272     333577 1 0 40.0 150.0 
 635 1362624272     343584 1 0 40.0 150.0 
 635 1362624272     353619 1 0 40.0 150.0 
 634 1362624272     363650 1 0 40.0 150.0 
 634 1362624272     373602 1 0 40.0 150.0 
 634 1362624272     383628 1 0 40.0 150.0 
 634 1362624272     393648 1 0 40.0 150.0 
 635 1362624272     403618 1 0 40.0 150.0 
 633 1362624272     413646 1 0 40.0 150.0 
