 282 1362624778      87961 1 5 40.0 50 
 281 1362624778      97943 1 5 40.0 50 
 282 1362624778     107946 1 5 40.0 50 
 282 1362624778     117973 1 5 40.0 50 
 282 1362624778     128058 1 5 40.0 50 
 282 1362624778     137973 1 5 40.0 50 
 281 1362624778     148007 1 5 40.0 50 
 281 1362624778     157981 1 5 40.0 50 
 281 1362624778     168003 1 5 40.0 50 
 282 1362624778     177981 1 5 40.0 50 
 282 1362624778     187962 1 5 40.0 50 
 281 1362624778     198000 1 5 40.0 50 
 282 1362624778     207967 1 5 40.0 50 
 281 1362624778     217969 1 5 40.0 50 
 282 1362624778     228003 1 5 40.0 50 
 281 1362624778     237970 1 5 40.0 50 
 281 1362624778     247991 1 5 40.0 50 
 282 1362624778     257980 1 5 40.0 50 
 281 1362624778     268032 1 5 40.0 50 
 282 1362624778     278000 1 5 40.0 50 
 282 1362624778     288079 1 5 40.0 50 
 281 1362624778     298025 1 5 40.0 50 
 282 1362624778     308070 1 5 40.0 50 
 281 1362624778     318053 1 5 40.0 50 
 282 1362624778     328037 1 5 40.0 50 
 282 1362624778     338083 1 5 40.0 50 
 281 1362624778     348051 1 5 40.0 50 
 282 1362624778     358038 1 5 40.0 50 
 281 1362624778     368068 1 5 40.0 50 
 282 1362624778     378057 1 5 40.0 50 
 282 1362624778     388105 1 5 40.0 50 
 281 1362624778     398118 1 5 40.0 50 
 282 1362624778     408122 1 5 40.0 50 
 281 1362624778     418105 1 5 40.0 50 
 282 1362624778     428086 1 5 40.0 50 
 282 1362624778     438151 1 5 40.0 50 
 281 1362624778     448095 1 5 40.0 50 
 282 1362624778     458152 1 5 40.0 50 
 282 1362624778     468138 1 5 40.0 50 
 282 1362624778     478140 1 5 40.0 50 
 281 1362624778     488146 1 5 40.0 50 
 281 1362624778     498174 1 5 40.0 50 
 282 1362624778     508151 1 5 40.0 50 
 281 1362624778     518202 1 5 40.0 50 
 281 1362624778     528172 1 5 40.0 50 
 281 1362624778     538217 1 5 40.0 50 
 281 1362624778     548165 1 5 40.0 50 
 282 1362624778     558236 1 5 40.0 50 
 281 1362624778     568209 1 5 40.0 50 
 281 1362624778     578194 1 5 40.0 50 
 282 1362624778     588188 1 5 40.0 50 
 281 1362624778     598207 1 5 40.0 50 
 281 1362624778     608201 1 5 40.0 50 
 281 1362624778     618239 1 5 40.0 50 
 282 1362624778     628236 1 5 40.0 50 
 282 1362624778     638262 1 5 40.0 50 
 281 1362624778     648276 1 5 40.0 50 
 282 1362624778     658258 1 5 40.0 50 
 282 1362624778     668242 1 5 40.0 50 
 282 1362624778     678299 1 5 40.0 50 
 282 1362624778     688273 1 5 40.0 50 
 281 1362624778     698290 1 5 40.0 50 
 282 1362624778     708276 1 5 40.0 50 
 281 1362624778     718331 1 5 40.0 50 
 281 1362624778     728314 1 5 40.0 50 
 282 1362624778     738298 1 5 40.0 50 
 282 1362624778     748324 1 5 40.0 50 
 282 1362624778     758305 1 5 40.0 50 
 281 1362624778     768363 1 5 40.0 50 
 282 1362624778     778358 1 5 40.0 50 
 282 1362624778     788338 1 5 40.0 50 
 281 1362624778     798360 1 5 40.0 50 
 282 1362624778     808343 1 5 40.0 50 
 282 1362624778     818384 1 5 40.0 50 
 281 1362624778     828365 1 5 40.0 50 
 282 1362624778     838354 1 5 40.0 50 
 282 1362624778     848399 1 5 40.0 50 
 282 1362624778     858377 1 5 40.0 50 
 281 1362624778     868436 1 5 40.0 50 
 281 1362624778     878396 1 5 40.0 50 
 282 1362624778     888389 1 5 40.0 50 
 281 1362624778     898430 1 5 40.0 50 
 282 1362624778     908417 1 5 40.0 50 
 282 1362624778     918460 1 5 40.0 50 
 282 1362624778     928433 1 5 40.0 50 
 282 1362624778     938433 1 5 40.0 50 
 281 1362624778     948487 1 5 40.0 50 
 282 1362624778     958471 1 5 40.0 50 
 282 1362624778     968481 1 5 40.0 50 
 281 1362624778     978450 1 5 40.0 50 
 282 1362624778     988493 1 5 40.0 50 
 282 1362624778     998485 1 5 40.0 50 
 282 1362624779       8535 1 5 40.0 50 
 282 1362624779      18534 1 5 40.0 50 
 281 1362624779      28525 1 5 40.0 50 
 282 1362624779      38514 1 5 40.0 50 
 281 1362624779      48502 1 5 40.0 50 
 281 1362624779      58510 1 5 40.0 50 
 282 1362624779      68571 1 5 40.0 50 
 282 1362624779      78572 1 5 40.0 50 
