 295 1362624353     577309 1 1 40.0 50.0 
 295 1362624353     587378 1 1 40.0 50.0 
 295 1362624353     597454 1 1 40.0 50.0 
 295 1362624353     607398 1 1 40.0 50.0 
 295 1362624353     617413 1 1 40.0 50.0 
 295 1362624353     627333 1 1 40.0 50.0 
 295 1362624353     637412 1 1 40.0 50.0 
 296 1362624353     647323 1 1 40.0 50.0 
 295 1362624353     657428 1 1 40.0 50.0 
 295 1362624353     667515 1 1 40.0 50.0 
 296 1362624353     677508 1 1 40.0 50.0 
 295 1362624353     687416 1 1 40.0 50.0 
 295 1362624353     697443 1 1 40.0 50.0 
 295 1362624353     707441 1 1 40.0 50.0 
 295 1362624353     717517 1 1 40.0 50.0 
 295 1362624353     727458 1 1 40.0 50.0 
 295 1362624353     746199 1 1 40.0 50.0 
 295 1362624353     747434 1 1 40.0 50.0 
 295 1362624353     757577 1 1 40.0 50.0 
 295 1362624353     767414 1 1 40.0 50.0 
 295 1362624353     777439 1 1 40.0 50.0 
 295 1362624353     787458 1 1 40.0 50.0 
 296 1362624353     797424 1 1 40.0 50.0 
 295 1362624353     807457 1 1 40.0 50.0 
 295 1362624353     817473 1 1 40.0 50.0 
 296 1362624353     827457 1 1 40.0 50.0 
 295 1362624353     837502 1 1 40.0 50.0 
 295 1362624353     847459 1 1 40.0 50.0 
 295 1362624353     857484 1 1 40.0 50.0 
 295 1362624353     867496 1 1 40.0 50.0 
 295 1362624353     877520 1 1 40.0 50.0 
 295 1362624353     887481 1 1 40.0 50.0 
 296 1362624353     897515 1 1 40.0 50.0 
 295 1362624353     907551 1 1 40.0 50.0 
 295 1362624353     917501 1 1 40.0 50.0 
 295 1362624353     927551 1 1 40.0 50.0 
 295 1362624353     937508 1 1 40.0 50.0 
 295 1362624353     947542 1 1 40.0 50.0 
 295 1362624353     957557 1 1 40.0 50.0 
 295 1362624353     967591 1 1 40.0 50.0 
 295 1362624353     977543 1 1 40.0 50.0 
 295 1362624353     987553 1 1 40.0 50.0 
 296 1362624353     997580 1 1 40.0 50.0 
 295 1362624354       7605 1 1 40.0 50.0 
 295 1362624354      17629 1 1 40.0 50.0 
 295 1362624354      27589 1 1 40.0 50.0 
 295 1362624354      37603 1 1 40.0 50.0 
 296 1362624354      47633 1 1 40.0 50.0 
 295 1362624354      57600 1 1 40.0 50.0 
 295 1362624354      67630 1 1 40.0 50.0 
 296 1362624354      77607 1 1 40.0 50.0 
 295 1362624354      87635 1 1 40.0 50.0 
 296 1362624354      97650 1 1 40.0 50.0 
 295 1362624354     107669 1 1 40.0 50.0 
 296 1362624354     117685 1 1 40.0 50.0 
 295 1362624354     127654 1 1 40.0 50.0 
 295 1362624354     137692 1 1 40.0 50.0 
 296 1362624354     147666 1 1 40.0 50.0 
 295 1362624354     157694 1 1 40.0 50.0 
 295 1362624354     167708 1 1 40.0 50.0 
 296 1362624354     177663 1 1 40.0 50.0 
 295 1362624354     187709 1 1 40.0 50.0 
 296 1362624354     197726 1 1 40.0 50.0 
 295 1362624354     207691 1 1 40.0 50.0 
 295 1362624354     217731 1 1 40.0 50.0 
 295 1362624354     227706 1 1 40.0 50.0 
 296 1362624354     237729 1 1 40.0 50.0 
 295 1362624354     247755 1 1 40.0 50.0 
 295 1362624354     257771 1 1 40.0 50.0 
 296 1362624354     267782 1 1 40.0 50.0 
 295 1362624354     277734 1 1 40.0 50.0 
 295 1362624354     287758 1 1 40.0 50.0 
 296 1362624354     297742 1 1 40.0 50.0 
 295 1362624354     307767 1 1 40.0 50.0 
 295 1362624354     317757 1 1 40.0 50.0 
 296 1362624354     327775 1 1 40.0 50.0 
 295 1362624354     337825 1 1 40.0 50.0 
 296 1362624354     347801 1 1 40.0 50.0 
 295 1362624354     357833 1 1 40.0 50.0 
 295 1362624354     367843 1 1 40.0 50.0 
 295 1362624354     377809 1 1 40.0 50.0 
 296 1362624354     387847 1 1 40.0 50.0 
 295 1362624354     397866 1 1 40.0 50.0 
 295 1362624354     407820 1 1 40.0 50.0 
 295 1362624354     417851 1 1 40.0 50.0 
 295 1362624354     427877 1 1 40.0 50.0 
 295 1362624354     437838 1 1 40.0 50.0 
 296 1362624354     447871 1 1 40.0 50.0 
 295 1362624354     457862 1 1 40.0 50.0 
 295 1362624354     467852 1 1 40.0 50.0 
 295 1362624354     477902 1 1 40.0 50.0 
 295 1362624354     487882 1 1 40.0 50.0 
 295 1362624354     497904 1 1 40.0 50.0 
 295 1362624354     507942 1 1 40.0 50.0 
 295 1362624354     517948 1 1 40.0 50.0 
 295 1362624354     527902 1 1 40.0 50.0 
 296 1362624354     537941 1 1 40.0 50.0 
 295 1362624354     547965 1 1 40.0 50.0 
 295 1362624354     557935 1 1 40.0 50.0 
 295 1362624354     567917 1 1 40.0 50.0 
