 425 1362622556     910227 0 3 40.0 150.0 
 424 1362622556     920218 0 3 40.0 150.0 
 425 1362622556     930198 0 3 40.0 150.0 
 425 1362622556     940258 0 3 40.0 150.0 
 425 1362622556     950230 0 3 40.0 150.0 
 426 1362622556     960225 0 3 40.0 150.0 
 425 1362622556     970258 0 3 40.0 150.0 
 424 1362622556     980224 0 3 40.0 150.0 
 425 1362622556     990261 0 3 40.0 150.0 
 425 1362622557        248 0 3 40.0 150.0 
 425 1362622557      10307 0 3 40.0 150.0 
 425 1362622557      20271 0 3 40.0 150.0 
 425 1362622557      30313 0 3 40.0 150.0 
 425 1362622557      40278 0 3 40.0 150.0 
 425 1362622557      50322 0 3 40.0 150.0 
 426 1362622557      60283 0 3 40.0 150.0 
 424 1362622557      70320 0 3 40.0 150.0 
 425 1362622557      80297 0 3 40.0 150.0 
 425 1362622557      90520 0 3 40.0 150.0 
 426 1362622557     100316 0 3 40.0 150.0 
 425 1362622557     110346 0 3 40.0 150.0 
 425 1362622557     120379 0 3 40.0 150.0 
 425 1362622557     130387 0 3 40.0 150.0 
 425 1362622557     140340 0 3 40.0 150.0 
 425 1362622557     150365 0 3 40.0 150.0 
 424 1362622557     160389 0 3 40.0 150.0 
 425 1362622557     170392 0 3 40.0 150.0 
 425 1362622557     180405 0 3 40.0 150.0 
 425 1362622557     190427 0 3 40.0 150.0 
 424 1362622557     200381 0 3 40.0 150.0 
 425 1362622557     210412 0 3 40.0 150.0 
 424 1362622557     220392 0 3 40.0 150.0 
 424 1362622557     230430 0 3 40.0 150.0 
 425 1362622557     240414 0 3 40.0 150.0 
 425 1362622557     250456 0 3 40.0 150.0 
 425 1362622557     260424 0 3 40.0 150.0 
 425 1362622557     270463 0 3 40.0 150.0 
 424 1362622557     280428 0 3 40.0 150.0 
 425 1362622557     290469 0 3 40.0 150.0 
 425 1362622557     300500 0 3 40.0 150.0 
 425 1362622557     310472 0 3 40.0 150.0 
 426 1362622557     320514 0 3 40.0 150.0 
 424 1362622557     330469 0 3 40.0 150.0 
 425 1362622557     340510 0 3 40.0 150.0 
 425 1362622557     350480 0 3 40.0 150.0 
 425 1362622557     360530 0 3 40.0 150.0 
 425 1362622557     370511 0 3 40.0 150.0 
 425 1362622557     380557 0 3 40.0 150.0 
 425 1362622557     390517 0 3 40.0 150.0 
 425 1362622557     400549 0 3 40.0 150.0 
 425 1362622557     410533 0 3 40.0 150.0 
 425 1362622557     420568 0 3 40.0 150.0 
 425 1362622557     430592 0 3 40.0 150.0 
 424 1362622557     440556 0 3 40.0 150.0 
 424 1362622557     450603 0 3 40.0 150.0 
 425 1362622557     460574 0 3 40.0 150.0 
 425 1362622557     470611 0 3 40.0 150.0 
 425 1362622557     480582 0 3 40.0 150.0 
 425 1362622557     490630 0 3 40.0 150.0 
 425 1362622557     500614 0 3 40.0 150.0 
 425 1362622557     510616 0 3 40.0 150.0 
 425 1362622557     520588 0 3 40.0 150.0 
 424 1362622557     530640 0 3 40.0 150.0 
 425 1362622557     540604 0 3 40.0 150.0 
 424 1362622557     550662 0 3 40.0 150.0 
 425 1362622557     560634 0 3 40.0 150.0 
 424 1362622557     570618 0 3 40.0 150.0 
 425 1362622557     580655 0 3 40.0 150.0 
 425 1362622557     590651 0 3 40.0 150.0 
 426 1362622557     600701 0 3 40.0 150.0 
 424 1362622557     610684 0 3 40.0 150.0 
 426 1362622557     620666 0 3 40.0 150.0 
 425 1362622557     630711 0 3 40.0 150.0 
 425 1362622557     640691 0 3 40.0 150.0 
 425 1362622557     650735 0 3 40.0 150.0 
 425 1362622557     660703 0 3 40.0 150.0 
 425 1362622557     670683 0 3 40.0 150.0 
 425 1362622557     680724 0 3 40.0 150.0 
 425 1362622557     690757 0 3 40.0 150.0 
 424 1362622557     700743 0 3 40.0 150.0 
 425 1362622557     710709 0 3 40.0 150.0 
 425 1362622557     720757 0 3 40.0 150.0 
 425 1362622557     730727 0 3 40.0 150.0 
 425 1362622557     740774 0 3 40.0 150.0 
 425 1362622557     750750 0 3 40.0 150.0 
 425 1362622557     760744 0 3 40.0 150.0 
 425 1362622557     770809 0 3 40.0 150.0 
 424 1362622557     780776 0 3 40.0 150.0 
 425 1362622557     790819 0 3 40.0 150.0 
 425 1362622557     800800 0 3 40.0 150.0 
 425 1362622557     810837 0 3 40.0 150.0 
 425 1362622557     820835 0 3 40.0 150.0 
 425 1362622557     830827 0 3 40.0 150.0 
 424 1362622557     840796 0 3 40.0 150.0 
 425 1362622557     850855 0 3 40.0 150.0 
 425 1362622557     860823 0 3 40.0 150.0 
 425 1362622557     870818 0 3 40.0 150.0 
 425 1362622557     880864 0 3 40.0 150.0 
 425 1362622557     890839 0 3 40.0 150.0 
 425 1362622557     900865 0 3 40.0 150.0 
 425 1362622557     910896 0 3 40.0 150.0 
 425 1362622557     920881 0 3 40.0 150.0 
 425 1362622557     930860 0 3 40.0 150.0 
 425 1362622557     940904 0 3 40.0 150.0 
 424 1362622557     950939 0 3 40.0 150.0 
 425 1362622557     960907 0 3 40.0 150.0 
 425 1362622557     970948 0 3 40.0 150.0 
 425 1362622557     980928 0 3 40.0 150.0 
 425 1362622557     990910 0 3 40.0 150.0 
 425 1362622558        949 0 3 40.0 150.0 
 425 1362622558      10941 0 3 40.0 150.0 
 425 1362622558      20923 0 3 40.0 150.0 
 425 1362622558      30978 0 3 40.0 150.0 
 425 1362622558      40933 0 3 40.0 150.0 
 425 1362622558      50963 0 3 40.0 150.0 
 424 1362622558      60949 0 3 40.0 150.0 
 424 1362622558      70982 0 3 40.0 150.0 
 425 1362622558      80956 0 3 40.0 150.0 
 425 1362622558      90984 0 3 40.0 150.0 
 425 1362622558     101019 0 3 40.0 150.0 
 425 1362622558     110986 0 3 40.0 150.0 
 425 1362622558     121034 0 3 40.0 150.0 
 425 1362622558     131009 0 3 40.0 150.0 
 425 1362622558     141036 0 3 40.0 150.0 
 425 1362622558     151004 0 3 40.0 150.0 
 424 1362622558     161040 0 3 40.0 150.0 
 425 1362622558     171053 0 3 40.0 150.0 
 425 1362622558     181078 0 3 40.0 150.0 
 426 1362622558     191044 0 3 40.0 150.0 
 425 1362622558     201082 0 3 40.0 150.0 
 425 1362622558     211053 0 3 40.0 150.0 
 424 1362622558     221073 0 3 40.0 150.0 
 425 1362622558     231107 0 3 40.0 150.0 
 425 1362622558     241127 0 3 40.0 150.0 
 425 1362622558     251113 0 3 40.0 150.0 
 425 1362622558     261092 0 3 40.0 150.0 
 425 1362622558     271127 0 3 40.0 150.0 
 425 1362622558     281089 0 3 40.0 150.0 
 425 1362622558     291119 0 3 40.0 150.0 
 424 1362622558     301156 0 3 40.0 150.0 
 425 1362622558     311142 0 3 40.0 150.0 
 425 1362622558     321120 0 3 40.0 150.0 
 425 1362622558     331173 0 3 40.0 150.0 
 425 1362622558     341195 0 3 40.0 150.0 
 425 1362622558     351170 0 3 40.0 150.0 
 424 1362622558     361194 0 3 40.0 150.0 
 424 1362622558     371168 0 3 40.0 150.0 
 425 1362622558     381204 0 3 40.0 150.0 
 425 1362622558     391227 0 3 40.0 150.0 
 426 1362622558     401203 0 3 40.0 150.0 
 425 1362622558     411241 0 3 40.0 150.0 
 426 1362622558     421203 0 3 40.0 150.0 
 424 1362622558     431238 0 3 40.0 150.0 
 425 1362622558     441201 0 3 40.0 150.0 
 426 1362622558     451241 0 3 40.0 150.0 
 425 1362622558     461225 0 3 40.0 150.0 
 425 1362622558     471273 0 3 40.0 150.0 
 426 1362622558     481254 0 3 40.0 150.0 
 425 1362622558     491231 0 3 40.0 150.0 
 425 1362622558     501276 0 3 40.0 150.0 
 425 1362622558     511259 0 3 40.0 150.0 
 424 1362622558     521299 0 3 40.0 150.0 
 425 1362622558     531279 0 3 40.0 150.0 
 425 1362622558     541264 0 3 40.0 150.0 
 425 1362622558     551312 0 3 40.0 150.0 
 424 1362622558     561296 0 3 40.0 150.0 
 425 1362622558     571281 0 3 40.0 150.0 
 425 1362622558     581320 0 3 40.0 150.0 
 425 1362622558     591292 0 3 40.0 150.0 
 425 1362622558     601357 0 3 40.0 150.0 
 425 1362622558     611329 0 3 40.0 150.0 
 425 1362622558     621371 0 3 40.0 150.0 
 425 1362622558     631336 0 3 40.0 150.0 
 425 1362622558     641362 0 3 40.0 150.0 
 424 1362622558     651359 0 3 40.0 150.0 
 425 1362622558     661398 0 3 40.0 150.0 
 425 1362622558     671377 0 3 40.0 150.0 
 426 1362622558     681365 0 3 40.0 150.0 
 425 1362622558     691404 0 3 40.0 150.0 
 425 1362622558     701372 0 3 40.0 150.0 
 425 1362622558     711420 0 3 40.0 150.0 
 424 1362622558     721385 0 3 40.0 150.0 
 425 1362622558     731442 0 3 40.0 150.0 
 425 1362622558     741409 0 3 40.0 150.0 
 424 1362622558     751459 0 3 40.0 150.0 
 425 1362622558     761437 0 3 40.0 150.0 
 425 1362622558     771411 0 3 40.0 150.0 
 425 1362622558     781464 0 3 40.0 150.0 
 425 1362622558     791490 0 3 40.0 150.0 
 425 1362622558     801473 0 3 40.0 150.0 
 425 1362622558     811451 0 3 40.0 150.0 
 425 1362622558     821509 0 3 40.0 150.0 
 426 1362622558     831477 0 3 40.0 150.0 
 424 1362622558     841493 0 3 40.0 150.0 
 425 1362622558     851526 0 3 40.0 150.0 
 425 1362622558     861504 0 3 40.0 150.0 
 424 1362622558     871480 0 3 40.0 150.0 
 424 1362622558     881513 0 3 40.0 150.0 
 424 1362622558     891553 0 3 40.0 150.0 
 425 1362622558     901527 0 3 40.0 150.0 
 425 1362622558     911503 0 3 40.0 150.0 
 425 1362622558     921553 0 3 40.0 150.0 
 425 1362622558     931526 0 3 40.0 150.0 
 425 1362622558     941562 0 3 40.0 150.0 
 425 1362622558     951546 0 3 40.0 150.0 
 425 1362622558     961590 0 3 40.0 150.0 
 424 1362622558     971566 0 3 40.0 150.0 
 425 1362622558     981598 0 3 40.0 150.0 
 425 1362622558     991596 0 3 40.0 150.0 
 425 1362622559       1629 0 3 40.0 150.0 
 425 1362622559      11595 0 3 40.0 150.0 
 425 1362622559      21615 0 3 40.0 150.0 
 425 1362622559      31649 0 3 40.0 150.0 
 425 1362622559      41644 0 3 40.0 150.0 
 425 1362622559      51631 0 3 40.0 150.0 
 424 1362622559      61625 0 3 40.0 150.0 
 425 1362622559      71675 0 3 40.0 150.0 
 425 1362622559      81666 0 3 40.0 150.0 
 425 1362622559      91648 0 3 40.0 150.0 
 425 1362622559     101655 0 3 40.0 150.0 
 425 1362622559     111662 0 3 40.0 150.0 
 424 1362622559     121665 0 3 40.0 150.0 
 425 1362622559     131696 0 3 40.0 150.0 
 425 1362622559     141660 0 3 40.0 150.0 
 425 1362622559     151717 0 3 40.0 150.0 
 424 1362622559     161703 0 3 40.0 150.0 
 425 1362622559     171709 0 3 40.0 150.0 
 425 1362622559     181669 0 3 40.0 150.0 
 425 1362622559     191698 0 3 40.0 150.0 
 425 1362622559     201694 0 3 40.0 150.0 
 425 1362622559     211710 0 3 40.0 150.0 
 425 1362622559     221701 0 3 40.0 150.0 
 425 1362622559     231727 0 3 40.0 150.0 
 425 1362622559     241714 0 3 40.0 150.0 
 425 1362622559     251732 0 3 40.0 150.0 
 425 1362622559     261766 0 3 40.0 150.0 
 425 1362622559     271759 0 3 40.0 150.0 
 426 1362622559     281772 0 3 40.0 150.0 
 425 1362622559     291796 0 3 40.0 150.0 
 425 1362622559     301786 0 3 40.0 150.0 
 425 1362622559     311807 0 3 40.0 150.0 
 425 1362622559     321766 0 3 40.0 150.0 
 425 1362622559     331778 0 3 40.0 150.0 
 424 1362622559     341772 0 3 40.0 150.0 
 425 1362622559     351827 0 3 40.0 150.0 
 425 1362622559     361835 0 3 40.0 150.0 
 425 1362622559     371825 0 3 40.0 150.0 
 425 1362622559     381814 0 3 40.0 150.0 
 426 1362622559     391818 0 3 40.0 150.0 
 425 1362622559     401831 0 3 40.0 150.0 
 425 1362622559     411846 0 3 40.0 150.0 
 425 1362622559     421846 0 3 40.0 150.0 
 425 1362622559     431896 0 3 40.0 150.0 
 426 1362622559     441891 0 3 40.0 150.0 
 424 1362622559     451856 0 3 40.0 150.0 
 425 1362622559     461903 0 3 40.0 150.0 
 425 1362622559     471911 0 3 40.0 150.0 
 425 1362622559     481909 0 3 40.0 150.0 
 425 1362622559     491879 0 3 40.0 150.0 
 425 1362622559     501934 0 3 40.0 150.0 
 425 1362622559     511900 0 3 40.0 150.0 
 425 1362622559     521907 0 3 40.0 150.0 
 425 1362622559     531947 0 3 40.0 150.0 
 425 1362622559     541916 0 3 40.0 150.0 
 425 1362622559     551975 0 3 40.0 150.0 
 425 1362622559     561942 0 3 40.0 150.0 
 425 1362622559     571970 0 3 40.0 150.0 
 425 1362622559     581939 0 3 40.0 150.0 
 425 1362622559     591959 0 3 40.0 150.0 
 424 1362622559     601963 0 3 40.0 150.0 
 425 1362622559     611995 0 3 40.0 150.0 
 425 1362622559     621978 0 3 40.0 150.0 
 425 1362622559     631973 0 3 40.0 150.0 
 425 1362622559     642008 0 3 40.0 150.0 
 426 1362622559     651997 0 3 40.0 150.0 
 425 1362622559     662016 0 3 40.0 150.0 
 425 1362622559     672023 0 3 40.0 150.0 
 424 1362622559     682008 0 3 40.0 150.0 
 425 1362622559     692037 0 3 40.0 150.0 
 425 1362622559     702047 0 3 40.0 150.0 
 425 1362622559     712048 0 3 40.0 150.0 
 425 1362622559     722060 0 3 40.0 150.0 
 425 1362622559     732060 0 3 40.0 150.0 
 425 1362622559     742044 0 3 40.0 150.0 
 425 1362622559     752050 0 3 40.0 150.0 
 425 1362622559     762066 0 3 40.0 150.0 
 425 1362622559     772086 0 3 40.0 150.0 
 425 1362622559     782080 0 3 40.0 150.0 
 424 1362622559     792092 0 3 40.0 150.0 
 425 1362622559     802084 0 3 40.0 150.0 
 425 1362622559     812099 0 3 40.0 150.0 
 425 1362622559     822112 0 3 40.0 150.0 
 425 1362622559     832108 0 3 40.0 150.0 
 425 1362622559     842117 0 3 40.0 150.0 
 425 1362622559     852120 0 3 40.0 150.0 
 425 1362622559     862145 0 3 40.0 150.0 
 425 1362622559     872139 0 3 40.0 150.0 
 425 1362622559     882193 0 3 40.0 150.0 
 425 1362622559     892151 0 3 40.0 150.0 
 424 1362622559     902178 0 3 40.0 150.0 
 425 1362622559     912195 0 3 40.0 150.0 
 424 1362622559     922166 0 3 40.0 150.0 
 425 1362622559     932171 0 3 40.0 150.0 
 425 1362622559     942171 0 3 40.0 150.0 
 425 1362622559     952189 0 3 40.0 150.0 
 425 1362622559     962236 0 3 40.0 150.0 
 424 1362622559     972234 0 3 40.0 150.0 
 425 1362622559     982251 0 3 40.0 150.0 
 424 1362622559     992233 0 3 40.0 150.0 
 424 1362622560       2245 0 3 40.0 150.0 
 425 1362622560      12235 0 3 40.0 150.0 
 425 1362622560      22228 0 3 40.0 150.0 
 425 1362622560      32268 0 3 40.0 150.0 
 426 1362622560      42287 0 3 40.0 150.0 
 425 1362622560      52272 0 3 40.0 150.0 
 425 1362622560      62288 0 3 40.0 150.0 
 425 1362622560      72290 0 3 40.0 150.0 
 425 1362622560      82273 0 3 40.0 150.0 
 424 1362622560      92294 0 3 40.0 150.0 
 425 1362622560     102309 0 3 40.0 150.0 
 425 1362622560     112339 0 3 40.0 150.0 
 426 1362622560     122351 0 3 40.0 150.0 
 425 1362622560     132360 0 3 40.0 150.0 
 425 1362622560     142357 0 3 40.0 150.0 
 425 1362622560     152332 0 3 40.0 150.0 
 425 1362622560     162329 0 3 40.0 150.0 
 425 1362622560     172354 0 3 40.0 150.0 
 425 1362622560     182360 0 3 40.0 150.0 
 425 1362622560     192384 0 3 40.0 150.0 
 425 1362622560     202371 0 3 40.0 150.0 
 425 1362622560     212383 0 3 40.0 150.0 
 424 1362622560     222399 0 3 40.0 150.0 
 425 1362622560     232398 0 3 40.0 150.0 
 425 1362622560     242399 0 3 40.0 150.0 
 425 1362622560     252403 0 3 40.0 150.0 
 426 1362622560     262409 0 3 40.0 150.0 
 425 1362622560     272399 0 3 40.0 150.0 
 425 1362622560     282441 0 3 40.0 150.0 
 425 1362622560     292412 0 3 40.0 150.0 
 426 1362622560     302425 0 3 40.0 150.0 
 425 1362622560     312443 0 3 40.0 150.0 
 425 1362622560     322459 0 3 40.0 150.0 
 425 1362622560     332465 0 3 40.0 150.0 
 426 1362622560     342461 0 3 40.0 150.0 
 424 1362622560     352468 0 3 40.0 150.0 
 425 1362622560     362454 0 3 40.0 150.0 
 425 1362622560     372458 0 3 40.0 150.0 
 425 1362622560     382520 0 3 40.0 150.0 
 425 1362622560     392521 0 3 40.0 150.0 
 425 1362622560     402511 0 3 40.0 150.0 
 425 1362622560     412486 0 3 40.0 150.0 
 425 1362622560     422518 0 3 40.0 150.0 
 425 1362622560     432540 0 3 40.0 150.0 
 424 1362622560     442511 0 3 40.0 150.0 
 425 1362622560     452518 0 3 40.0 150.0 
 425 1362622560     462573 0 3 40.0 150.0 
 425 1362622560     472523 0 3 40.0 150.0 
 424 1362622560     482576 0 3 40.0 150.0 
 426 1362622560     492586 0 3 40.0 150.0 
 425 1362622560     502586 0 3 40.0 150.0 
 425 1362622560     512556 0 3 40.0 150.0 
 424 1362622560     522562 0 3 40.0 150.0 
 426 1362622560     532590 0 3 40.0 150.0 
 425 1362622560     542587 0 3 40.0 150.0 
 425 1362622560     552575 0 3 40.0 150.0 
 425 1362622560     562589 0 3 40.0 150.0 
 425 1362622560     572639 0 3 40.0 150.0 
 425 1362622560     582613 0 3 40.0 150.0 
 425 1362622560     592611 0 3 40.0 150.0 
 425 1362622560     602629 0 3 40.0 150.0 
 424 1362622560     612638 0 3 40.0 150.0 
 426 1362622560     622619 0 3 40.0 150.0 
 425 1362622560     632661 0 3 40.0 150.0 
 425 1362622560     642692 0 3 40.0 150.0 
 425 1362622560     652688 0 3 40.0 150.0 
 425 1362622560     662695 0 3 40.0 150.0 
 426 1362622560     672709 0 3 40.0 150.0 
 425 1362622560     682686 0 3 40.0 150.0 
 425 1362622560     692711 0 3 40.0 150.0 
 425 1362622560     702683 0 3 40.0 150.0 
 425 1362622560     712731 0 3 40.0 150.0 
 425 1362622560     722719 0 3 40.0 150.0 
 425 1362622560     732751 0 3 40.0 150.0 
 424 1362622560     742709 0 3 40.0 150.0 
 425 1362622560     752757 0 3 40.0 150.0 
 425 1362622560     762722 0 3 40.0 150.0 
 425 1362622560     772753 0 3 40.0 150.0 
 424 1362622560     782758 0 3 40.0 150.0 
 426 1362622560     792755 0 3 40.0 150.0 
 425 1362622560     802755 0 3 40.0 150.0 
 425 1362622560     812772 0 3 40.0 150.0 
 425 1362622560     822777 0 3 40.0 150.0 
 425 1362622560     832821 0 3 40.0 150.0 
 425 1362622560     842789 0 3 40.0 150.0 
 425 1362622560     852802 0 3 40.0 150.0 
 425 1362622560     862818 0 3 40.0 150.0 
 425 1362622560     872825 0 3 40.0 150.0 
 426 1362622560     882830 0 3 40.0 150.0 
 425 1362622560     892830 0 3 40.0 150.0 
 425 1362622560     902831 0 3 40.0 150.0 
 425 1362622560     912817 0 3 40.0 150.0 
 425 1362622560     922834 0 3 40.0 150.0 
 425 1362622560     932883 0 3 40.0 150.0 
 426 1362622560     942839 0 3 40.0 150.0 
 425 1362622560     952856 0 3 40.0 150.0 
 426 1362622560     962845 0 3 40.0 150.0 
 425 1362622560     972911 0 3 40.0 150.0 
 425 1362622560     982889 0 3 40.0 150.0 
 424 1362622560     992872 0 3 40.0 150.0 
 424 1362622561       2898 0 3 40.0 150.0 
 425 1362622561      12930 0 3 40.0 150.0 
 426 1362622561      22935 0 3 40.0 150.0 
 425 1362622561      32946 0 3 40.0 150.0 
 425 1362622561      42905 0 3 40.0 150.0 
 425 1362622561      52938 0 3 40.0 150.0 
 425 1362622561      62938 0 3 40.0 150.0 
 425 1362622561      72953 0 3 40.0 150.0 
 425 1362622561      82964 0 3 40.0 150.0 
 425 1362622561      92938 0 3 40.0 150.0 
 425 1362622561     102952 0 3 40.0 150.0 
 425 1362622561     113006 0 3 40.0 150.0 
 425 1362622561     122983 0 3 40.0 150.0 
 425 1362622561     133012 0 3 40.0 150.0 
 426 1362622561     143009 0 3 40.0 150.0 
 424 1362622561     152986 0 3 40.0 150.0 
 425 1362622561     163022 0 3 40.0 150.0 
 424 1362622561     173033 0 3 40.0 150.0 
 425 1362622561     183015 0 3 40.0 150.0 
 425 1362622561     193034 0 3 40.0 150.0 
 425 1362622561     203036 0 3 40.0 150.0 
 424 1362622561     213062 0 3 40.0 150.0 
 425 1362622561     223070 0 3 40.0 150.0 
 425 1362622561     233040 0 3 40.0 150.0 
 425 1362622561     243047 0 3 40.0 150.0 
 425 1362622561     253044 0 3 40.0 150.0 
 425 1362622561     263054 0 3 40.0 150.0 
 425 1362622561     273061 0 3 40.0 150.0 
 425 1362622561     283068 0 3 40.0 150.0 
 425 1362622561     293091 0 3 40.0 150.0 
 425 1362622561     303108 0 3 40.0 150.0 
 425 1362622561     313124 0 3 40.0 150.0 
 424 1362622561     323084 0 3 40.0 150.0 
 426 1362622561     333089 0 3 40.0 150.0 
 425 1362622561     343117 0 3 40.0 150.0 
 425 1362622561     353108 0 3 40.0 150.0 
 424 1362622561     363118 0 3 40.0 150.0 
 425 1362622561     373142 0 3 40.0 150.0 
 425 1362622561     383165 0 3 40.0 150.0 
 425 1362622561     393135 0 3 40.0 150.0 
 425 1362622561     403166 0 3 40.0 150.0 
 424 1362622561     413188 0 3 40.0 150.0 
 425 1362622561     423191 0 3 40.0 150.0 
 425 1362622561     433199 0 3 40.0 150.0 
 425 1362622561     443193 0 3 40.0 150.0 
 425 1362622561     453193 0 3 40.0 150.0 
 425 1362622561     463230 0 3 40.0 150.0 
 425 1362622561     473213 0 3 40.0 150.0 
 425 1362622561     483208 0 3 40.0 150.0 
 425 1362622561     493247 0 3 40.0 150.0 
 426 1362622561     503205 0 3 40.0 150.0 
 425 1362622561     513224 0 3 40.0 150.0 
 425 1362622561     523244 0 3 40.0 150.0 
 425 1362622561     533236 0 3 40.0 150.0 
 424 1362622561     543235 0 3 40.0 150.0 
 425 1362622561     553240 0 3 40.0 150.0 
 424 1362622561     563242 0 3 40.0 150.0 
 425 1362622561     573289 0 3 40.0 150.0 
 425 1362622561     583296 0 3 40.0 150.0 
 425 1362622561     593269 0 3 40.0 150.0 
 425 1362622561     603321 0 3 40.0 150.0 
 424 1362622561     613332 0 3 40.0 150.0 
 425 1362622561     623314 0 3 40.0 150.0 
 425 1362622561     633290 0 3 40.0 150.0 
 426 1362622561     643318 0 3 40.0 150.0 
 425 1362622561     653324 0 3 40.0 150.0 
 425 1362622561     663311 0 3 40.0 150.0 
 425 1362622561     673319 0 3 40.0 150.0 
 425 1362622561     683371 0 3 40.0 150.0 
 425 1362622561     693379 0 3 40.0 150.0 
 425 1362622561     703333 0 3 40.0 150.0 
 425 1362622561     713367 0 3 40.0 150.0 
 425 1362622561     723356 0 3 40.0 150.0 
 425 1362622561     733413 0 3 40.0 150.0 
 425 1362622561     743394 0 3 40.0 150.0 
 425 1362622561     753425 0 3 40.0 150.0 
 425 1362622561     763391 0 3 40.0 150.0 
 425 1362622561     773396 0 3 40.0 150.0 
 425 1362622561     783393 0 3 40.0 150.0 
 425 1362622561     793426 0 3 40.0 150.0 
 425 1362622561     803431 0 3 40.0 150.0 
 425 1362622561     813452 0 3 40.0 150.0 
 425 1362622561     823422 0 3 40.0 150.0 
 425 1362622561     833478 0 3 40.0 150.0 
 424 1362622561     843431 0 3 40.0 150.0 
 425 1362622561     853483 0 3 40.0 150.0 
 425 1362622561     863494 0 3 40.0 150.0 
 425 1362622561     873469 0 3 40.0 150.0 
 425 1362622561     883500 0 3 40.0 150.0 
 425 1362622561     893518 0 3 40.0 150.0 
 425 1362622561     903470 0 3 40.0 150.0 
 425 1362622561     913501 0 3 40.0 150.0 
 426 1362622561     923542 0 3 40.0 150.0 
 425 1362622561     933496 0 3 40.0 150.0 
 425 1362622561     943515 0 3 40.0 150.0 
 425 1362622561     953541 0 3 40.0 150.0 
 425 1362622561     963566 0 3 40.0 150.0 
 425 1362622561     973577 0 3 40.0 150.0 
 425 1362622561     983563 0 3 40.0 150.0 
 425 1362622561     993545 0 3 40.0 150.0 
 425 1362622562       3571 0 3 40.0 150.0 
 425 1362622562      13581 0 3 40.0 150.0 
 425 1362622562      23570 0 3 40.0 150.0 
 425 1362622562      33564 0 3 40.0 150.0 
 425 1362622562      43612 0 3 40.0 150.0 
 425 1362622562      53583 0 3 40.0 150.0 
 425 1362622562      63609 0 3 40.0 150.0 
 425 1362622562      73592 0 3 40.0 150.0 
 425 1362622562      83605 0 3 40.0 150.0 
 425 1362622562      93611 0 3 40.0 150.0 
 425 1362622562     103647 0 3 40.0 150.0 
 426 1362622562     113643 0 3 40.0 150.0 
 424 1362622562     123677 0 3 40.0 150.0 
 425 1362622562     133678 0 3 40.0 150.0 
 425 1362622562     143628 0 3 40.0 150.0 
 426 1362622562     153662 0 3 40.0 150.0 
 425 1362622562     163658 0 3 40.0 150.0 
 425 1362622562     173704 0 3 40.0 150.0 
 425 1362622562     183704 0 3 40.0 150.0 
 425 1362622562     193707 0 3 40.0 150.0 
 425 1362622562     203670 0 3 40.0 150.0 
 425 1362622562     213677 0 3 40.0 150.0 
 425 1362622562     223735 0 3 40.0 150.0 
 425 1362622562     233742 0 3 40.0 150.0 
 425 1362622562     243713 0 3 40.0 150.0 
 425 1362622562     253716 0 3 40.0 150.0 
 425 1362622562     263716 0 3 40.0 150.0 
 425 1362622562     273741 0 3 40.0 150.0 
 426 1362622562     283716 0 3 40.0 150.0 
 425 1362622562     293763 0 3 40.0 150.0 
 425 1362622562     303766 0 3 40.0 150.0 
 425 1362622562     313773 0 3 40.0 150.0 
 425 1362622562     323778 0 3 40.0 150.0 
 425 1362622562     333794 0 3 40.0 150.0 
 425 1362622562     343793 0 3 40.0 150.0 
 425 1362622562     353827 0 3 40.0 150.0 
 425 1362622562     363805 0 3 40.0 150.0 
 426 1362622562     373788 0 3 40.0 150.0 
 425 1362622562     383846 0 3 40.0 150.0 
 425 1362622562     393808 0 3 40.0 150.0 
 425 1362622562     403824 0 3 40.0 150.0 
 425 1362622562     413839 0 3 40.0 150.0 
 425 1362622562     423811 0 3 40.0 150.0 
 425 1362622562     433829 0 3 40.0 150.0 
 425 1362622562     443835 0 3 40.0 150.0 
 424 1362622562     453859 0 3 40.0 150.0 
 425 1362622562     463886 0 3 40.0 150.0 
 425 1362622562     473857 0 3 40.0 150.0 
 424 1362622562     483909 0 3 40.0 150.0 
 424 1362622562     493880 0 3 40.0 150.0 
 425 1362622562     503885 0 3 40.0 150.0 
 425 1362622562     513930 0 3 40.0 150.0 
 426 1362622562     523934 0 3 40.0 150.0 
 425 1362622562     533937 0 3 40.0 150.0 
 426 1362622562     543907 0 3 40.0 150.0 
 425 1362622562     553926 0 3 40.0 150.0 
 424 1362622562     563921 0 3 40.0 150.0 
 424 1362622562     573924 0 3 40.0 150.0 
 425 1362622562     583974 0 3 40.0 150.0 
 424 1362622562     593943 0 3 40.0 150.0 
 424 1362622562     603979 0 3 40.0 150.0 
 425 1362622562     613982 0 3 40.0 150.0 
 424 1362622562     623945 0 3 40.0 150.0 
 426 1362622562     633991 0 3 40.0 150.0 
 425 1362622562     643998 0 3 40.0 150.0 
 426 1362622562     654004 0 3 40.0 150.0 
 425 1362622562     664018 0 3 40.0 150.0 
 426 1362622562     674029 0 3 40.0 150.0 
 425 1362622562     684045 0 3 40.0 150.0 
 425 1362622562     694007 0 3 40.0 150.0 
 425 1362622562     704002 0 3 40.0 150.0 
 425 1362622562     714062 0 3 40.0 150.0 
 425 1362622562     724019 0 3 40.0 150.0 
 425 1362622562     734027 0 3 40.0 150.0 
 425 1362622562     744035 0 3 40.0 150.0 
 426 1362622562     754049 0 3 40.0 150.0 
 426 1362622562     764058 0 3 40.0 150.0 
 424 1362622562     774092 0 3 40.0 150.0 
 425 1362622562     784070 0 3 40.0 150.0 
 425 1362622562     794085 0 3 40.0 150.0 
 425 1362622562     804092 0 3 40.0 150.0 
 425 1362622562     814126 0 3 40.0 150.0 
 425 1362622562     824086 0 3 40.0 150.0 
 425 1362622562     834103 0 3 40.0 150.0 
 424 1362622562     844141 0 3 40.0 150.0 
 425 1362622562     854095 0 3 40.0 150.0 
 425 1362622562     864107 0 3 40.0 150.0 
 426 1362622562     874162 0 3 40.0 150.0 
 425 1362622562     884140 0 3 40.0 150.0 
 426 1362622562     894183 0 3 40.0 150.0 
 424 1362622562     904185 0 3 40.0 150.0 
 425 1362622562     914173 0 3 40.0 150.0 
 424 1362622562     924201 0 3 40.0 150.0 
 425 1362622562     934210 0 3 40.0 150.0 
 425 1362622562     944214 0 3 40.0 150.0 
 425 1362622562     954187 0 3 40.0 150.0 
 425 1362622562     964208 0 3 40.0 150.0 
 425 1362622562     974204 0 3 40.0 150.0 
 425 1362622562     984198 0 3 40.0 150.0 
 424 1362622562     994217 0 3 40.0 150.0 
 425 1362622563       4208 0 3 40.0 150.0 
 425 1362622563      14238 0 3 40.0 150.0 
 425 1362622563      24237 0 3 40.0 150.0 
 424 1362622563      34219 0 3 40.0 150.0 
 426 1362622563      44231 0 3 40.0 150.0 
 425 1362622563      54265 0 3 40.0 150.0 
 425 1362622563      64285 0 3 40.0 150.0 
 425 1362622563      74242 0 3 40.0 150.0 
 425 1362622563      84253 0 3 40.0 150.0 
 424 1362622563      94281 0 3 40.0 150.0 
 425 1362622563     104322 0 3 40.0 150.0 
 425 1362622563     114272 0 3 40.0 150.0 
 425 1362622563     124328 0 3 40.0 150.0 
 425 1362622563     134289 0 3 40.0 150.0 
 425 1362622563     144325 0 3 40.0 150.0 
 425 1362622563     154308 0 3 40.0 150.0 
 425 1362622563     164343 0 3 40.0 150.0 
 425 1362622563     174310 0 3 40.0 150.0 
 425 1362622563     184342 0 3 40.0 150.0 
 426 1362622563     194335 0 3 40.0 150.0 
 425 1362622563     204372 0 3 40.0 150.0 
 425 1362622563     214335 0 3 40.0 150.0 
 425 1362622563     224370 0 3 40.0 150.0 
 425 1362622563     234405 0 3 40.0 150.0 
 425 1362622563     244400 0 3 40.0 150.0 
 425 1362622563     254406 0 3 40.0 150.0 
 425 1362622563     264408 0 3 40.0 150.0 
 425 1362622563     274375 0 3 40.0 150.0 
 425 1362622563     284433 0 3 40.0 150.0 
 425 1362622563     294433 0 3 40.0 150.0 
 425 1362622563     304447 0 3 40.0 150.0 
 425 1362622563     314426 0 3 40.0 150.0 
 425 1362622563     324448 0 3 40.0 150.0 
 425 1362622563     334435 0 3 40.0 150.0 
 425 1362622563     344427 0 3 40.0 150.0 
 425 1362622563     354460 0 3 40.0 150.0 
 425 1362622563     364468 0 3 40.0 150.0 
 425 1362622563     374444 0 3 40.0 150.0 
 425 1362622563     384483 0 3 40.0 150.0 
 424 1362622563     394480 0 3 40.0 150.0 
 425 1362622563     404464 0 3 40.0 150.0 
 425 1362622563     414520 0 3 40.0 150.0 
 425 1362622563     424515 0 3 40.0 150.0 
 425 1362622563     434485 0 3 40.0 150.0 
 425 1362622563     444487 0 3 40.0 150.0 
 425 1362622563     454525 0 3 40.0 150.0 
 425 1362622563     464534 0 3 40.0 150.0 
 425 1362622563     474530 0 3 40.0 150.0 
 425 1362622563     484528 0 3 40.0 150.0 
 425 1362622563     494569 0 3 40.0 150.0 
 425 1362622563     504545 0 3 40.0 150.0 
 425 1362622563     514590 0 3 40.0 150.0 
 425 1362622563     524547 0 3 40.0 150.0 
 425 1362622563     534592 0 3 40.0 150.0 
 425 1362622563     544607 0 3 40.0 150.0 
 425 1362622563     554577 0 3 40.0 150.0 
 425 1362622563     564588 0 3 40.0 150.0 
 425 1362622563     574612 0 3 40.0 150.0 
 425 1362622563     584616 0 3 40.0 150.0 
 425 1362622563     594607 0 3 40.0 150.0 
 425 1362622563     604633 0 3 40.0 150.0 
 425 1362622563     614620 0 3 40.0 150.0 
 426 1362622563     624641 0 3 40.0 150.0 
 425 1362622563     634638 0 3 40.0 150.0 
 425 1362622563     644666 0 3 40.0 150.0 
 425 1362622563     654659 0 3 40.0 150.0 
 425 1362622563     664630 0 3 40.0 150.0 
 426 1362622563     674648 0 3 40.0 150.0 
 424 1362622563     684648 0 3 40.0 150.0 
 425 1362622563     694701 0 3 40.0 150.0 
 424 1362622563     704698 0 3 40.0 150.0 
 425 1362622563     714724 0 3 40.0 150.0 
 425 1362622563     724712 0 3 40.0 150.0 
 425 1362622563     734724 0 3 40.0 150.0 
 425 1362622563     744700 0 3 40.0 150.0 
 425 1362622563     754742 0 3 40.0 150.0 
 425 1362622563     764741 0 3 40.0 150.0 
 425 1362622563     774707 0 3 40.0 150.0 
 425 1362622563     784743 0 3 40.0 150.0 
 425 1362622563     794718 0 3 40.0 150.0 
 425 1362622563     804735 0 3 40.0 150.0 
 425 1362622563     814778 0 3 40.0 150.0 
 425 1362622563     824758 0 3 40.0 150.0 
 425 1362622563     834750 0 3 40.0 150.0 
 425 1362622563     844783 0 3 40.0 150.0 
 425 1362622563     854811 0 3 40.0 150.0 
 425 1362622563     864803 0 3 40.0 150.0 
 425 1362622563     874800 0 3 40.0 150.0 
 425 1362622563     884784 0 3 40.0 150.0 
 425 1362622563     894795 0 3 40.0 150.0 
 424 1362622563     904846 0 3 40.0 150.0 
 425 1362622563     914857 0 3 40.0 150.0 
 426 1362622563     924810 0 3 40.0 150.0 
 425 1362622563     934824 0 3 40.0 150.0 
 425 1362622563     944824 0 3 40.0 150.0 
 426 1362622563     954845 0 3 40.0 150.0 
 425 1362622563     964859 0 3 40.0 150.0 
 425 1362622563     974894 0 3 40.0 150.0 
 425 1362622563     984892 0 3 40.0 150.0 
 425 1362622563     994857 0 3 40.0 150.0 
 425 1362622564       4863 0 3 40.0 150.0 
 425 1362622564      14909 0 3 40.0 150.0 
 425 1362622564      24871 0 3 40.0 150.0 
 425 1362622564      34921 0 3 40.0 150.0 
 425 1362622564      44920 0 3 40.0 150.0 
 425 1362622564      54926 0 3 40.0 150.0 
 425 1362622564      64916 0 3 40.0 150.0 
 425 1362622564      74933 0 3 40.0 150.0 
 425 1362622564      84925 0 3 40.0 150.0 
 425 1362622564      94937 0 3 40.0 150.0 
 425 1362622564     104973 0 3 40.0 150.0 
 424 1362622564     114976 0 3 40.0 150.0 
 425 1362622564     124984 0 3 40.0 150.0 
 425 1362622564     134975 0 3 40.0 150.0 
 425 1362622564     144986 0 3 40.0 150.0 
 425 1362622564     154978 0 3 40.0 150.0 
 425 1362622564     164979 0 3 40.0 150.0 
 425 1362622564     175015 0 3 40.0 150.0 
 425 1362622564     184997 0 3 40.0 150.0 
 425 1362622564     194986 0 3 40.0 150.0 
 425 1362622564     204987 0 3 40.0 150.0 
 425 1362622564     215014 0 3 40.0 150.0 
 425 1362622564     225039 0 3 40.0 150.0 
 425 1362622564     235020 0 3 40.0 150.0 
 425 1362622564     245043 0 3 40.0 150.0 
 425 1362622564     255045 0 3 40.0 150.0 
 424 1362622564     265054 0 3 40.0 150.0 
 424 1362622564     275077 0 3 40.0 150.0 
 425 1362622564     285042 0 3 40.0 150.0 
 425 1362622564     295099 0 3 40.0 150.0 
 425 1362622564     305060 0 3 40.0 150.0 
 425 1362622564     315077 0 3 40.0 150.0 
 425 1362622564     325073 0 3 40.0 150.0 
 424 1362622564     335133 0 3 40.0 150.0 
 425 1362622564     345083 0 3 40.0 150.0 
 424 1362622564     355111 0 3 40.0 150.0 
 425 1362622564     365109 0 3 40.0 150.0 
 425 1362622564     375098 0 3 40.0 150.0 
 426 1362622564     385167 0 3 40.0 150.0 
 425 1362622564     395166 0 3 40.0 150.0 
 425 1362622564     405141 0 3 40.0 150.0 
 425 1362622564     415137 0 3 40.0 150.0 
 425 1362622564     425164 0 3 40.0 150.0 
 425 1362622564     435162 0 3 40.0 150.0 
 425 1362622564     445171 0 3 40.0 150.0 
 425 1362622564     455190 0 3 40.0 150.0 
 425 1362622564     465223 0 3 40.0 150.0 
 426 1362622564     475182 0 3 40.0 150.0 
 425 1362622564     485212 0 3 40.0 150.0 
 425 1362622564     495242 0 3 40.0 150.0 
 425 1362622564     505227 0 3 40.0 150.0 
 424 1362622564     515197 0 3 40.0 150.0 
 425 1362622564     525205 0 3 40.0 150.0 
 425 1362622564     535266 0 3 40.0 150.0 
 425 1362622564     545258 0 3 40.0 150.0 
 425 1362622564     555246 0 3 40.0 150.0 
 425 1362622564     565273 0 3 40.0 150.0 
 425 1362622564     575236 0 3 40.0 150.0 
 426 1362622564     585287 0 3 40.0 150.0 
 424 1362622564     595276 0 3 40.0 150.0 
 425 1362622564     605263 0 3 40.0 150.0 
 424 1362622564     615273 0 3 40.0 150.0 
 425 1362622564     625320 0 3 40.0 150.0 
 425 1362622564     635312 0 3 40.0 150.0 
 425 1362622564     645291 0 3 40.0 150.0 
 425 1362622564     655298 0 3 40.0 150.0 
 425 1362622564     665338 0 3 40.0 150.0 
 425 1362622564     675355 0 3 40.0 150.0 
 425 1362622564     685367 0 3 40.0 150.0 
 425 1362622564     695354 0 3 40.0 150.0 
 425 1362622564     705340 0 3 40.0 150.0 
 426 1362622564     715372 0 3 40.0 150.0 
 425 1362622564     725384 0 3 40.0 150.0 
 425 1362622564     735381 0 3 40.0 150.0 
 425 1362622564     745378 0 3 40.0 150.0 
 425 1362622564     755409 0 3 40.0 150.0 
 425 1362622564     765389 0 3 40.0 150.0 
 425 1362622564     775366 0 3 40.0 150.0 
 425 1362622564     785376 0 3 40.0 150.0 
 424 1362622564     795417 0 3 40.0 150.0 
 424 1362622564     805408 0 3 40.0 150.0 
 424 1362622564     815405 0 3 40.0 150.0 
 425 1362622564     825413 0 3 40.0 150.0 
 425 1362622564     835440 0 3 40.0 150.0 
 426 1362622564     845423 0 3 40.0 150.0 
 425 1362622564     855460 0 3 40.0 150.0 
 426 1362622564     865448 0 3 40.0 150.0 
 425 1362622564     875458 0 3 40.0 150.0 
 425 1362622564     885458 0 3 40.0 150.0 
 425 1362622564     895505 0 3 40.0 150.0 
 425 1362622564     905466 0 3 40.0 150.0 
 424 1362622564     915474 0 3 40.0 150.0 
 425 1362622564     925468 0 3 40.0 150.0 
 425 1362622564     935516 0 3 40.0 150.0 
 426 1362622564     945496 0 3 40.0 150.0 
 426 1362622564     955531 0 3 40.0 150.0 
 425 1362622564     965496 0 3 40.0 150.0 
 425 1362622564     975531 0 3 40.0 150.0 
 425 1362622564     985501 0 3 40.0 150.0 
 425 1362622564     995518 0 3 40.0 150.0 
 424 1362622565       5533 0 3 40.0 150.0 
 425 1362622565      15525 0 3 40.0 150.0 
 424 1362622565      25531 0 3 40.0 150.0 
 425 1362622565      35593 0 3 40.0 150.0 
 425 1362622565      45571 0 3 40.0 150.0 
 425 1362622565      55592 0 3 40.0 150.0 
 425 1362622565      65572 0 3 40.0 150.0 
 424 1362622565      75591 0 3 40.0 150.0 
 425 1362622565      85608 0 3 40.0 150.0 
 425 1362622565      95573 0 3 40.0 150.0 
 426 1362622565     105611 0 3 40.0 150.0 
 424 1362622565     115604 0 3 40.0 150.0 
 425 1362622565     125654 0 3 40.0 150.0 
 424 1362622565     135635 0 3 40.0 150.0 
 425 1362622565     145646 0 3 40.0 150.0 
 425 1362622565     155618 0 3 40.0 150.0 
 425 1362622565     165645 0 3 40.0 150.0 
 425 1362622565     175680 0 3 40.0 150.0 
 425 1362622565     185674 0 3 40.0 150.0 
 424 1362622565     195646 0 3 40.0 150.0 
 425 1362622565     205697 0 3 40.0 150.0 
 425 1362622565     215688 0 3 40.0 150.0 
 425 1362622565     225684 0 3 40.0 150.0 
 425 1362622565     235678 0 3 40.0 150.0 
 425 1362622565     245724 0 3 40.0 150.0 
 425 1362622565     255703 0 3 40.0 150.0 
 424 1362622565     265691 0 3 40.0 150.0 
 425 1362622565     275704 0 3 40.0 150.0 
 425 1362622565     285716 0 3 40.0 150.0 
 425 1362622565     295733 0 3 40.0 150.0 
 425 1362622565     305752 0 3 40.0 150.0 
 424 1362622565     315728 0 3 40.0 150.0 
 425 1362622565     325753 0 3 40.0 150.0 
 425 1362622565     335771 0 3 40.0 150.0 
 425 1362622565     345769 0 3 40.0 150.0 
 425 1362622565     355788 0 3 40.0 150.0 
 425 1362622565     365791 0 3 40.0 150.0 
 425 1362622565     375802 0 3 40.0 150.0 
 425 1362622565     385824 0 3 40.0 150.0 
 426 1362622565     395801 0 3 40.0 150.0 
 424 1362622565     405807 0 3 40.0 150.0 
 425 1362622565     415811 0 3 40.0 150.0 
 425 1362622565     425855 0 3 40.0 150.0 
 425 1362622565     435862 0 3 40.0 150.0 
 425 1362622565     445810 0 3 40.0 150.0 
 425 1362622565     455867 0 3 40.0 150.0 
 425 1362622565     465834 0 3 40.0 150.0 
 426 1362622565     475883 0 3 40.0 150.0 
 425 1362622565     485867 0 3 40.0 150.0 
 426 1362622565     495883 0 3 40.0 150.0 
 424 1362622565     505865 0 3 40.0 150.0 
 425 1362622565     515874 0 3 40.0 150.0 
 425 1362622565     525900 0 3 40.0 150.0 
 425 1362622565     535896 0 3 40.0 150.0 
 425 1362622565     545880 0 3 40.0 150.0 
 425 1362622565     555930 0 3 40.0 150.0 
 426 1362622565     565940 0 3 40.0 150.0 
 425 1362622565     575895 0 3 40.0 150.0 
 425 1362622565     585959 0 3 40.0 150.0 
 425 1362622565     595959 0 3 40.0 150.0 
 425 1362622565     605949 0 3 40.0 150.0 
 425 1362622565     615958 0 3 40.0 150.0 
 425 1362622565     625991 0 3 40.0 150.0 
 425 1362622565     635991 0 3 40.0 150.0 
 425 1362622565     645946 0 3 40.0 150.0 
 425 1362622565     655965 0 3 40.0 150.0 
 425 1362622565     666005 0 3 40.0 150.0 
 425 1362622565     675976 0 3 40.0 150.0 
 425 1362622565     685969 0 3 40.0 150.0 
 426 1362622565     696028 0 3 40.0 150.0 
 425 1362622565     705996 0 3 40.0 150.0 
 425 1362622565     716049 0 3 40.0 150.0 
 425 1362622565     726036 0 3 40.0 150.0 
 425 1362622565     736003 0 3 40.0 150.0 
 425 1362622565     746064 0 3 40.0 150.0 
 425 1362622565     756049 0 3 40.0 150.0 
 426 1362622565     766083 0 3 40.0 150.0 
 425 1362622565     776085 0 3 40.0 150.0 
 425 1362622565     786090 0 3 40.0 150.0 
 425 1362622565     796078 0 3 40.0 150.0 
 425 1362622565     806061 0 3 40.0 150.0 
 424 1362622565     816104 0 3 40.0 150.0 
 425 1362622565     826102 0 3 40.0 150.0 
 424 1362622565     836088 0 3 40.0 150.0 
 425 1362622565     846103 0 3 40.0 150.0 
 425 1362622565     856084 0 3 40.0 150.0 
 425 1362622565     866102 0 3 40.0 150.0 
 425 1362622565     876147 0 3 40.0 150.0 
 426 1362622565     886121 0 3 40.0 150.0 
 425 1362622565     896138 0 3 40.0 150.0 
 425 1362622565     906122 0 3 40.0 150.0 
 425 1362622565     916148 0 3 40.0 150.0 
 425 1362622565     926133 0 3 40.0 150.0 
 425 1362622565     936141 0 3 40.0 150.0 
 424 1362622565     946152 0 3 40.0 150.0 
 425 1362622565     956178 0 3 40.0 150.0 
 425 1362622565     966192 0 3 40.0 150.0 
 425 1362622565     976160 0 3 40.0 150.0 
 425 1362622565     986188 0 3 40.0 150.0 
 425 1362622565     996211 0 3 40.0 150.0 
 426 1362622566       6216 0 3 40.0 150.0 
 424 1362622566      16197 0 3 40.0 150.0 
 425 1362622566      26201 0 3 40.0 150.0 
 424 1362622566      36199 0 3 40.0 150.0 
 425 1362622566      46203 0 3 40.0 150.0 
 425 1362622566      56247 0 3 40.0 150.0 
 426 1362622566      66224 0 3 40.0 150.0 
 425 1362622566      76225 0 3 40.0 150.0 
 425 1362622566      86244 0 3 40.0 150.0 
 425 1362622566      96237 0 3 40.0 150.0 
 426 1362622566     106263 0 3 40.0 150.0 
 425 1362622566     116253 0 3 40.0 150.0 
 425 1362622566     126280 0 3 40.0 150.0 
 424 1362622566     136275 0 3 40.0 150.0 
 425 1362622566     146327 0 3 40.0 150.0 
 425 1362622566     156326 0 3 40.0 150.0 
 424 1362622566     166330 0 3 40.0 150.0 
 425 1362622566     176343 0 3 40.0 150.0 
 425 1362622566     186320 0 3 40.0 150.0 
 425 1362622566     196315 0 3 40.0 150.0 
 425 1362622566     206348 0 3 40.0 150.0 
 425 1362622566     216322 0 3 40.0 150.0 
 425 1362622566     226347 0 3 40.0 150.0 
 425 1362622566     236372 0 3 40.0 150.0 
 425 1362622566     246367 0 3 40.0 150.0 
 425 1362622566     256388 0 3 40.0 150.0 
 425 1362622566     266362 0 3 40.0 150.0 
 425 1362622566     276399 0 3 40.0 150.0 
 426 1362622566     286365 0 3 40.0 150.0 
 425 1362622566     296416 0 3 40.0 150.0 
 426 1362622566     306382 0 3 40.0 150.0 
 424 1362622566     316430 0 3 40.0 150.0 
 425 1362622566     326405 0 3 40.0 150.0 
 425 1362622566     336403 0 3 40.0 150.0 
 425 1362622566     346450 0 3 40.0 150.0 
 425 1362622566     356415 0 3 40.0 150.0 
 425 1362622566     366472 0 3 40.0 150.0 
 425 1362622566     376456 0 3 40.0 150.0 
 424 1362622566     386482 0 3 40.0 150.0 
 425 1362622566     396463 0 3 40.0 150.0 
 425 1362622566     406500 0 3 40.0 150.0 
 425 1362622566     416494 0 3 40.0 150.0 
 425 1362622566     426456 0 3 40.0 150.0 
 425 1362622566     436512 0 3 40.0 150.0 
 425 1362622566     446501 0 3 40.0 150.0 
 425 1362622566     456507 0 3 40.0 150.0 
 425 1362622566     466479 0 3 40.0 150.0 
 426 1362622566     476490 0 3 40.0 150.0 
 426 1362622566     486497 0 3 40.0 150.0 
 425 1362622566     496501 0 3 40.0 150.0 
 425 1362622566     506514 0 3 40.0 150.0 
 424 1362622566     516535 0 3 40.0 150.0 
 425 1362622566     526520 0 3 40.0 150.0 
 425 1362622566     536536 0 3 40.0 150.0 
 426 1362622566     546588 0 3 40.0 150.0 
 425 1362622566     556557 0 3 40.0 150.0 
 425 1362622566     566562 0 3 40.0 150.0 
 425 1362622566     576586 0 3 40.0 150.0 
 426 1362622566     586605 0 3 40.0 150.0 
 426 1362622566     596575 0 3 40.0 150.0 
 424 1362622566     606596 0 3 40.0 150.0 
 425 1362622566     616640 0 3 40.0 150.0 
 424 1362622566     626627 0 3 40.0 150.0 
 425 1362622566     636651 0 3 40.0 150.0 
 424 1362622566     646661 0 3 40.0 150.0 
 425 1362622566     656626 0 3 40.0 150.0 
 425 1362622566     666633 0 3 40.0 150.0 
 425 1362622566     676633 0 3 40.0 150.0 
 425 1362622566     686638 0 3 40.0 150.0 
 426 1362622566     696687 0 3 40.0 150.0 
 425 1362622566     706658 0 3 40.0 150.0 
 425 1362622566     716705 0 3 40.0 150.0 
 425 1362622566     726683 0 3 40.0 150.0 
 425 1362622566     736689 0 3 40.0 150.0 
 425 1362622566     746675 0 3 40.0 150.0 
 425 1362622566     756717 0 3 40.0 150.0 
 426 1362622566     766684 0 3 40.0 150.0 
 424 1362622566     776698 0 3 40.0 150.0 
 425 1362622566     786716 0 3 40.0 150.0 
 425 1362622566     796709 0 3 40.0 150.0 
 425 1362622566     806746 0 3 40.0 150.0 
 424 1362622566     816735 0 3 40.0 150.0 
 424 1362622566     826719 0 3 40.0 150.0 
 425 1362622566     836781 0 3 40.0 150.0 
 425 1362622566     846736 0 3 40.0 150.0 
 425 1362622566     856787 0 3 40.0 150.0 
 425 1362622566     866791 0 3 40.0 150.0 
 425 1362622566     876803 0 3 40.0 150.0 
 425 1362622566     886801 0 3 40.0 150.0 
 425 1362622566     896808 0 3 40.0 150.0 
 425 1362622566     906779 0 3 40.0 150.0 
