 427 1362630479     409477 3 7 40.0 100.0 
 427 1362630479     419431 3 7 40.0 100.0 
 427 1362630479     429389 3 7 40.0 100.0 
 427 1362630479     439414 3 7 40.0 100.0 
 427 1362630479     449451 3 7 40.0 100.0 
 428 1362630479     459427 3 7 40.0 100.0 
 427 1362630479     469478 3 7 40.0 100.0 
 427 1362630479     479476 3 7 40.0 100.0 
 427 1362630479     489499 3 7 40.0 100.0 
 428 1362630479     499438 3 7 40.0 100.0 
 429 1362630479     509501 3 7 40.0 100.0 
 427 1362630479     519463 3 7 40.0 100.0 
 428 1362630479     529462 3 7 40.0 100.0 
 427 1362630479     539468 3 7 40.0 100.0 
 427 1362630479     549536 3 7 40.0 100.0 
 427 1362630479     559486 3 7 40.0 100.0 
 428 1362630479     569488 3 7 40.0 100.0 
 426 1362630479     579497 3 7 40.0 100.0 
 427 1362630479     589510 3 7 40.0 100.0 
 428 1362630479     599524 3 7 40.0 100.0 
 427 1362630479     609540 3 7 40.0 100.0 
 427 1362630479     619527 3 7 40.0 100.0 
 427 1362630479     629525 3 7 40.0 100.0 
 428 1362630479     639597 3 7 40.0 100.0 
 428 1362630479     649550 3 7 40.0 100.0 
 427 1362630479     659574 3 7 40.0 100.0 
 427 1362630479     669551 3 7 40.0 100.0 
 427 1362630479     679558 3 7 40.0 100.0 
 427 1362630479     689565 3 7 40.0 100.0 
 427 1362630479     699586 3 7 40.0 100.0 
 427 1362630479     709642 3 7 40.0 100.0 
 427 1362630479     719611 3 7 40.0 100.0 
 428 1362630479     729637 3 7 40.0 100.0 
 427 1362630479     739650 3 7 40.0 100.0 
 428 1362630479     749643 3 7 40.0 100.0 
 427 1362630479     759650 3 7 40.0 100.0 
 427 1362630479     769639 3 7 40.0 100.0 
 428 1362630479     779635 3 7 40.0 100.0 
 428 1362630479     789634 3 7 40.0 100.0 
 427 1362630479     799704 3 7 40.0 100.0 
 428 1362630479     809650 3 7 40.0 100.0 
 427 1362630479     819689 3 7 40.0 100.0 
 427 1362630479     829698 3 7 40.0 100.0 
 427 1362630479     839720 3 7 40.0 100.0 
 428 1362630479     849714 3 7 40.0 100.0 
 426 1362630479     859722 3 7 40.0 100.0 
 427 1362630479     869690 3 7 40.0 100.0 
 428 1362630479     879698 3 7 40.0 100.0 
 428 1362630479     889726 3 7 40.0 100.0 
 427 1362630479     899735 3 7 40.0 100.0 
 427 1362630479     909735 3 7 40.0 100.0 
 427 1362630479     919751 3 7 40.0 100.0 
 428 1362630479     929753 3 7 40.0 100.0 
 427 1362630479     939762 3 7 40.0 100.0 
 427 1362630479     949781 3 7 40.0 100.0 
 427 1362630479     959792 3 7 40.0 100.0 
 427 1362630479     969810 3 7 40.0 100.0 
 428 1362630479     979753 3 7 40.0 100.0 
 427 1362630479     989826 3 7 40.0 100.0 
 427 1362630479     999768 3 7 40.0 100.0 
 427 1362630480       9836 3 7 40.0 100.0 
 428 1362630480      19848 3 7 40.0 100.0 
 428 1362630480      29857 3 7 40.0 100.0 
 427 1362630480      39858 3 7 40.0 100.0 
 427 1362630480      49804 3 7 40.0 100.0 
 427 1362630480      59816 3 7 40.0 100.0 
 428 1362630480      69839 3 7 40.0 100.0 
 426 1362630480      79841 3 7 40.0 100.0 
 427 1362630480      89834 3 7 40.0 100.0 
 427 1362630480      99851 3 7 40.0 100.0 
 427 1362630480     109869 3 7 40.0 100.0 
 427 1362630480     119874 3 7 40.0 100.0 
 427 1362630480     129901 3 7 40.0 100.0 
 427 1362630480     139915 3 7 40.0 100.0 
 427 1362630480     149906 3 7 40.0 100.0 
 428 1362630480     159915 3 7 40.0 100.0 
 428 1362630480     169936 3 7 40.0 100.0 
 428 1362630480     179945 3 7 40.0 100.0 
 427 1362630480     189956 3 7 40.0 100.0 
 428 1362630480     199957 3 7 40.0 100.0 
 428 1362630480     209968 3 7 40.0 100.0 
 427 1362630480     219968 3 7 40.0 100.0 
 428 1362630480     229958 3 7 40.0 100.0 
 427 1362630480     239980 3 7 40.0 100.0 
 427 1362630480     249987 3 7 40.0 100.0 
 427 1362630480     259988 3 7 40.0 100.0 
 427 1362630480     270005 3 7 40.0 100.0 
 426 1362630480     280016 3 7 40.0 100.0 
 428 1362630480     289959 3 7 40.0 100.0 
 427 1362630480     299995 3 7 40.0 100.0 
 428 1362630480     309991 3 7 40.0 100.0 
 427 1362630480     319982 3 7 40.0 100.0 
 427 1362630480     329989 3 7 40.0 100.0 
 428 1362630480     339995 3 7 40.0 100.0 
 427 1362630480     350005 3 7 40.0 100.0 
 427 1362630480     360074 3 7 40.0 100.0 
 428 1362630480     370042 3 7 40.0 100.0 
 427 1362630480     380047 3 7 40.0 100.0 
 427 1362630480     390071 3 7 40.0 100.0 
 427 1362630480     400091 3 7 40.0 100.0 
