 405 1362624937     493260 1 7 40.0 100.0 
 405 1362624937     503273 1 7 40.0 100.0 
 405 1362624937     513268 1 7 40.0 100.0 
 405 1362624937     523259 1 7 40.0 100.0 
 406 1362624937     533239 1 7 40.0 100.0 
 405 1362624937     543283 1 7 40.0 100.0 
 405 1362624937     553269 1 7 40.0 100.0 
 405 1362624937     563299 1 7 40.0 100.0 
 405 1362624937     573270 1 7 40.0 100.0 
 405 1362624937     583316 1 7 40.0 100.0 
 405 1362624937     593289 1 7 40.0 100.0 
 405 1362624937     603344 1 7 40.0 100.0 
 405 1362624937     613310 1 7 40.0 100.0 
 405 1362624937     623363 1 7 40.0 100.0 
 406 1362624937     633322 1 7 40.0 100.0 
 405 1362624937     643366 1 7 40.0 100.0 
 405 1362624937     653350 1 7 40.0 100.0 
 405 1362624937     663343 1 7 40.0 100.0 
 405 1362624937     673329 1 7 40.0 100.0 
 406 1362624937     683367 1 7 40.0 100.0 
 405 1362624937     693345 1 7 40.0 100.0 
 405 1362624937     703387 1 7 40.0 100.0 
 405 1362624937     713360 1 7 40.0 100.0 
 405 1362624937     723424 1 7 40.0 100.0 
 405 1362624937     733391 1 7 40.0 100.0 
 404 1362624937     743378 1 7 40.0 100.0 
 405 1362624937     753420 1 7 40.0 100.0 
 405 1362624937     763404 1 7 40.0 100.0 
 406 1362624937     773437 1 7 40.0 100.0 
 405 1362624937     783476 1 7 40.0 100.0 
 405 1362624937     793454 1 7 40.0 100.0 
 406 1362624937     803448 1 7 40.0 100.0 
 405 1362624937     813471 1 7 40.0 100.0 
 405 1362624937     823452 1 7 40.0 100.0 
 405 1362624937     833438 1 7 40.0 100.0 
 405 1362624937     843480 1 7 40.0 100.0 
 406 1362624937     853462 1 7 40.0 100.0 
 405 1362624937     863520 1 7 40.0 100.0 
 405 1362624937     873495 1 7 40.0 100.0 
 405 1362624937     883472 1 7 40.0 100.0 
 405 1362624937     893528 1 7 40.0 100.0 
 405 1362624937     903509 1 7 40.0 100.0 
 405 1362624937     913538 1 7 40.0 100.0 
 405 1362624937     923516 1 7 40.0 100.0 
 406 1362624937     933562 1 7 40.0 100.0 
 405 1362624937     943547 1 7 40.0 100.0 
 405 1362624937     953578 1 7 40.0 100.0 
 404 1362624937     963553 1 7 40.0 100.0 
 405 1362624937     973540 1 7 40.0 100.0 
 405 1362624937     983583 1 7 40.0 100.0 
 405 1362624937     993565 1 7 40.0 100.0 
 405 1362624938       3614 1 7 40.0 100.0 
 405 1362624938      13617 1 7 40.0 100.0 
 406 1362624938      23587 1 7 40.0 100.0 
 405 1362624938      33573 1 7 40.0 100.0 
 405 1362624938      43625 1 7 40.0 100.0 
 406 1362624938      53589 1 7 40.0 100.0 
 406 1362624938      63647 1 7 40.0 100.0 
 405 1362624938      73620 1 7 40.0 100.0 
 405 1362624938      83667 1 7 40.0 100.0 
 405 1362624938      93653 1 7 40.0 100.0 
 406 1362624938     103661 1 7 40.0 100.0 
 405 1362624938     113633 1 7 40.0 100.0 
 406 1362624938     123674 1 7 40.0 100.0 
 405 1362624938     133657 1 7 40.0 100.0 
 405 1362624938     143709 1 7 40.0 100.0 
 405 1362624938     153692 1 7 40.0 100.0 
 405 1362624938     163704 1 7 40.0 100.0 
 405 1362624938     173686 1 7 40.0 100.0 
 405 1362624938     183668 1 7 40.0 100.0 
 404 1362624938     193703 1 7 40.0 100.0 
 406 1362624938     203696 1 7 40.0 100.0 
 405 1362624938     213744 1 7 40.0 100.0 
 405 1362624938     223731 1 7 40.0 100.0 
 405 1362624938     233717 1 7 40.0 100.0 
 405 1362624938     243757 1 7 40.0 100.0 
 405 1362624938     253737 1 7 40.0 100.0 
 404 1362624938     263779 1 7 40.0 100.0 
 405 1362624938     273783 1 7 40.0 100.0 
 405 1362624938     283761 1 7 40.0 100.0 
 404 1362624938     293801 1 7 40.0 100.0 
 405 1362624938     303771 1 7 40.0 100.0 
 404 1362624938     313809 1 7 40.0 100.0 
 405 1362624938     323786 1 7 40.0 100.0 
 405 1362624938     333763 1 7 40.0 100.0 
 405 1362624938     343800 1 7 40.0 100.0 
 405 1362624938     353844 1 7 40.0 100.0 
 405 1362624938     363828 1 7 40.0 100.0 
 406 1362624938     373798 1 7 40.0 100.0 
 405 1362624938     383803 1 7 40.0 100.0 
 406 1362624938     393847 1 7 40.0 100.0 
 406 1362624938     403825 1 7 40.0 100.0 
 405 1362624938     413869 1 7 40.0 100.0 
 405 1362624938     423833 1 7 40.0 100.0 
 405 1362624938     433884 1 7 40.0 100.0 
 405 1362624938     443858 1 7 40.0 100.0 
 405 1362624938     453914 1 7 40.0 100.0 
 405 1362624938     463905 1 7 40.0 100.0 
 405 1362624938     473861 1 7 40.0 100.0 
 405 1362624938     483925 1 7 40.0 100.0 
