 596 1362629177     908369 2 2 40.0 150.0 
 596 1362629177     918322 2 2 40.0 150.0 
 596 1362629177     928452 2 2 40.0 150.0 
 595 1362629177     938429 2 2 40.0 150.0 
 596 1362629177     948359 2 2 40.0 150.0 
 596 1362629177     958310 2 2 40.0 150.0 
 595 1362629177     968464 2 2 40.0 150.0 
 596 1362629177     978420 2 2 40.0 150.0 
 596 1362629177     988344 2 2 40.0 150.0 
 595 1362629177     998375 2 2 40.0 150.0 
 595 1362629178       8370 2 2 40.0 150.0 
 595 1362629178      18338 2 2 40.0 150.0 
 595 1362629178      28379 2 2 40.0 150.0 
 595 1362629178      38374 2 2 40.0 150.0 
 596 1362629178      48413 2 2 40.0 150.0 
 596 1362629178      58424 2 2 40.0 150.0 
 595 1362629178      68399 2 2 40.0 150.0 
 596 1362629178      78371 2 2 40.0 150.0 
 595 1362629178      88426 2 2 40.0 150.0 
 594 1362629178      98447 2 2 40.0 150.0 
 595 1362629178     108411 2 2 40.0 150.0 
 595 1362629178     118403 2 2 40.0 150.0 
 595 1362629178     128462 2 2 40.0 150.0 
 596 1362629178     138440 2 2 40.0 150.0 
 596 1362629178     148476 2 2 40.0 150.0 
 595 1362629178     158470 2 2 40.0 150.0 
 596 1362629178     168468 2 2 40.0 150.0 
 596 1362629178     178452 2 2 40.0 150.0 
 595 1362629178     188448 2 2 40.0 150.0 
 595 1362629178     198476 2 2 40.0 150.0 
 596 1362629178     208517 2 2 40.0 150.0 
 595 1362629178     218495 2 2 40.0 150.0 
 596 1362629178     228493 2 2 40.0 150.0 
 595 1362629178     238532 2 2 40.0 150.0 
 596 1362629178     248508 2 2 40.0 150.0 
 595 1362629178     258496 2 2 40.0 150.0 
 594 1362629178     268541 2 2 40.0 150.0 
 595 1362629178     278521 2 2 40.0 150.0 
 596 1362629178     288510 2 2 40.0 150.0 
 595 1362629178     298531 2 2 40.0 150.0 
 595 1362629178     308577 2 2 40.0 150.0 
 595 1362629178     318558 2 2 40.0 150.0 
 595 1362629178     328545 2 2 40.0 150.0 
 595 1362629178     338555 2 2 40.0 150.0 
 596 1362629178     348603 2 2 40.0 150.0 
 596 1362629178     358592 2 2 40.0 150.0 
 596 1362629178     368563 2 2 40.0 150.0 
 596 1362629178     378635 2 2 40.0 150.0 
 596 1362629178     388630 2 2 40.0 150.0 
 597 1362629178     398625 2 2 40.0 150.0 
 595 1362629178     408627 2 2 40.0 150.0 
 595 1362629178     418596 2 2 40.0 150.0 
 596 1362629178     428643 2 2 40.0 150.0 
 595 1362629178     438624 2 2 40.0 150.0 
 596 1362629178     448683 2 2 40.0 150.0 
 595 1362629178     458664 2 2 40.0 150.0 
 596 1362629178     468654 2 2 40.0 150.0 
 595 1362629178     478637 2 2 40.0 150.0 
 595 1362629178     488687 2 2 40.0 150.0 
 595 1362629178     498646 2 2 40.0 150.0 
 595 1362629178     508689 2 2 40.0 150.0 
 595 1362629178     518670 2 2 40.0 150.0 
 594 1362629178     528733 2 2 40.0 150.0 
 596 1362629178     538711 2 2 40.0 150.0 
 595 1362629178     548701 2 2 40.0 150.0 
 596 1362629178     558746 2 2 40.0 150.0 
 595 1362629178     568731 2 2 40.0 150.0 
 596 1362629178     578770 2 2 40.0 150.0 
 595 1362629178     588772 2 2 40.0 150.0 
 595 1362629178     598777 2 2 40.0 150.0 
 595 1362629178     608752 2 2 40.0 150.0 
 596 1362629178     618738 2 2 40.0 150.0 
 596 1362629178     628776 2 2 40.0 150.0 
 595 1362629178     638749 2 2 40.0 150.0 
 595 1362629178     648795 2 2 40.0 150.0 
 595 1362629178     658769 2 2 40.0 150.0 
 594 1362629178     668815 2 2 40.0 150.0 
 596 1362629178     678789 2 2 40.0 150.0 
 595 1362629178     688780 2 2 40.0 150.0 
 596 1362629178     698813 2 2 40.0 150.0 
 595 1362629178     708795 2 2 40.0 150.0 
 596 1362629178     718852 2 2 40.0 150.0 
 596 1362629178     728843 2 2 40.0 150.0 
 595 1362629178     738824 2 2 40.0 150.0 
 594 1362629178     748874 2 2 40.0 150.0 
 595 1362629178     758843 2 2 40.0 150.0 
 595 1362629178     768886 2 2 40.0 150.0 
 595 1362629178     778864 2 2 40.0 150.0 
 595 1362629178     788858 2 2 40.0 150.0 
 596 1362629178     798900 2 2 40.0 150.0 
 595 1362629178     808889 2 2 40.0 150.0 
 595 1362629178     818868 2 2 40.0 150.0 
 595 1362629178     828919 2 2 40.0 150.0 
 596 1362629178     838899 2 2 40.0 150.0 
 595 1362629178     848940 2 2 40.0 150.0 
 595 1362629178     858954 2 2 40.0 150.0 
 596 1362629178     868954 2 2 40.0 150.0 
 595 1362629178     878935 2 2 40.0 150.0 
 596 1362629178     888915 2 2 40.0 150.0 
 596 1362629178     898909 2 2 40.0 150.0 
