 271 1362629772     181491 2 11 40.0 100.0 
 272 1362629772     191585 2 11 40.0 100.0 
 272 1362629772     201555 2 11 40.0 100.0 
 272 1362629772     211557 2 11 40.0 100.0 
 272 1362629772     221575 2 11 40.0 100.0 
 271 1362629772     231505 2 11 40.0 100.0 
 272 1362629772     241649 2 11 40.0 100.0 
 272 1362629772     251583 2 11 40.0 100.0 
 271 1362629772     261651 2 11 40.0 100.0 
 271 1362629772     271636 2 11 40.0 100.0 
 271 1362629772     281644 2 11 40.0 100.0 
 272 1362629772     291569 2 11 40.0 100.0 
 271 1362629772     301618 2 11 40.0 100.0 
 271 1362629772     311723 2 11 40.0 100.0 
 272 1362629772     321678 2 11 40.0 100.0 
 272 1362629772     331636 2 11 40.0 100.0 
 271 1362629772     341584 2 11 40.0 100.0 
 271 1362629772     351729 2 11 40.0 100.0 
 272 1362629772     361647 2 11 40.0 100.0 
 272 1362629772     371601 2 11 40.0 100.0 
 272 1362629772     381669 2 11 40.0 100.0 
 272 1362629772     401830 2 11 40.0 100.0 
 272 1362629772     411642 2 11 40.0 100.0 
 272 1362629772     421656 2 11 40.0 100.0 
 272 1362629772     431672 2 11 40.0 100.0 
 271 1362629772     441621 2 11 40.0 100.0 
 272 1362629772     451697 2 11 40.0 100.0 
 272 1362629772     461686 2 11 40.0 100.0 
 272 1362629772     471709 2 11 40.0 100.0 
 272 1362629772     481707 2 11 40.0 100.0 
 272 1362629772     491724 2 11 40.0 100.0 
 271 1362629772     501660 2 11 40.0 100.0 
 271 1362629772     511681 2 11 40.0 100.0 
 272 1362629772     521696 2 11 40.0 100.0 
 272 1362629772     531701 2 11 40.0 100.0 
 272 1362629772     541728 2 11 40.0 100.0 
 272 1362629772     551732 2 11 40.0 100.0 
 272 1362629772     561744 2 11 40.0 100.0 
 271 1362629772     571778 2 11 40.0 100.0 
 272 1362629772     581722 2 11 40.0 100.0 
 272 1362629772     591746 2 11 40.0 100.0 
 272 1362629772     601756 2 11 40.0 100.0 
 271 1362629772     611784 2 11 40.0 100.0 
 271 1362629772     621790 2 11 40.0 100.0 
 271 1362629772     631810 2 11 40.0 100.0 
 272 1362629772     641810 2 11 40.0 100.0 
 271 1362629772     651819 2 11 40.0 100.0 
 271 1362629772     661820 2 11 40.0 100.0 
 272 1362629772     671822 2 11 40.0 100.0 
 272 1362629772     681848 2 11 40.0 100.0 
 271 1362629772     691797 2 11 40.0 100.0 
 272 1362629772     701862 2 11 40.0 100.0 
 272 1362629772     711812 2 11 40.0 100.0 
 272 1362629772     721819 2 11 40.0 100.0 
 272 1362629772     731857 2 11 40.0 100.0 
 271 1362629772     741843 2 11 40.0 100.0 
 271 1362629772     751867 2 11 40.0 100.0 
 272 1362629772     761873 2 11 40.0 100.0 
 272 1362629772     771872 2 11 40.0 100.0 
 272 1362629772     781892 2 11 40.0 100.0 
 271 1362629772     791910 2 11 40.0 100.0 
 271 1362629772     801903 2 11 40.0 100.0 
 272 1362629772     811896 2 11 40.0 100.0 
 271 1362629772     821920 2 11 40.0 100.0 
 272 1362629772     831944 2 11 40.0 100.0 
 272 1362629772     841952 2 11 40.0 100.0 
 272 1362629772     851893 2 11 40.0 100.0 
 272 1362629772     861910 2 11 40.0 100.0 
 272 1362629772     871971 2 11 40.0 100.0 
 272 1362629772     881966 2 11 40.0 100.0 
 272 1362629772     891942 2 11 40.0 100.0 
 271 1362629772     901946 2 11 40.0 100.0 
 271 1362629772     911955 2 11 40.0 100.0 
 272 1362629772     921982 2 11 40.0 100.0 
 272 1362629772     932000 2 11 40.0 100.0 
 272 1362629772     941961 2 11 40.0 100.0 
 271 1362629772     952028 2 11 40.0 100.0 
 272 1362629772     961971 2 11 40.0 100.0 
 271 1362629772     971989 2 11 40.0 100.0 
 272 1362629772     982022 2 11 40.0 100.0 
 272 1362629772     992051 2 11 40.0 100.0 
 272 1362629773       2021 2 11 40.0 100.0 
 271 1362629773      12066 2 11 40.0 100.0 
 271 1362629773      22014 2 11 40.0 100.0 
 272 1362629773      32040 2 11 40.0 100.0 
 272 1362629773      42071 2 11 40.0 100.0 
 272 1362629773      52028 2 11 40.0 100.0 
 271 1362629773      62062 2 11 40.0 100.0 
 272 1362629773      72091 2 11 40.0 100.0 
 272 1362629773      82067 2 11 40.0 100.0 
 272 1362629773      92097 2 11 40.0 100.0 
 271 1362629773     102069 2 11 40.0 100.0 
 272 1362629773     112117 2 11 40.0 100.0 
 271 1362629773     122106 2 11 40.0 100.0 
 271 1362629773     132094 2 11 40.0 100.0 
 272 1362629773     142085 2 11 40.0 100.0 
 272 1362629773     152121 2 11 40.0 100.0 
 271 1362629773     162165 2 11 40.0 100.0 
 272 1362629773     172142 2 11 40.0 100.0 
 270 1362629773     182117 2 11 40.0 100.0 
