 434 1362630647     861032 3 10 40.0 100.0 
 433 1362630647     870902 3 10 40.0 100.0 
 432 1362630647     880955 3 10 40.0 100.0 
 432 1362630647     890946 3 10 40.0 100.0 
 434 1362630647     901013 3 10 40.0 100.0 
 433 1362630647     910959 3 10 40.0 100.0 
 433 1362630647     921048 3 10 40.0 100.0 
 433 1362630647     930991 3 10 40.0 100.0 
 433 1362630647     940957 3 10 40.0 100.0 
 433 1362630647     950997 3 10 40.0 100.0 
 433 1362630647     960981 3 10 40.0 100.0 
 432 1362630647     971081 3 10 40.0 100.0 
 433 1362630647     980954 3 10 40.0 100.0 
 433 1362630647     990915 3 10 40.0 100.0 
 433 1362630648        919 3 10 40.0 100.0 
 433 1362630648      10959 3 10 40.0 100.0 
 432 1362630648      20985 3 10 40.0 100.0 
 432 1362630648      30989 3 10 40.0 100.0 
 433 1362630648      40948 3 10 40.0 100.0 
 432 1362630648      50967 3 10 40.0 100.0 
 433 1362630648      60993 3 10 40.0 100.0 
 433 1362630648      71022 3 10 40.0 100.0 
 433 1362630648      80972 3 10 40.0 100.0 
 432 1362630648      90987 3 10 40.0 100.0 
 433 1362630648     100985 3 10 40.0 100.0 
 433 1362630648     111011 3 10 40.0 100.0 
 433 1362630648     121064 3 10 40.0 100.0 
 432 1362630648     131024 3 10 40.0 100.0 
 432 1362630648     141065 3 10 40.0 100.0 
 433 1362630648     151022 3 10 40.0 100.0 
 433 1362630648     161069 3 10 40.0 100.0 
 433 1362630648     171030 3 10 40.0 100.0 
 433 1362630648     181046 3 10 40.0 100.0 
 433 1362630648     191086 3 10 40.0 100.0 
 433 1362630648     201116 3 10 40.0 100.0 
 433 1362630648     211076 3 10 40.0 100.0 
 433 1362630648     221112 3 10 40.0 100.0 
 433 1362630648     231087 3 10 40.0 100.0 
 433 1362630648     241135 3 10 40.0 100.0 
 433 1362630648     251084 3 10 40.0 100.0 
 433 1362630648     261104 3 10 40.0 100.0 
 433 1362630648     271116 3 10 40.0 100.0 
 433 1362630648     281103 3 10 40.0 100.0 
 432 1362630648     291145 3 10 40.0 100.0 
 433 1362630648     301169 3 10 40.0 100.0 
 434 1362630648     311181 3 10 40.0 100.0 
 433 1362630648     321198 3 10 40.0 100.0 
 433 1362630648     331186 3 10 40.0 100.0 
 432 1362630648     341209 3 10 40.0 100.0 
 433 1362630648     351162 3 10 40.0 100.0 
 434 1362630648     361180 3 10 40.0 100.0 
 433 1362630648     371191 3 10 40.0 100.0 
 433 1362630648     381181 3 10 40.0 100.0 
 432 1362630648     391224 3 10 40.0 100.0 
 433 1362630648     401190 3 10 40.0 100.0 
 433 1362630648     411222 3 10 40.0 100.0 
 432 1362630648     421256 3 10 40.0 100.0 
 432 1362630648     431263 3 10 40.0 100.0 
 432 1362630648     441218 3 10 40.0 100.0 
 433 1362630648     451238 3 10 40.0 100.0 
 434 1362630648     461260 3 10 40.0 100.0 
 432 1362630648     471286 3 10 40.0 100.0 
 433 1362630648     481285 3 10 40.0 100.0 
 432 1362630648     491252 3 10 40.0 100.0 
 433 1362630648     501282 3 10 40.0 100.0 
 433 1362630648     511300 3 10 40.0 100.0 
 433 1362630648     521303 3 10 40.0 100.0 
 433 1362630648     531302 3 10 40.0 100.0 
 433 1362630648     541327 3 10 40.0 100.0 
 433 1362630648     551303 3 10 40.0 100.0 
 433 1362630648     561341 3 10 40.0 100.0 
 433 1362630648     571342 3 10 40.0 100.0 
 433 1362630648     581330 3 10 40.0 100.0 
 432 1362630648     591341 3 10 40.0 100.0 
 433 1362630648     601382 3 10 40.0 100.0 
 433 1362630648     611334 3 10 40.0 100.0 
 432 1362630648     621360 3 10 40.0 100.0 
 432 1362630648     631349 3 10 40.0 100.0 
 432 1362630648     641372 3 10 40.0 100.0 
 433 1362630648     651389 3 10 40.0 100.0 
 433 1362630648     661363 3 10 40.0 100.0 
 433 1362630648     671388 3 10 40.0 100.0 
 433 1362630648     681383 3 10 40.0 100.0 
 432 1362630648     691424 3 10 40.0 100.0 
 433 1362630648     701398 3 10 40.0 100.0 
 433 1362630648     711453 3 10 40.0 100.0 
 433 1362630648     721417 3 10 40.0 100.0 
 432 1362630648     731458 3 10 40.0 100.0 
 431 1362630648     741418 3 10 40.0 100.0 
 432 1362630648     751428 3 10 40.0 100.0 
 433 1362630648     761458 3 10 40.0 100.0 
 433 1362630648     771476 3 10 40.0 100.0 
 432 1362630648     781454 3 10 40.0 100.0 
 432 1362630648     791466 3 10 40.0 100.0 
 432 1362630648     801511 3 10 40.0 100.0 
 433 1362630648     811479 3 10 40.0 100.0 
 433 1362630648     821505 3 10 40.0 100.0 
 433 1362630648     831492 3 10 40.0 100.0 
 432 1362630648     841517 3 10 40.0 100.0 
 433 1362630648     851545 3 10 40.0 100.0 
