 457 1362623537      67848 0 8 40.0 150.0 
 456 1362623537      77771 0 8 40.0 150.0 
 456 1362623537      87836 0 8 40.0 150.0 
 456 1362623537      97777 0 8 40.0 150.0 
 457 1362623537     107812 0 8 40.0 150.0 
 456 1362623537     117841 0 8 40.0 150.0 
 457 1362623537     127913 0 8 40.0 150.0 
 456 1362623537     137902 0 8 40.0 150.0 
 456 1362623537     147839 0 8 40.0 150.0 
 456 1362623537     157857 0 8 40.0 150.0 
 456 1362623537     167812 0 8 40.0 150.0 
 456 1362623537     178027 0 8 40.0 150.0 
 456 1362623537     187822 0 8 40.0 150.0 
 456 1362623537     197820 0 8 40.0 150.0 
 457 1362623537     207839 0 8 40.0 150.0 
 456 1362623537     217858 0 8 40.0 150.0 
 456 1362623537     227814 0 8 40.0 150.0 
 455 1362623537     237846 0 8 40.0 150.0 
 456 1362623537     247858 0 8 40.0 150.0 
 455 1362623537     257890 0 8 40.0 150.0 
 456 1362623537     267848 0 8 40.0 150.0 
 455 1362623537     277861 0 8 40.0 150.0 
 456 1362623537     287867 0 8 40.0 150.0 
 456 1362623537     297884 0 8 40.0 150.0 
 457 1362623537     307911 0 8 40.0 150.0 
 457 1362623537     317914 0 8 40.0 150.0 
 456 1362623537     327870 0 8 40.0 150.0 
 456 1362623537     337888 0 8 40.0 150.0 
 456 1362623537     347913 0 8 40.0 150.0 
 456 1362623537     357943 0 8 40.0 150.0 
 456 1362623537     367909 0 8 40.0 150.0 
 456 1362623537     377918 0 8 40.0 150.0 
 456 1362623537     387951 0 8 40.0 150.0 
 457 1362623537     397927 0 8 40.0 150.0 
 456 1362623537     407957 0 8 40.0 150.0 
 456 1362623537     417936 0 8 40.0 150.0 
 456 1362623537     427968 0 8 40.0 150.0 
 456 1362623537     438000 0 8 40.0 150.0 
 456 1362623537     447997 0 8 40.0 150.0 
 456 1362623537     458021 0 8 40.0 150.0 
 455 1362623537     467984 0 8 40.0 150.0 
 456 1362623537     477997 0 8 40.0 150.0 
 456 1362623537     488019 0 8 40.0 150.0 
 455 1362623537     497986 0 8 40.0 150.0 
 457 1362623537     507987 0 8 40.0 150.0 
 456 1362623537     518012 0 8 40.0 150.0 
 457 1362623537     528032 0 8 40.0 150.0 
 455 1362623537     538060 0 8 40.0 150.0 
 456 1362623537     548059 0 8 40.0 150.0 
 456 1362623537     558082 0 8 40.0 150.0 
 456 1362623537     568039 0 8 40.0 150.0 
 456 1362623537     578041 0 8 40.0 150.0 
 457 1362623537     588070 0 8 40.0 150.0 
 457 1362623537     598109 0 8 40.0 150.0 
 456 1362623537     608109 0 8 40.0 150.0 
 456 1362623537     618105 0 8 40.0 150.0 
 455 1362623537     628136 0 8 40.0 150.0 
 457 1362623537     638093 0 8 40.0 150.0 
 455 1362623537     648102 0 8 40.0 150.0 
 456 1362623537     658101 0 8 40.0 150.0 
 456 1362623537     668107 0 8 40.0 150.0 
 457 1362623537     678115 0 8 40.0 150.0 
 456 1362623537     688123 0 8 40.0 150.0 
 457 1362623537     698134 0 8 40.0 150.0 
 457 1362623537     708144 0 8 40.0 150.0 
 456 1362623537     718159 0 8 40.0 150.0 
 456 1362623537     728163 0 8 40.0 150.0 
 455 1362623537     738184 0 8 40.0 150.0 
 456 1362623537     748208 0 8 40.0 150.0 
 455 1362623537     758221 0 8 40.0 150.0 
 456 1362623537     768227 0 8 40.0 150.0 
 456 1362623537     778166 0 8 40.0 150.0 
 456 1362623537     788183 0 8 40.0 150.0 
 457 1362623537     798199 0 8 40.0 150.0 
 457 1362623537     808232 0 8 40.0 150.0 
 456 1362623537     818251 0 8 40.0 150.0 
 455 1362623537     828250 0 8 40.0 150.0 
 456 1362623537     838267 0 8 40.0 150.0 
 455 1362623537     848221 0 8 40.0 150.0 
 456 1362623537     858258 0 8 40.0 150.0 
 455 1362623537     868278 0 8 40.0 150.0 
 455 1362623537     878285 0 8 40.0 150.0 
 456 1362623537     888301 0 8 40.0 150.0 
 456 1362623537     898308 0 8 40.0 150.0 
 456 1362623537     908250 0 8 40.0 150.0 
 456 1362623537     918317 0 8 40.0 150.0 
 456 1362623537     928325 0 8 40.0 150.0 
 455 1362623537     938323 0 8 40.0 150.0 
 456 1362623537     948339 0 8 40.0 150.0 
 455 1362623537     958293 0 8 40.0 150.0 
 456 1362623537     968301 0 8 40.0 150.0 
 455 1362623537     978310 0 8 40.0 150.0 
 456 1362623537     988315 0 8 40.0 150.0 
 456 1362623537     998344 0 8 40.0 150.0 
 456 1362623538       8358 0 8 40.0 150.0 
 456 1362623538      18343 0 8 40.0 150.0 
 456 1362623538      28374 0 8 40.0 150.0 
 457 1362623538      38376 0 8 40.0 150.0 
 456 1362623538      48393 0 8 40.0 150.0 
 457 1362623538      58404 0 8 40.0 150.0 
 455 1362623538      68425 0 8 40.0 150.0 
 456 1362623538      78373 0 8 40.0 150.0 
 456 1362623538      88371 0 8 40.0 150.0 
 456 1362623538      98401 0 8 40.0 150.0 
 456 1362623538     108407 0 8 40.0 150.0 
 457 1362623538     118422 0 8 40.0 150.0 
 456 1362623538     128427 0 8 40.0 150.0 
 456 1362623538     138432 0 8 40.0 150.0 
 457 1362623538     148447 0 8 40.0 150.0 
 456 1362623538     158463 0 8 40.0 150.0 
 456 1362623538     168427 0 8 40.0 150.0 
 456 1362623538     178429 0 8 40.0 150.0 
 457 1362623538     188448 0 8 40.0 150.0 
 455 1362623538     198473 0 8 40.0 150.0 
 457 1362623538     208493 0 8 40.0 150.0 
 456 1362623538     218458 0 8 40.0 150.0 
 455 1362623538     228490 0 8 40.0 150.0 
 456 1362623538     238507 0 8 40.0 150.0 
 456 1362623538     248518 0 8 40.0 150.0 
 456 1362623538     258536 0 8 40.0 150.0 
 456 1362623538     268542 0 8 40.0 150.0 
 456 1362623538     278554 0 8 40.0 150.0 
 456 1362623538     288572 0 8 40.0 150.0 
 457 1362623538     298531 0 8 40.0 150.0 
 456 1362623538     308532 0 8 40.0 150.0 
 456 1362623538     318550 0 8 40.0 150.0 
 456 1362623538     328576 0 8 40.0 150.0 
 456 1362623538     338593 0 8 40.0 150.0 
 456 1362623538     348611 0 8 40.0 150.0 
 456 1362623538     358575 0 8 40.0 150.0 
 456 1362623538     368592 0 8 40.0 150.0 
 455 1362623538     378615 0 8 40.0 150.0 
 457 1362623538     388626 0 8 40.0 150.0 
 455 1362623538     398645 0 8 40.0 150.0 
 457 1362623538     408648 0 8 40.0 150.0 
 457 1362623538     418632 0 8 40.0 150.0 
 456 1362623538     428600 0 8 40.0 150.0 
 456 1362623538     438621 0 8 40.0 150.0 
 456 1362623538     448637 0 8 40.0 150.0 
 456 1362623538     458654 0 8 40.0 150.0 
 455 1362623538     468671 0 8 40.0 150.0 
 456 1362623538     478686 0 8 40.0 150.0 
 455 1362623538     488684 0 8 40.0 150.0 
 456 1362623538     498646 0 8 40.0 150.0 
 456 1362623538     508664 0 8 40.0 150.0 
 456 1362623538     518685 0 8 40.0 150.0 
 456 1362623538     528692 0 8 40.0 150.0 
 456 1362623538     538700 0 8 40.0 150.0 
 456 1362623538     548691 0 8 40.0 150.0 
 456 1362623538     558694 0 8 40.0 150.0 
 457 1362623538     568723 0 8 40.0 150.0 
 456 1362623538     578746 0 8 40.0 150.0 
 456 1362623538     588747 0 8 40.0 150.0 
 456 1362623538     598764 0 8 40.0 150.0 
 456 1362623538     608772 0 8 40.0 150.0 
 455 1362623538     618721 0 8 40.0 150.0 
 456 1362623538     628790 0 8 40.0 150.0 
 456 1362623538     638733 0 8 40.0 150.0 
 456 1362623538     648810 0 8 40.0 150.0 
 456 1362623538     658747 0 8 40.0 150.0 
 456 1362623538     668761 0 8 40.0 150.0 
 456 1362623538     678770 0 8 40.0 150.0 
 456 1362623538     688780 0 8 40.0 150.0 
 457 1362623538     698811 0 8 40.0 150.0 
 456 1362623538     708823 0 8 40.0 150.0 
 457 1362623538     718847 0 8 40.0 150.0 
 455 1362623538     728846 0 8 40.0 150.0 
 456 1362623538     738845 0 8 40.0 150.0 
 456 1362623538     748867 0 8 40.0 150.0 
 456 1362623538     758824 0 8 40.0 150.0 
 455 1362623538     768836 0 8 40.0 150.0 
 456 1362623538     778856 0 8 40.0 150.0 
 455 1362623538     788869 0 8 40.0 150.0 
 456 1362623538     798891 0 8 40.0 150.0 
 456 1362623538     808848 0 8 40.0 150.0 
 456 1362623538     818865 0 8 40.0 150.0 
 456 1362623538     828872 0 8 40.0 150.0 
 457 1362623538     838888 0 8 40.0 150.0 
 457 1362623538     848913 0 8 40.0 150.0 
 455 1362623538     858915 0 8 40.0 150.0 
 455 1362623538     868917 0 8 40.0 150.0 
 455 1362623538     878948 0 8 40.0 150.0 
 456 1362623538     888959 0 8 40.0 150.0 
 456 1362623538     898961 0 8 40.0 150.0 
 455 1362623538     908928 0 8 40.0 150.0 
 456 1362623538     918923 0 8 40.0 150.0 
 456 1362623538     928952 0 8 40.0 150.0 
 456 1362623538     938974 0 8 40.0 150.0 
 455 1362623538     948996 0 8 40.0 150.0 
 456 1362623538     958954 0 8 40.0 150.0 
 456 1362623538     968978 0 8 40.0 150.0 
 456 1362623538     978998 0 8 40.0 150.0 
 456 1362623538     988969 0 8 40.0 150.0 
 456 1362623538     999001 0 8 40.0 150.0 
 456 1362623539       9028 0 8 40.0 150.0 
 456 1362623539      18985 0 8 40.0 150.0 
 456 1362623539      28992 0 8 40.0 150.0 
 456 1362623539      38989 0 8 40.0 150.0 
 456 1362623539      49049 0 8 40.0 150.0 
 455 1362623539      59023 0 8 40.0 150.0 
 457 1362623539      69041 0 8 40.0 150.0 
 457 1362623539      79068 0 8 40.0 150.0 
 456 1362623539      89066 0 8 40.0 150.0 
 456 1362623539      99072 0 8 40.0 150.0 
 457 1362623539     109045 0 8 40.0 150.0 
 456 1362623539     119061 0 8 40.0 150.0 
 456 1362623539     129107 0 8 40.0 150.0 
 456 1362623539     139084 0 8 40.0 150.0 
 456 1362623539     149068 0 8 40.0 150.0 
 457 1362623539     159120 0 8 40.0 150.0 
 456 1362623539     169104 0 8 40.0 150.0 
 456 1362623539     179131 0 8 40.0 150.0 
 456 1362623539     189100 0 8 40.0 150.0 
 456 1362623539     199134 0 8 40.0 150.0 
 455 1362623539     209139 0 8 40.0 150.0 
 456 1362623539     219136 0 8 40.0 150.0 
 456 1362623539     229140 0 8 40.0 150.0 
 456 1362623539     239153 0 8 40.0 150.0 
 457 1362623539     249147 0 8 40.0 150.0 
 456 1362623539     259145 0 8 40.0 150.0 
 457 1362623539     269152 0 8 40.0 150.0 
 456 1362623539     279199 0 8 40.0 150.0 
 456 1362623539     289211 0 8 40.0 150.0 
 455 1362623539     299166 0 8 40.0 150.0 
 456 1362623539     309184 0 8 40.0 150.0 
 455 1362623539     319185 0 8 40.0 150.0 
 455 1362623539     329198 0 8 40.0 150.0 
 456 1362623539     339196 0 8 40.0 150.0 
 457 1362623539     349207 0 8 40.0 150.0 
 456 1362623539     359236 0 8 40.0 150.0 
 456 1362623539     369234 0 8 40.0 150.0 
 456 1362623539     379231 0 8 40.0 150.0 
 456 1362623539     389254 0 8 40.0 150.0 
 456 1362623539     399243 0 8 40.0 150.0 
 456 1362623539     409256 0 8 40.0 150.0 
 456 1362623539     419274 0 8 40.0 150.0 
 456 1362623539     429258 0 8 40.0 150.0 
 456 1362623539     439289 0 8 40.0 150.0 
 456 1362623539     449296 0 8 40.0 150.0 
 457 1362623539     459269 0 8 40.0 150.0 
 456 1362623539     469291 0 8 40.0 150.0 
 455 1362623539     479290 0 8 40.0 150.0 
 456 1362623539     489341 0 8 40.0 150.0 
 455 1362623539     499306 0 8 40.0 150.0 
 457 1362623539     509312 0 8 40.0 150.0 
 456 1362623539     519360 0 8 40.0 150.0 
 457 1362623539     529352 0 8 40.0 150.0 
 457 1362623539     539368 0 8 40.0 150.0 
 456 1362623539     549375 0 8 40.0 150.0 
 456 1362623539     559347 0 8 40.0 150.0 
 456 1362623539     569380 0 8 40.0 150.0 
 456 1362623539     579401 0 8 40.0 150.0 
 455 1362623539     589387 0 8 40.0 150.0 
 456 1362623539     599405 0 8 40.0 150.0 
 456 1362623539     609386 0 8 40.0 150.0 
 457 1362623539     619410 0 8 40.0 150.0 
 456 1362623539     629399 0 8 40.0 150.0 
 456 1362623539     639420 0 8 40.0 150.0 
 457 1362623539     649432 0 8 40.0 150.0 
 456 1362623539     659432 0 8 40.0 150.0 
 456 1362623539     669443 0 8 40.0 150.0 
 456 1362623539     679454 0 8 40.0 150.0 
 456 1362623539     689456 0 8 40.0 150.0 
 455 1362623539     699476 0 8 40.0 150.0 
 456 1362623539     709447 0 8 40.0 150.0 
 456 1362623539     719448 0 8 40.0 150.0 
 456 1362623539     729469 0 8 40.0 150.0 
 456 1362623539     739478 0 8 40.0 150.0 
 456 1362623539     749484 0 8 40.0 150.0 
 457 1362623539     759514 0 8 40.0 150.0 
 456 1362623539     769466 0 8 40.0 150.0 
 457 1362623539     779491 0 8 40.0 150.0 
 456 1362623539     789479 0 8 40.0 150.0 
 456 1362623539     799506 0 8 40.0 150.0 
 456 1362623539     809535 0 8 40.0 150.0 
 456 1362623539     819536 0 8 40.0 150.0 
 456 1362623539     829568 0 8 40.0 150.0 
 456 1362623539     839535 0 8 40.0 150.0 
 456 1362623539     849554 0 8 40.0 150.0 
 456 1362623539     859581 0 8 40.0 150.0 
 456 1362623539     869535 0 8 40.0 150.0 
 456 1362623539     879550 0 8 40.0 150.0 
 456 1362623539     889551 0 8 40.0 150.0 
 456 1362623539     899615 0 8 40.0 150.0 
 457 1362623539     909564 0 8 40.0 150.0 
 456 1362623539     919625 0 8 40.0 150.0 
 457 1362623539     929608 0 8 40.0 150.0 
 456 1362623539     939619 0 8 40.0 150.0 
 457 1362623539     949645 0 8 40.0 150.0 
 455 1362623539     959598 0 8 40.0 150.0 
 456 1362623539     969660 0 8 40.0 150.0 
 455 1362623539     979656 0 8 40.0 150.0 
 456 1362623539     989620 0 8 40.0 150.0 
 456 1362623539     999635 0 8 40.0 150.0 
 456 1362623540       9640 0 8 40.0 150.0 
 456 1362623540      19658 0 8 40.0 150.0 
 456 1362623540      29685 0 8 40.0 150.0 
 457 1362623540      39662 0 8 40.0 150.0 
 456 1362623540      49701 0 8 40.0 150.0 
 456 1362623540      59709 0 8 40.0 150.0 
 456 1362623540      69678 0 8 40.0 150.0 
 456 1362623540      79704 0 8 40.0 150.0 
 456 1362623540      89731 0 8 40.0 150.0 
 456 1362623540      99691 0 8 40.0 150.0 
 456 1362623540     109706 0 8 40.0 150.0 
 456 1362623540     119751 0 8 40.0 150.0 
 457 1362623540     129730 0 8 40.0 150.0 
 456 1362623540     139743 0 8 40.0 150.0 
 456 1362623540     149745 0 8 40.0 150.0 
 456 1362623540     159776 0 8 40.0 150.0 
 456 1362623540     169762 0 8 40.0 150.0 
 455 1362623540     179784 0 8 40.0 150.0 
 456 1362623540     189796 0 8 40.0 150.0 
 456 1362623540     199801 0 8 40.0 150.0 
 456 1362623540     209764 0 8 40.0 150.0 
 456 1362623540     219769 0 8 40.0 150.0 
 457 1362623540     229805 0 8 40.0 150.0 
 456 1362623540     239798 0 8 40.0 150.0 
 455 1362623540     249845 0 8 40.0 150.0 
 456 1362623540     259845 0 8 40.0 150.0 
 455 1362623540     269806 0 8 40.0 150.0 
 457 1362623540     279861 0 8 40.0 150.0 
 455 1362623540     289868 0 8 40.0 150.0 
 457 1362623540     299842 0 8 40.0 150.0 
 456 1362623540     309881 0 8 40.0 150.0 
 456 1362623540     319897 0 8 40.0 150.0 
 456 1362623540     329845 0 8 40.0 150.0 
 456 1362623540     339866 0 8 40.0 150.0 
 456 1362623540     349890 0 8 40.0 150.0 
 456 1362623540     359918 0 8 40.0 150.0 
 456 1362623540     369922 0 8 40.0 150.0 
 455 1362623540     379889 0 8 40.0 150.0 
 457 1362623540     389892 0 8 40.0 150.0 
 455 1362623540     399890 0 8 40.0 150.0 
 456 1362623540     409951 0 8 40.0 150.0 
 456 1362623540     419921 0 8 40.0 150.0 
 457 1362623540     429929 0 8 40.0 150.0 
 456 1362623540     439921 0 8 40.0 150.0 
 457 1362623540     449948 0 8 40.0 150.0 
 456 1362623540     459975 0 8 40.0 150.0 
 456 1362623540     469953 0 8 40.0 150.0 
 456 1362623540     479955 0 8 40.0 150.0 
 456 1362623540     489988 0 8 40.0 150.0 
 456 1362623540     499970 0 8 40.0 150.0 
 456 1362623540     509980 0 8 40.0 150.0 
 456 1362623540     519995 0 8 40.0 150.0 
 456 1362623540     530030 0 8 40.0 150.0 
 457 1362623540     539981 0 8 40.0 150.0 
 456 1362623540     550042 0 8 40.0 150.0 
 456 1362623540     559992 0 8 40.0 150.0 
 456 1362623540     570048 0 8 40.0 150.0 
 455 1362623540     580042 0 8 40.0 150.0 
 457 1362623540     590057 0 8 40.0 150.0 
 456 1362623540     600023 0 8 40.0 150.0 
 457 1362623540     610064 0 8 40.0 150.0 
 456 1362623540     620045 0 8 40.0 150.0 
 456 1362623540     630071 0 8 40.0 150.0 
 456 1362623540     640081 0 8 40.0 150.0 
 456 1362623540     650092 0 8 40.0 150.0 
 456 1362623540     660116 0 8 40.0 150.0 
 456 1362623540     670121 0 8 40.0 150.0 
 457 1362623540     680123 0 8 40.0 150.0 
 456 1362623540     690132 0 8 40.0 150.0 
 457 1362623540     700116 0 8 40.0 150.0 
 455 1362623540     710088 0 8 40.0 150.0 
 456 1362623540     720131 0 8 40.0 150.0 
 455 1362623540     730114 0 8 40.0 150.0 
 456 1362623540     740137 0 8 40.0 150.0 
 455 1362623540     750120 0 8 40.0 150.0 
 456 1362623540     760175 0 8 40.0 150.0 
 456 1362623540     770153 0 8 40.0 150.0 
 456 1362623540     780172 0 8 40.0 150.0 
 456 1362623540     790143 0 8 40.0 150.0 
 456 1362623540     800211 0 8 40.0 150.0 
 456 1362623540     810214 0 8 40.0 150.0 
 455 1362623540     820207 0 8 40.0 150.0 
 456 1362623540     830199 0 8 40.0 150.0 
 455 1362623540     840189 0 8 40.0 150.0 
 456 1362623540     850222 0 8 40.0 150.0 
 455 1362623540     860234 0 8 40.0 150.0 
 455 1362623540     870233 0 8 40.0 150.0 
 456 1362623540     880225 0 8 40.0 150.0 
 456 1362623540     890241 0 8 40.0 150.0 
 456 1362623540     900217 0 8 40.0 150.0 
 455 1362623540     910283 0 8 40.0 150.0 
 456 1362623540     920277 0 8 40.0 150.0 
 456 1362623540     930234 0 8 40.0 150.0 
 456 1362623540     940243 0 8 40.0 150.0 
 457 1362623540     950306 0 8 40.0 150.0 
 456 1362623540     960287 0 8 40.0 150.0 
 456 1362623540     970267 0 8 40.0 150.0 
 456 1362623540     980281 0 8 40.0 150.0 
 456 1362623540     990315 0 8 40.0 150.0 
 456 1362623541        301 0 8 40.0 150.0 
 456 1362623541      10314 0 8 40.0 150.0 
 456 1362623541      20355 0 8 40.0 150.0 
 456 1362623541      30316 0 8 40.0 150.0 
 455 1362623541      40320 0 8 40.0 150.0 
 457 1362623541      50319 0 8 40.0 150.0 
 456 1362623541      60381 0 8 40.0 150.0 
 457 1362623541      70348 0 8 40.0 150.0 
 456 1362623541      80345 0 8 40.0 150.0 
 456 1362623541      90360 0 8 40.0 150.0 
 456 1362623541     100390 0 8 40.0 150.0 
 455 1362623541     110374 0 8 40.0 150.0 
 456 1362623541     120398 0 8 40.0 150.0 
 455 1362623541     130382 0 8 40.0 150.0 
 456 1362623541     140430 0 8 40.0 150.0 
 456 1362623541     150397 0 8 40.0 150.0 
 456 1362623541     160443 0 8 40.0 150.0 
 456 1362623541     170407 0 8 40.0 150.0 
 456 1362623541     180449 0 8 40.0 150.0 
 456 1362623541     190420 0 8 40.0 150.0 
 455 1362623541     200420 0 8 40.0 150.0 
 456 1362623541     210472 0 8 40.0 150.0 
 456 1362623541     220448 0 8 40.0 150.0 
 456 1362623541     230471 0 8 40.0 150.0 
 455 1362623541     240492 0 8 40.0 150.0 
 456 1362623541     250482 0 8 40.0 150.0 
 455 1362623541     260500 0 8 40.0 150.0 
 456 1362623541     270495 0 8 40.0 150.0 
 456 1362623541     280512 0 8 40.0 150.0 
 455 1362623541     290501 0 8 40.0 150.0 
 456 1362623541     300479 0 8 40.0 150.0 
 456 1362623541     310521 0 8 40.0 150.0 
 456 1362623541     320523 0 8 40.0 150.0 
 457 1362623541     330546 0 8 40.0 150.0 
 457 1362623541     340553 0 8 40.0 150.0 
 456 1362623541     350559 0 8 40.0 150.0 
 456 1362623541     360557 0 8 40.0 150.0 
 456 1362623541     370555 0 8 40.0 150.0 
 456 1362623541     380561 0 8 40.0 150.0 
 455 1362623541     390558 0 8 40.0 150.0 
 456 1362623541     400586 0 8 40.0 150.0 
 455 1362623541     410587 0 8 40.0 150.0 
 456 1362623541     420562 0 8 40.0 150.0 
 456 1362623541     430618 0 8 40.0 150.0 
 456 1362623541     440610 0 8 40.0 150.0 
 456 1362623541     450583 0 8 40.0 150.0 
 456 1362623541     460633 0 8 40.0 150.0 
 456 1362623541     470615 0 8 40.0 150.0 
 456 1362623541     480632 0 8 40.0 150.0 
 456 1362623541     490627 0 8 40.0 150.0 
 456 1362623541     500675 0 8 40.0 150.0 
 456 1362623541     510657 0 8 40.0 150.0 
 456 1362623541     520643 0 8 40.0 150.0 
 457 1362623541     530663 0 8 40.0 150.0 
 456 1362623541     540667 0 8 40.0 150.0 
 456 1362623541     550653 0 8 40.0 150.0 
 457 1362623541     560709 0 8 40.0 150.0 
 456 1362623541     570668 0 8 40.0 150.0 
 456 1362623541     580719 0 8 40.0 150.0 
 456 1362623541     590715 0 8 40.0 150.0 
 456 1362623541     600687 0 8 40.0 150.0 
 456 1362623541     610708 0 8 40.0 150.0 
 456 1362623541     620750 0 8 40.0 150.0 
 456 1362623541     630743 0 8 40.0 150.0 
 456 1362623541     640708 0 8 40.0 150.0 
 455 1362623541     650713 0 8 40.0 150.0 
 456 1362623541     660718 0 8 40.0 150.0 
 455 1362623541     670769 0 8 40.0 150.0 
 456 1362623541     680779 0 8 40.0 150.0 
 457 1362623541     690757 0 8 40.0 150.0 
 455 1362623541     700754 0 8 40.0 150.0 
 456 1362623541     710782 0 8 40.0 150.0 
 456 1362623541     720761 0 8 40.0 150.0 
 456 1362623541     730782 0 8 40.0 150.0 
 456 1362623541     740778 0 8 40.0 150.0 
 456 1362623541     750792 0 8 40.0 150.0 
 455 1362623541     760802 0 8 40.0 150.0 
 455 1362623541     770808 0 8 40.0 150.0 
 456 1362623541     780798 0 8 40.0 150.0 
 456 1362623541     790853 0 8 40.0 150.0 
 456 1362623541     800839 0 8 40.0 150.0 
 456 1362623541     810839 0 8 40.0 150.0 
 457 1362623541     820876 0 8 40.0 150.0 
 456 1362623541     830830 0 8 40.0 150.0 
 456 1362623541     840865 0 8 40.0 150.0 
 456 1362623541     850846 0 8 40.0 150.0 
 455 1362623541     860890 0 8 40.0 150.0 
 456 1362623541     870855 0 8 40.0 150.0 
 455 1362623541     880911 0 8 40.0 150.0 
 456 1362623541     890876 0 8 40.0 150.0 
 456 1362623541     900902 0 8 40.0 150.0 
 456 1362623541     910919 0 8 40.0 150.0 
 456 1362623541     920902 0 8 40.0 150.0 
 457 1362623541     930950 0 8 40.0 150.0 
 456 1362623541     940936 0 8 40.0 150.0 
 456 1362623541     950967 0 8 40.0 150.0 
 455 1362623541     960925 0 8 40.0 150.0 
 457 1362623541     970980 0 8 40.0 150.0 
 456 1362623541     980942 0 8 40.0 150.0 
 456 1362623541     990995 0 8 40.0 150.0 
 457 1362623542        994 0 8 40.0 150.0 
 455 1362623542      10966 0 8 40.0 150.0 
 457 1362623542      21017 0 8 40.0 150.0 
 456 1362623542      31012 0 8 40.0 150.0 
 457 1362623542      40971 0 8 40.0 150.0 
 456 1362623542      50997 0 8 40.0 150.0 
 457 1362623542      61025 0 8 40.0 150.0 
 456 1362623542      71040 0 8 40.0 150.0 
 456 1362623542      81018 0 8 40.0 150.0 
 457 1362623542      91045 0 8 40.0 150.0 
 456 1362623542     101042 0 8 40.0 150.0 
 456 1362623542     111052 0 8 40.0 150.0 
 455 1362623542     121035 0 8 40.0 150.0 
 456 1362623542     131074 0 8 40.0 150.0 
 455 1362623542     141061 0 8 40.0 150.0 
 456 1362623542     151049 0 8 40.0 150.0 
 455 1362623542     161050 0 8 40.0 150.0 
 457 1362623542     171073 0 8 40.0 150.0 
 456 1362623542     181098 0 8 40.0 150.0 
 456 1362623542     191087 0 8 40.0 150.0 
 456 1362623542     201078 0 8 40.0 150.0 
 456 1362623542     211132 0 8 40.0 150.0 
 456 1362623542     221147 0 8 40.0 150.0 
 456 1362623542     231114 0 8 40.0 150.0 
 456 1362623542     241112 0 8 40.0 150.0 
 456 1362623542     251166 0 8 40.0 150.0 
 457 1362623542     261121 0 8 40.0 150.0 
 457 1362623542     271141 0 8 40.0 150.0 
 456 1362623542     281141 0 8 40.0 150.0 
 456 1362623542     291170 0 8 40.0 150.0 
 455 1362623542     301160 0 8 40.0 150.0 
 456 1362623542     311153 0 8 40.0 150.0 
 456 1362623542     321214 0 8 40.0 150.0 
 456 1362623542     331213 0 8 40.0 150.0 
 456 1362623542     341203 0 8 40.0 150.0 
 456 1362623542     351188 0 8 40.0 150.0 
 456 1362623542     361235 0 8 40.0 150.0 
 456 1362623542     371206 0 8 40.0 150.0 
 456 1362623542     381226 0 8 40.0 150.0 
 456 1362623542     391235 0 8 40.0 150.0 
 456 1362623542     401256 0 8 40.0 150.0 
 456 1362623542     411226 0 8 40.0 150.0 
 456 1362623542     421279 0 8 40.0 150.0 
 456 1362623542     431257 0 8 40.0 150.0 
 456 1362623542     441285 0 8 40.0 150.0 
 456 1362623542     451284 0 8 40.0 150.0 
 457 1362623542     461266 0 8 40.0 150.0 
 456 1362623542     471269 0 8 40.0 150.0 
 457 1362623542     481281 0 8 40.0 150.0 
 457 1362623542     491281 0 8 40.0 150.0 
 456 1362623542     501318 0 8 40.0 150.0 
 456 1362623542     511310 0 8 40.0 150.0 
 456 1362623542     521327 0 8 40.0 150.0 
 456 1362623542     531336 0 8 40.0 150.0 
 456 1362623542     541308 0 8 40.0 150.0 
 456 1362623542     551310 0 8 40.0 150.0 
 456 1362623542     561354 0 8 40.0 150.0 
 457 1362623542     571320 0 8 40.0 150.0 
 456 1362623542     581342 0 8 40.0 150.0 
 456 1362623542     591369 0 8 40.0 150.0 
 456 1362623542     601338 0 8 40.0 150.0 
 456 1362623542     611348 0 8 40.0 150.0 
 456 1362623542     621408 0 8 40.0 150.0 
 456 1362623542     631406 0 8 40.0 150.0 
 457 1362623542     641384 0 8 40.0 150.0 
 457 1362623542     651390 0 8 40.0 150.0 
 456 1362623542     661417 0 8 40.0 150.0 
 456 1362623542     671391 0 8 40.0 150.0 
 456 1362623542     681401 0 8 40.0 150.0 
 456 1362623542     691405 0 8 40.0 150.0 
 456 1362623542     701404 0 8 40.0 150.0 
 456 1362623542     711436 0 8 40.0 150.0 
 457 1362623542     721470 0 8 40.0 150.0 
 456 1362623542     731432 0 8 40.0 150.0 
 457 1362623542     741457 0 8 40.0 150.0 
 456 1362623542     751485 0 8 40.0 150.0 
 457 1362623542     761464 0 8 40.0 150.0 
 456 1362623542     771488 0 8 40.0 150.0 
 456 1362623542     781481 0 8 40.0 150.0 
 456 1362623542     791485 0 8 40.0 150.0 
 455 1362623542     801522 0 8 40.0 150.0 
 456 1362623542     811541 0 8 40.0 150.0 
 456 1362623542     821522 0 8 40.0 150.0 
 457 1362623542     831551 0 8 40.0 150.0 
 456 1362623542     841557 0 8 40.0 150.0 
 457 1362623542     851542 0 8 40.0 150.0 
 456 1362623542     861542 0 8 40.0 150.0 
 457 1362623542     871541 0 8 40.0 150.0 
 456 1362623542     881521 0 8 40.0 150.0 
 456 1362623542     891566 0 8 40.0 150.0 
 455 1362623542     901535 0 8 40.0 150.0 
 456 1362623542     911595 0 8 40.0 150.0 
 456 1362623542     921554 0 8 40.0 150.0 
 456 1362623542     931601 0 8 40.0 150.0 
 457 1362623542     941599 0 8 40.0 150.0 
 456 1362623542     951595 0 8 40.0 150.0 
 456 1362623542     961601 0 8 40.0 150.0 
 456 1362623542     971639 0 8 40.0 150.0 
 456 1362623542     981610 0 8 40.0 150.0 
 456 1362623542     991601 0 8 40.0 150.0 
 456 1362623543       1655 0 8 40.0 150.0 
 456 1362623543      11670 0 8 40.0 150.0 
 455 1362623543      21641 0 8 40.0 150.0 
 456 1362623543      31673 0 8 40.0 150.0 
 456 1362623543      41631 0 8 40.0 150.0 
 457 1362623543      51646 0 8 40.0 150.0 
 455 1362623543      61651 0 8 40.0 150.0 
 456 1362623543      71647 0 8 40.0 150.0 
 456 1362623543      81706 0 8 40.0 150.0 
 456 1362623543      91720 0 8 40.0 150.0 
 456 1362623543     101704 0 8 40.0 150.0 
 457 1362623543     111737 0 8 40.0 150.0 
 456 1362623543     121695 0 8 40.0 150.0 
 456 1362623543     131734 0 8 40.0 150.0 
 457 1362623543     141746 0 8 40.0 150.0 
 456 1362623543     151737 0 8 40.0 150.0 
 457 1362623543     161735 0 8 40.0 150.0 
 456 1362623543     171756 0 8 40.0 150.0 
 456 1362623543     181721 0 8 40.0 150.0 
 456 1362623543     191767 0 8 40.0 150.0 
 456 1362623543     201754 0 8 40.0 150.0 
 457 1362623543     211783 0 8 40.0 150.0 
 457 1362623543     221777 0 8 40.0 150.0 
 457 1362623543     231761 0 8 40.0 150.0 
 457 1362623543     241802 0 8 40.0 150.0 
 456 1362623543     251824 0 8 40.0 150.0 
 456 1362623543     261778 0 8 40.0 150.0 
 457 1362623543     271792 0 8 40.0 150.0 
 455 1362623543     281802 0 8 40.0 150.0 
 456 1362623543     291818 0 8 40.0 150.0 
 455 1362623543     301847 0 8 40.0 150.0 
 456 1362623543     311828 0 8 40.0 150.0 
 457 1362623543     321876 0 8 40.0 150.0 
 456 1362623543     331877 0 8 40.0 150.0 
 457 1362623543     341840 0 8 40.0 150.0 
 456 1362623543     351888 0 8 40.0 150.0 
 457 1362623543     361897 0 8 40.0 150.0 
 455 1362623543     371885 0 8 40.0 150.0 
 456 1362623543     381884 0 8 40.0 150.0 
 456 1362623543     391922 0 8 40.0 150.0 
 456 1362623543     401866 0 8 40.0 150.0 
 456 1362623543     411916 0 8 40.0 150.0 
 456 1362623543     421890 0 8 40.0 150.0 
 456 1362623543     431893 0 8 40.0 150.0 
 456 1362623543     441952 0 8 40.0 150.0 
 456 1362623543     451915 0 8 40.0 150.0 
 456 1362623543     461969 0 8 40.0 150.0 
 456 1362623543     471949 0 8 40.0 150.0 
 457 1362623543     481965 0 8 40.0 150.0 
 456 1362623543     491973 0 8 40.0 150.0 
 455 1362623543     501959 0 8 40.0 150.0 
 456 1362623543     511957 0 8 40.0 150.0 
 456 1362623543     522006 0 8 40.0 150.0 
 456 1362623543     532000 0 8 40.0 150.0 
 457 1362623543     542014 0 8 40.0 150.0 
 456 1362623543     552019 0 8 40.0 150.0 
 455 1362623543     561970 0 8 40.0 150.0 
 457 1362623543     572036 0 8 40.0 150.0 
 456 1362623543     582035 0 8 40.0 150.0 
 456 1362623543     591998 0 8 40.0 150.0 
 456 1362623543     602013 0 8 40.0 150.0 
 456 1362623543     612017 0 8 40.0 150.0 
 457 1362623543     622021 0 8 40.0 150.0 
 456 1362623543     632078 0 8 40.0 150.0 
 457 1362623543     642083 0 8 40.0 150.0 
 456 1362623543     652094 0 8 40.0 150.0 
 456 1362623543     662074 0 8 40.0 150.0 
 456 1362623543     672053 0 8 40.0 150.0 
 457 1362623543     682097 0 8 40.0 150.0 
 456 1362623543     692098 0 8 40.0 150.0 
 456 1362623543     702118 0 8 40.0 150.0 
 456 1362623543     712078 0 8 40.0 150.0 
 457 1362623543     722137 0 8 40.0 150.0 
 457 1362623543     732088 0 8 40.0 150.0 
 456 1362623543     742141 0 8 40.0 150.0 
 457 1362623543     752119 0 8 40.0 150.0 
 455 1362623543     762122 0 8 40.0 150.0 
 457 1362623543     772132 0 8 40.0 150.0 
 456 1362623543     782180 0 8 40.0 150.0 
 456 1362623543     792180 0 8 40.0 150.0 
 456 1362623543     802157 0 8 40.0 150.0 
 456 1362623543     812162 0 8 40.0 150.0 
 456 1362623543     822185 0 8 40.0 150.0 
 455 1362623543     832167 0 8 40.0 150.0 
 456 1362623543     842186 0 8 40.0 150.0 
 455 1362623543     852198 0 8 40.0 150.0 
 457 1362623543     862185 0 8 40.0 150.0 
 456 1362623543     872211 0 8 40.0 150.0 
 456 1362623543     882205 0 8 40.0 150.0 
 457 1362623543     892195 0 8 40.0 150.0 
 456 1362623543     902201 0 8 40.0 150.0 
 456 1362623543     912231 0 8 40.0 150.0 
 456 1362623543     922252 0 8 40.0 150.0 
 456 1362623543     932267 0 8 40.0 150.0 
 456 1362623543     942268 0 8 40.0 150.0 
 456 1362623543     952253 0 8 40.0 150.0 
 456 1362623543     962281 0 8 40.0 150.0 
 456 1362623543     972288 0 8 40.0 150.0 
 456 1362623543     982304 0 8 40.0 150.0 
 457 1362623543     992316 0 8 40.0 150.0 
 456 1362623544       2328 0 8 40.0 150.0 
 456 1362623544      12322 0 8 40.0 150.0 
 456 1362623544      22335 0 8 40.0 150.0 
 457 1362623544      32303 0 8 40.0 150.0 
 456 1362623544      42299 0 8 40.0 150.0 
 456 1362623544      52313 0 8 40.0 150.0 
 456 1362623544      62331 0 8 40.0 150.0 
 456 1362623544      72359 0 8 40.0 150.0 
 456 1362623544      82375 0 8 40.0 150.0 
 456 1362623544      92359 0 8 40.0 150.0 
 457 1362623544     102378 0 8 40.0 150.0 
 456 1362623544     112369 0 8 40.0 150.0 
 456 1362623544     122403 0 8 40.0 150.0 
 456 1362623544     132406 0 8 40.0 150.0 
 455 1362623544     142412 0 8 40.0 150.0 
 456 1362623544     152365 0 8 40.0 150.0 
 456 1362623544     162384 0 8 40.0 150.0 
 456 1362623544     172378 0 8 40.0 150.0 
 455 1362623544     182431 0 8 40.0 150.0 
 457 1362623544     192396 0 8 40.0 150.0 
 456 1362623544     202453 0 8 40.0 150.0 
 456 1362623544     212412 0 8 40.0 150.0 
 456 1362623544     222439 0 8 40.0 150.0 
 457 1362623544     232467 0 8 40.0 150.0 
 455 1362623544     242463 0 8 40.0 150.0 
 456 1362623544     252433 0 8 40.0 150.0 
 456 1362623544     262467 0 8 40.0 150.0 
 456 1362623544     272494 0 8 40.0 150.0 
 456 1362623544     282480 0 8 40.0 150.0 
 456 1362623544     292485 0 8 40.0 150.0 
 457 1362623544     302487 0 8 40.0 150.0 
 456 1362623544     312480 0 8 40.0 150.0 
 456 1362623544     322486 0 8 40.0 150.0 
 456 1362623544     332535 0 8 40.0 150.0 
 456 1362623544     342500 0 8 40.0 150.0 
 456 1362623544     352522 0 8 40.0 150.0 
 457 1362623544     362549 0 8 40.0 150.0 
 456 1362623544     372539 0 8 40.0 150.0 
 457 1362623544     382548 0 8 40.0 150.0 
 456 1362623544     392574 0 8 40.0 150.0 
 457 1362623544     402569 0 8 40.0 150.0 
 456 1362623544     412534 0 8 40.0 150.0 
 456 1362623544     422557 0 8 40.0 150.0 
 456 1362623544     432546 0 8 40.0 150.0 
 456 1362623544     442596 0 8 40.0 150.0 
 456 1362623544     452613 0 8 40.0 150.0 
 456 1362623544     462610 0 8 40.0 150.0 
 457 1362623544     472610 0 8 40.0 150.0 
 457 1362623544     482630 0 8 40.0 150.0 
 456 1362623544     492641 0 8 40.0 150.0 
 456 1362623544     502650 0 8 40.0 150.0 
 456 1362623544     512641 0 8 40.0 150.0 
 455 1362623544     522655 0 8 40.0 150.0 
 455 1362623544     532668 0 8 40.0 150.0 
 456 1362623544     542627 0 8 40.0 150.0 
 456 1362623544     552686 0 8 40.0 150.0 
 456 1362623544     562633 0 8 40.0 150.0 
 456 1362623544     572656 0 8 40.0 150.0 
 456 1362623544     582649 0 8 40.0 150.0 
 455 1362623544     592678 0 8 40.0 150.0 
 456 1362623544     602706 0 8 40.0 150.0 
 456 1362623544     612667 0 8 40.0 150.0 
 457 1362623544     622728 0 8 40.0 150.0 
 455 1362623544     632713 0 8 40.0 150.0 
 456 1362623544     642727 0 8 40.0 150.0 
 457 1362623544     652755 0 8 40.0 150.0 
 456 1362623544     662734 0 8 40.0 150.0 
 456 1362623544     672752 0 8 40.0 150.0 
 457 1362623544     682743 0 8 40.0 150.0 
 456 1362623544     692776 0 8 40.0 150.0 
 456 1362623544     702779 0 8 40.0 150.0 
 457 1362623544     712747 0 8 40.0 150.0 
 456 1362623544     722749 0 8 40.0 150.0 
 457 1362623544     732806 0 8 40.0 150.0 
 456 1362623544     742760 0 8 40.0 150.0 
 456 1362623544     752821 0 8 40.0 150.0 
 457 1362623544     762789 0 8 40.0 150.0 
 456 1362623544     772815 0 8 40.0 150.0 
 457 1362623544     782783 0 8 40.0 150.0 
 457 1362623544     792790 0 8 40.0 150.0 
 457 1362623544     802845 0 8 40.0 150.0 
 457 1362623544     812818 0 8 40.0 150.0 
 457 1362623544     822818 0 8 40.0 150.0 
 456 1362623544     832836 0 8 40.0 150.0 
 456 1362623544     842835 0 8 40.0 150.0 
 455 1362623544     852870 0 8 40.0 150.0 
 456 1362623544     862835 0 8 40.0 150.0 
 456 1362623544     872875 0 8 40.0 150.0 
 456 1362623544     882877 0 8 40.0 150.0 
 456 1362623544     892884 0 8 40.0 150.0 
 456 1362623544     902871 0 8 40.0 150.0 
 457 1362623544     912898 0 8 40.0 150.0 
 456 1362623544     922908 0 8 40.0 150.0 
 457 1362623544     932896 0 8 40.0 150.0 
 456 1362623544     942928 0 8 40.0 150.0 
 456 1362623544     952910 0 8 40.0 150.0 
 455 1362623544     962928 0 8 40.0 150.0 
 456 1362623544     972922 0 8 40.0 150.0 
 457 1362623544     982915 0 8 40.0 150.0 
 455 1362623544     992949 0 8 40.0 150.0 
 456 1362623545       2943 0 8 40.0 150.0 
 457 1362623545      12973 0 8 40.0 150.0 
 456 1362623545      22991 0 8 40.0 150.0 
 458 1362623545      32960 0 8 40.0 150.0 
 456 1362623545      42966 0 8 40.0 150.0 
 456 1362623545      52998 0 8 40.0 150.0 
 457 1362623545      62999 0 8 40.0 150.0 
 455 1362623545      72991 0 8 40.0 150.0 
 456 1362623545      83019 0 8 40.0 150.0 
 455 1362623545      93015 0 8 40.0 150.0 
 456 1362623545     103030 0 8 40.0 150.0 
 456 1362623545     113055 0 8 40.0 150.0 
 457 1362623545     123051 0 8 40.0 150.0 
 456 1362623545     133044 0 8 40.0 150.0 
 456 1362623545     143033 0 8 40.0 150.0 
 456 1362623545     153028 0 8 40.0 150.0 
 456 1362623545     163037 0 8 40.0 150.0 
 456 1362623545     173082 0 8 40.0 150.0 
 456 1362623545     183096 0 8 40.0 150.0 
 456 1362623545     193088 0 8 40.0 150.0 
 456 1362623545     203063 0 8 40.0 150.0 
 456 1362623545     213126 0 8 40.0 150.0 
 456 1362623545     223078 0 8 40.0 150.0 
 456 1362623545     233100 0 8 40.0 150.0 
 457 1362623545     243130 0 8 40.0 150.0 
 457 1362623545     253138 0 8 40.0 150.0 
 457 1362623545     263134 0 8 40.0 150.0 
 457 1362623545     273167 0 8 40.0 150.0 
 456 1362623545     283170 0 8 40.0 150.0 
 457 1362623545     293164 0 8 40.0 150.0 
 455 1362623545     303130 0 8 40.0 150.0 
 456 1362623545     313149 0 8 40.0 150.0 
 457 1362623545     323155 0 8 40.0 150.0 
 456 1362623545     333171 0 8 40.0 150.0 
 456 1362623545     343169 0 8 40.0 150.0 
 457 1362623545     353169 0 8 40.0 150.0 
 456 1362623545     363165 0 8 40.0 150.0 
 457 1362623545     373168 0 8 40.0 150.0 
 457 1362623545     383225 0 8 40.0 150.0 
 456 1362623545     393189 0 8 40.0 150.0 
 456 1362623545     403195 0 8 40.0 150.0 
 456 1362623545     413244 0 8 40.0 150.0 
 456 1362623545     423229 0 8 40.0 150.0 
 456 1362623545     433265 0 8 40.0 150.0 
 455 1362623545     443224 0 8 40.0 150.0 
 456 1362623545     453231 0 8 40.0 150.0 
 456 1362623545     463233 0 8 40.0 150.0 
 456 1362623545     473278 0 8 40.0 150.0 
 456 1362623545     483267 0 8 40.0 150.0 
 456 1362623545     493289 0 8 40.0 150.0 
 456 1362623545     503269 0 8 40.0 150.0 
 456 1362623545     513291 0 8 40.0 150.0 
 456 1362623545     523311 0 8 40.0 150.0 
 456 1362623545     533292 0 8 40.0 150.0 
 456 1362623545     543325 0 8 40.0 150.0 
 457 1362623545     553304 0 8 40.0 150.0 
 457 1362623545     563331 0 8 40.0 150.0 
 455 1362623545     573351 0 8 40.0 150.0 
 456 1362623545     583341 0 8 40.0 150.0 
 456 1362623545     593331 0 8 40.0 150.0 
 456 1362623545     603363 0 8 40.0 150.0 
 456 1362623545     613329 0 8 40.0 150.0 
 457 1362623545     623340 0 8 40.0 150.0 
 456 1362623545     633391 0 8 40.0 150.0 
 457 1362623545     643346 0 8 40.0 150.0 
 456 1362623545     653375 0 8 40.0 150.0 
 456 1362623545     663393 0 8 40.0 150.0 
 457 1362623545     673412 0 8 40.0 150.0 
 456 1362623545     683425 0 8 40.0 150.0 
 456 1362623545     693422 0 8 40.0 150.0 
 456 1362623545     703426 0 8 40.0 150.0 
 457 1362623545     713399 0 8 40.0 150.0 
 456 1362623545     723409 0 8 40.0 150.0 
 456 1362623545     733429 0 8 40.0 150.0 
 457 1362623545     743420 0 8 40.0 150.0 
 457 1362623545     753422 0 8 40.0 150.0 
 457 1362623545     763426 0 8 40.0 150.0 
 456 1362623545     773454 0 8 40.0 150.0 
 456 1362623545     783453 0 8 40.0 150.0 
 456 1362623545     793473 0 8 40.0 150.0 
 456 1362623545     803484 0 8 40.0 150.0 
 455 1362623545     813473 0 8 40.0 150.0 
 457 1362623545     823509 0 8 40.0 150.0 
 456 1362623545     833489 0 8 40.0 150.0 
 456 1362623545     843530 0 8 40.0 150.0 
 456 1362623545     853546 0 8 40.0 150.0 
 456 1362623545     863520 0 8 40.0 150.0 
 455 1362623545     873553 0 8 40.0 150.0 
 455 1362623545     883538 0 8 40.0 150.0 
 457 1362623545     893543 0 8 40.0 150.0 
 456 1362623545     903533 0 8 40.0 150.0 
 456 1362623545     913525 0 8 40.0 150.0 
 456 1362623545     923540 0 8 40.0 150.0 
 456 1362623545     933569 0 8 40.0 150.0 
 456 1362623545     943600 0 8 40.0 150.0 
 456 1362623545     953553 0 8 40.0 150.0 
 455 1362623545     963584 0 8 40.0 150.0 
 456 1362623545     973616 0 8 40.0 150.0 
 455 1362623545     983625 0 8 40.0 150.0 
 456 1362623545     993632 0 8 40.0 150.0 
 456 1362623546       3616 0 8 40.0 150.0 
 456 1362623546      13627 0 8 40.0 150.0 
 456 1362623546      23604 0 8 40.0 150.0 
 457 1362623546      33620 0 8 40.0 150.0 
 456 1362623546      43672 0 8 40.0 150.0 
 456 1362623546      53637 0 8 40.0 150.0 
 456 1362623546      63636 0 8 40.0 150.0 
 456 1362623546      73675 0 8 40.0 150.0 
 457 1362623546      83642 0 8 40.0 150.0 
 456 1362623546      93655 0 8 40.0 150.0 
 456 1362623546     103652 0 8 40.0 150.0 
 457 1362623546     113674 0 8 40.0 150.0 
 456 1362623546     123679 0 8 40.0 150.0 
 456 1362623546     133708 0 8 40.0 150.0 
 457 1362623546     143728 0 8 40.0 150.0 
 456 1362623546     153704 0 8 40.0 150.0 
 456 1362623546     163725 0 8 40.0 150.0 
 456 1362623546     173753 0 8 40.0 150.0 
 455 1362623546     183750 0 8 40.0 150.0 
 456 1362623546     193714 0 8 40.0 150.0 
 456 1362623546     203770 0 8 40.0 150.0 
 456 1362623546     213761 0 8 40.0 150.0 
 456 1362623546     223743 0 8 40.0 150.0 
 457 1362623546     233756 0 8 40.0 150.0 
 456 1362623546     243792 0 8 40.0 150.0 
 457 1362623546     253804 0 8 40.0 150.0 
 457 1362623546     263784 0 8 40.0 150.0 
 457 1362623546     273766 0 8 40.0 150.0 
 456 1362623546     283827 0 8 40.0 150.0 
 456 1362623546     293823 0 8 40.0 150.0 
 456 1362623546     303800 0 8 40.0 150.0 
 456 1362623546     313825 0 8 40.0 150.0 
 457 1362623546     323802 0 8 40.0 150.0 
 456 1362623546     333828 0 8 40.0 150.0 
 457 1362623546     343854 0 8 40.0 150.0 
 457 1362623546     353857 0 8 40.0 150.0 
 456 1362623546     363865 0 8 40.0 150.0 
 456 1362623546     373859 0 8 40.0 150.0 
 456 1362623546     383896 0 8 40.0 150.0 
 456 1362623546     393843 0 8 40.0 150.0 
 456 1362623546     403890 0 8 40.0 150.0 
 456 1362623546     413901 0 8 40.0 150.0 
 456 1362623546     423922 0 8 40.0 150.0 
 456 1362623546     433905 0 8 40.0 150.0 
 455 1362623546     443914 0 8 40.0 150.0 
 456 1362623546     453907 0 8 40.0 150.0 
 456 1362623546     463935 0 8 40.0 150.0 
 456 1362623546     473906 0 8 40.0 150.0 
 457 1362623546     483917 0 8 40.0 150.0 
 457 1362623546     493935 0 8 40.0 150.0 
 456 1362623546     503923 0 8 40.0 150.0 
 456 1362623546     513955 0 8 40.0 150.0 
 456 1362623546     523934 0 8 40.0 150.0 
 457 1362623546     533977 0 8 40.0 150.0 
 456 1362623546     543998 0 8 40.0 150.0 
 456 1362623546     554007 0 8 40.0 150.0 
 457 1362623546     564012 0 8 40.0 150.0 
 456 1362623546     573986 0 8 40.0 150.0 
 456 1362623546     584000 0 8 40.0 150.0 
 456 1362623546     594013 0 8 40.0 150.0 
 456 1362623546     603995 0 8 40.0 150.0 
 456 1362623546     614008 0 8 40.0 150.0 
 456 1362623546     624003 0 8 40.0 150.0 
 456 1362623546     634064 0 8 40.0 150.0 
 456 1362623546     644029 0 8 40.0 150.0 
 456 1362623546     654050 0 8 40.0 150.0 
 455 1362623546     664065 0 8 40.0 150.0 
 456 1362623546     674035 0 8 40.0 150.0 
 456 1362623546     684045 0 8 40.0 150.0 
 457 1362623546     694061 0 8 40.0 150.0 
 456 1362623546     704099 0 8 40.0 150.0 
 457 1362623546     714084 0 8 40.0 150.0 
 457 1362623546     724098 0 8 40.0 150.0 
 457 1362623546     734100 0 8 40.0 150.0 
 456 1362623546     744104 0 8 40.0 150.0 
 456 1362623546     754141 0 8 40.0 150.0 
 457 1362623546     764111 0 8 40.0 150.0 
 456 1362623546     774132 0 8 40.0 150.0 
 456 1362623546     784127 0 8 40.0 150.0 
 456 1362623546     794160 0 8 40.0 150.0 
 456 1362623546     804129 0 8 40.0 150.0 
 456 1362623546     814161 0 8 40.0 150.0 
 457 1362623546     824190 0 8 40.0 150.0 
 455 1362623546     834139 0 8 40.0 150.0 
 456 1362623546     844182 0 8 40.0 150.0 
 456 1362623546     854185 0 8 40.0 150.0 
 457 1362623546     864170 0 8 40.0 150.0 
 456 1362623546     874222 0 8 40.0 150.0 
 456 1362623546     884213 0 8 40.0 150.0 
 456 1362623546     894175 0 8 40.0 150.0 
 456 1362623546     904208 0 8 40.0 150.0 
 455 1362623546     914192 0 8 40.0 150.0 
 457 1362623546     924225 0 8 40.0 150.0 
 456 1362623546     934242 0 8 40.0 150.0 
 456 1362623546     944244 0 8 40.0 150.0 
 457 1362623546     954259 0 8 40.0 150.0 
 456 1362623546     964221 0 8 40.0 150.0 
 456 1362623546     974261 0 8 40.0 150.0 
 456 1362623546     984232 0 8 40.0 150.0 
 457 1362623546     994284 0 8 40.0 150.0 
 456 1362623547       4292 0 8 40.0 150.0 
 456 1362623547      14264 0 8 40.0 150.0 
 457 1362623547      24279 0 8 40.0 150.0 
 457 1362623547      34275 0 8 40.0 150.0 
 456 1362623547      44290 0 8 40.0 150.0 
 456 1362623547      54295 0 8 40.0 150.0 
 456 1362623547      64291 0 8 40.0 150.0 
