 530 1362629292     414202 2 4 40.0 100.0 
 529 1362629292     424121 2 4 40.0 100.0 
 529 1362629292     434159 2 4 40.0 100.0 
 530 1362629292     444116 2 4 40.0 100.0 
 530 1362629292     454187 2 4 40.0 100.0 
 529 1362629292     464087 2 4 40.0 100.0 
 530 1362629292     474147 2 4 40.0 100.0 
 530 1362629292     484185 2 4 40.0 100.0 
 530 1362629292     494148 2 4 40.0 100.0 
 531 1362629292     504128 2 4 40.0 100.0 
 530 1362629292     514266 2 4 40.0 100.0 
 530 1362629292     524229 2 4 40.0 100.0 
 531 1362629292     534179 2 4 40.0 100.0 
 530 1362629292     544195 2 4 40.0 100.0 
 530 1362629292     554170 2 4 40.0 100.0 
 530 1362629292     564135 2 4 40.0 100.0 
 530 1362629292     574248 2 4 40.0 100.0 
 530 1362629292     584273 2 4 40.0 100.0 
 530 1362629292     594314 2 4 40.0 100.0 
 530 1362629292     604259 2 4 40.0 100.0 
 530 1362629292     614260 2 4 40.0 100.0 
 530 1362629292     624295 2 4 40.0 100.0 
 530 1362629292     634253 2 4 40.0 100.0 
 530 1362629292     644182 2 4 40.0 100.0 
 529 1362629292     654202 2 4 40.0 100.0 
 531 1362629292     664198 2 4 40.0 100.0 
 530 1362629292     674213 2 4 40.0 100.0 
 530 1362629292     684222 2 4 40.0 100.0 
 531 1362629292     694221 2 4 40.0 100.0 
 530 1362629292     704238 2 4 40.0 100.0 
 530 1362629292     714249 2 4 40.0 100.0 
 530 1362629292     724259 2 4 40.0 100.0 
 530 1362629292     734279 2 4 40.0 100.0 
 531 1362629292     744298 2 4 40.0 100.0 
 529 1362629292     754314 2 4 40.0 100.0 
 530 1362629292     764312 2 4 40.0 100.0 
 530 1362629292     774268 2 4 40.0 100.0 
 531 1362629292     784266 2 4 40.0 100.0 
 530 1362629292     794272 2 4 40.0 100.0 
 529 1362629292     804305 2 4 40.0 100.0 
 530 1362629292     814305 2 4 40.0 100.0 
 530 1362629292     824302 2 4 40.0 100.0 
 529 1362629292     834313 2 4 40.0 100.0 
 529 1362629292     844367 2 4 40.0 100.0 
 530 1362629292     854372 2 4 40.0 100.0 
 530 1362629292     864375 2 4 40.0 100.0 
 530 1362629292     874389 2 4 40.0 100.0 
 530 1362629292     884389 2 4 40.0 100.0 
 530 1362629292     894399 2 4 40.0 100.0 
 530 1362629292     904398 2 4 40.0 100.0 
 530 1362629292     914415 2 4 40.0 100.0 
 530 1362629292     924409 2 4 40.0 100.0 
 530 1362629292     934429 2 4 40.0 100.0 
 530 1362629292     944410 2 4 40.0 100.0 
 530 1362629292     954420 2 4 40.0 100.0 
 530 1362629292     964436 2 4 40.0 100.0 
 531 1362629292     974435 2 4 40.0 100.0 
 530 1362629292     984453 2 4 40.0 100.0 
 530 1362629292     994411 2 4 40.0 100.0 
 529 1362629293       4459 2 4 40.0 100.0 
 530 1362629293      14461 2 4 40.0 100.0 
 531 1362629293      24426 2 4 40.0 100.0 
 530 1362629293      34444 2 4 40.0 100.0 
 530 1362629293      44450 2 4 40.0 100.0 
 530 1362629293      54495 2 4 40.0 100.0 
 531 1362629293      64515 2 4 40.0 100.0 
 529 1362629293      74472 2 4 40.0 100.0 
 530 1362629293      84506 2 4 40.0 100.0 
 530 1362629293      94467 2 4 40.0 100.0 
 530 1362629293     104517 2 4 40.0 100.0 
 531 1362629293     114498 2 4 40.0 100.0 
 530 1362629293     124539 2 4 40.0 100.0 
 530 1362629293     134513 2 4 40.0 100.0 
 530 1362629293     144499 2 4 40.0 100.0 
 530 1362629293     154570 2 4 40.0 100.0 
 530 1362629293     164561 2 4 40.0 100.0 
 530 1362629293     174530 2 4 40.0 100.0 
 531 1362629293     184577 2 4 40.0 100.0 
 531 1362629293     194540 2 4 40.0 100.0 
 529 1362629293     204543 2 4 40.0 100.0 
 530 1362629293     214553 2 4 40.0 100.0 
 530 1362629293     224578 2 4 40.0 100.0 
 530 1362629293     234589 2 4 40.0 100.0 
 529 1362629293     244597 2 4 40.0 100.0 
 530 1362629293     254595 2 4 40.0 100.0 
 530 1362629293     264593 2 4 40.0 100.0 
 530 1362629293     274590 2 4 40.0 100.0 
 530 1362629293     284596 2 4 40.0 100.0 
 530 1362629293     294607 2 4 40.0 100.0 
 530 1362629293     304620 2 4 40.0 100.0 
 530 1362629293     314619 2 4 40.0 100.0 
 529 1362629293     324622 2 4 40.0 100.0 
 530 1362629293     334627 2 4 40.0 100.0 
 530 1362629293     344635 2 4 40.0 100.0 
 530 1362629293     354645 2 4 40.0 100.0 
 530 1362629293     364670 2 4 40.0 100.0 
 529 1362629293     374682 2 4 40.0 100.0 
 529 1362629293     384692 2 4 40.0 100.0 
 530 1362629293     394690 2 4 40.0 100.0 
 530 1362629293     404702 2 4 40.0 100.0 
