 147 1362629760     854834 2 11 40.0 50.0 
 147 1362629760     863978 2 11 40.0 50.0 
 146 1362629760     874044 2 11 40.0 50.0 
 147 1362629760     884025 2 11 40.0 50.0 
 147 1362629760     894050 2 11 40.0 50.0 
 146 1362629760     904019 2 11 40.0 50.0 
 147 1362629760     914059 2 11 40.0 50.0 
 147 1362629760     924001 2 11 40.0 50.0 
 147 1362629760     934035 2 11 40.0 50.0 
 146 1362629760     944066 2 11 40.0 50.0 
 147 1362629760     954034 2 11 40.0 50.0 
 146 1362629760     964074 2 11 40.0 50.0 
 147 1362629760     974078 2 11 40.0 50.0 
 147 1362629760     984046 2 11 40.0 50.0 
 147 1362629760     994085 2 11 40.0 50.0 
 147 1362629761       4057 2 11 40.0 50.0 
 147 1362629761      14127 2 11 40.0 50.0 
 147 1362629761      24104 2 11 40.0 50.0 
 147 1362629761      34088 2 11 40.0 50.0 
 147 1362629761      44123 2 11 40.0 50.0 
 147 1362629761      54087 2 11 40.0 50.0 
 146 1362629761      64127 2 11 40.0 50.0 
 147 1362629761      74169 2 11 40.0 50.0 
 147 1362629761      84145 2 11 40.0 50.0 
 147 1362629761      94113 2 11 40.0 50.0 
 147 1362629761     104176 2 11 40.0 50.0 
 147 1362629761     114179 2 11 40.0 50.0 
 147 1362629761     124157 2 11 40.0 50.0 
 146 1362629761     134154 2 11 40.0 50.0 
 147 1362629761     144158 2 11 40.0 50.0 
 146 1362629761     154158 2 11 40.0 50.0 
 147 1362629761     164177 2 11 40.0 50.0 
 147 1362629761     174168 2 11 40.0 50.0 
 147 1362629761     184235 2 11 40.0 50.0 
 147 1362629761     194244 2 11 40.0 50.0 
 147 1362629761     204202 2 11 40.0 50.0 
 146 1362629761     214225 2 11 40.0 50.0 
 147 1362629761     224243 2 11 40.0 50.0 
 147 1362629761     234223 2 11 40.0 50.0 
 146 1362629761     244271 2 11 40.0 50.0 
 147 1362629761     254260 2 11 40.0 50.0 
 147 1362629761     264286 2 11 40.0 50.0 
 147 1362629761     274302 2 11 40.0 50.0 
 147 1362629761     284255 2 11 40.0 50.0 
 147 1362629761     294300 2 11 40.0 50.0 
 147 1362629761     304263 2 11 40.0 50.0 
 147 1362629761     314300 2 11 40.0 50.0 
 147 1362629761     324336 2 11 40.0 50.0 
 147 1362629761     334297 2 11 40.0 50.0 
 147 1362629761     344322 2 11 40.0 50.0 
 147 1362629761     354343 2 11 40.0 50.0 
 147 1362629761     364292 2 11 40.0 50.0 
 146 1362629761     374361 2 11 40.0 50.0 
 146 1362629761     384307 2 11 40.0 50.0 
 147 1362629761     394333 2 11 40.0 50.0 
 147 1362629761     404357 2 11 40.0 50.0 
 147 1362629761     414391 2 11 40.0 50.0 
 146 1362629761     424334 2 11 40.0 50.0 
 147 1362629761     434347 2 11 40.0 50.0 
 147 1362629761     444381 2 11 40.0 50.0 
 147 1362629761     454401 2 11 40.0 50.0 
 147 1362629761     464375 2 11 40.0 50.0 
 146 1362629761     474388 2 11 40.0 50.0 
 147 1362629761     484404 2 11 40.0 50.0 
 147 1362629761     494382 2 11 40.0 50.0 
 146 1362629761     504408 2 11 40.0 50.0 
 146 1362629761     514411 2 11 40.0 50.0 
 146 1362629761     524409 2 11 40.0 50.0 
 147 1362629761     534430 2 11 40.0 50.0 
 147 1362629761     544463 2 11 40.0 50.0 
 146 1362629761     554435 2 11 40.0 50.0 
 147 1362629761     564480 2 11 40.0 50.0 
 147 1362629761     574487 2 11 40.0 50.0 
 147 1362629761     584444 2 11 40.0 50.0 
 146 1362629761     594480 2 11 40.0 50.0 
 146 1362629761     604514 2 11 40.0 50.0 
 147 1362629761     614467 2 11 40.0 50.0 
 147 1362629761     624469 2 11 40.0 50.0 
 147 1362629761     634505 2 11 40.0 50.0 
 147 1362629761     644528 2 11 40.0 50.0 
 147 1362629761     654550 2 11 40.0 50.0 
 146 1362629761     664497 2 11 40.0 50.0 
 147 1362629761     674505 2 11 40.0 50.0 
 147 1362629761     684570 2 11 40.0 50.0 
 147 1362629761     694550 2 11 40.0 50.0 
 147 1362629761     704577 2 11 40.0 50.0 
 147 1362629761     714536 2 11 40.0 50.0 
 147 1362629761     724573 2 11 40.0 50.0 
 146 1362629761     734591 2 11 40.0 50.0 
 147 1362629761     744564 2 11 40.0 50.0 
 146 1362629761     754613 2 11 40.0 50.0 
 147 1362629761     764574 2 11 40.0 50.0 
 147 1362629761     774609 2 11 40.0 50.0 
 146 1362629761     784635 2 11 40.0 50.0 
 147 1362629761     794581 2 11 40.0 50.0 
 147 1362629761     804622 2 11 40.0 50.0 
 146 1362629761     814590 2 11 40.0 50.0 
 146 1362629761     824605 2 11 40.0 50.0 
 147 1362629761     834642 2 11 40.0 50.0 
 147 1362629761     844608 2 11 40.0 50.0 
