 469 1362629681     881816 2 10 40.0 150.0 
 468 1362629681     891890 2 10 40.0 150.0 
 469 1362629681     901785 2 10 40.0 150.0 
 469 1362629681     911847 2 10 40.0 150.0 
 469 1362629681     921806 2 10 40.0 150.0 
 469 1362629681     931768 2 10 40.0 150.0 
 469 1362629681     941874 2 10 40.0 150.0 
 469 1362629681     951868 2 10 40.0 150.0 
 469 1362629681     961856 2 10 40.0 150.0 
 469 1362629681     971854 2 10 40.0 150.0 
 469 1362629681     981933 2 10 40.0 150.0 
 469 1362629681     991872 2 10 40.0 150.0 
 469 1362629682       1873 2 10 40.0 150.0 
 469 1362629682      11965 2 10 40.0 150.0 
 469 1362629682      21909 2 10 40.0 150.0 
 468 1362629682      31836 2 10 40.0 150.0 
 468 1362629682      41881 2 10 40.0 150.0 
 469 1362629682      51874 2 10 40.0 150.0 
 469 1362629682      62008 2 10 40.0 150.0 
 469 1362629682      71952 2 10 40.0 150.0 
 468 1362629682      81857 2 10 40.0 150.0 
 469 1362629682      91969 2 10 40.0 150.0 
 469 1362629682     102023 2 10 40.0 150.0 
 469 1362629682     111876 2 10 40.0 150.0 
 468 1362629682     121872 2 10 40.0 150.0 
 469 1362629682     131899 2 10 40.0 150.0 
 469 1362629682     141878 2 10 40.0 150.0 
 469 1362629682     151904 2 10 40.0 150.0 
 468 1362629682     161894 2 10 40.0 150.0 
 468 1362629682     171935 2 10 40.0 150.0 
 469 1362629682     181955 2 10 40.0 150.0 
 468 1362629682     191915 2 10 40.0 150.0 
 467 1362629682     201934 2 10 40.0 150.0 
 469 1362629682     211986 2 10 40.0 150.0 
 468 1362629682     221996 2 10 40.0 150.0 
 469 1362629682     231970 2 10 40.0 150.0 
 469 1362629682     242006 2 10 40.0 150.0 
 468 1362629682     251952 2 10 40.0 150.0 
 468 1362629682     261985 2 10 40.0 150.0 
 468 1362629682     272013 2 10 40.0 150.0 
 469 1362629682     282030 2 10 40.0 150.0 
 469 1362629682     291992 2 10 40.0 150.0 
 469 1362629682     302004 2 10 40.0 150.0 
 470 1362629682     312018 2 10 40.0 150.0 
 469 1362629682     322048 2 10 40.0 150.0 
 469 1362629682     332008 2 10 40.0 150.0 
 469 1362629682     342048 2 10 40.0 150.0 
 469 1362629682     352018 2 10 40.0 150.0 
 470 1362629682     362042 2 10 40.0 150.0 
 470 1362629682     372075 2 10 40.0 150.0 
 469 1362629682     382080 2 10 40.0 150.0 
 468 1362629682     392105 2 10 40.0 150.0 
 469 1362629682     402108 2 10 40.0 150.0 
 469 1362629682     412063 2 10 40.0 150.0 
 469 1362629682     422111 2 10 40.0 150.0 
 469 1362629682     432078 2 10 40.0 150.0 
 469 1362629682     442102 2 10 40.0 150.0 
 469 1362629682     452101 2 10 40.0 150.0 
 469 1362629682     462125 2 10 40.0 150.0 
 469 1362629682     472158 2 10 40.0 150.0 
 470 1362629682     482111 2 10 40.0 150.0 
 469 1362629682     492141 2 10 40.0 150.0 
 469 1362629682     502152 2 10 40.0 150.0 
 469 1362629682     512166 2 10 40.0 150.0 
 469 1362629682     522200 2 10 40.0 150.0 
 469 1362629682     532167 2 10 40.0 150.0 
 469 1362629682     542196 2 10 40.0 150.0 
 467 1362629682     552201 2 10 40.0 150.0 
 469 1362629682     562161 2 10 40.0 150.0 
 469 1362629682     572227 2 10 40.0 150.0 
 470 1362629682     582186 2 10 40.0 150.0 
 469 1362629682     592206 2 10 40.0 150.0 
 468 1362629682     602191 2 10 40.0 150.0 
 468 1362629682     612236 2 10 40.0 150.0 
 469 1362629682     622202 2 10 40.0 150.0 
 468 1362629682     632235 2 10 40.0 150.0 
 469 1362629682     642255 2 10 40.0 150.0 
 469 1362629682     652249 2 10 40.0 150.0 
 469 1362629682     662288 2 10 40.0 150.0 
 469 1362629682     672246 2 10 40.0 150.0 
 469 1362629682     682275 2 10 40.0 150.0 
 468 1362629682     692305 2 10 40.0 150.0 
 469 1362629682     702317 2 10 40.0 150.0 
 468 1362629682     712283 2 10 40.0 150.0 
 469 1362629682     722302 2 10 40.0 150.0 
 469 1362629682     732335 2 10 40.0 150.0 
 470 1362629682     742316 2 10 40.0 150.0 
 469 1362629682     752329 2 10 40.0 150.0 
 469 1362629682     762360 2 10 40.0 150.0 
 468 1362629682     772310 2 10 40.0 150.0 
 469 1362629682     782336 2 10 40.0 150.0 
 469 1362629682     792364 2 10 40.0 150.0 
 469 1362629682     802373 2 10 40.0 150.0 
 469 1362629682     812370 2 10 40.0 150.0 
 469 1362629682     822358 2 10 40.0 150.0 
 469 1362629682     832392 2 10 40.0 150.0 
 470 1362629682     842365 2 10 40.0 150.0 
 470 1362629682     852371 2 10 40.0 150.0 
 469 1362629682     862386 2 10 40.0 150.0 
 469 1362629682     872419 2 10 40.0 150.0 
