 281 1362629471     352464 2 7 40.0 100.0 
 282 1362629471     362456 2 7 40.0 100.0 
 282 1362629471     372471 2 7 40.0 100.0 
 282 1362629471     382484 2 7 40.0 100.0 
 281 1362629471     392443 2 7 40.0 100.0 
 282 1362629471     402459 2 7 40.0 100.0 
 281 1362629471     412483 2 7 40.0 100.0 
 282 1362629471     422480 2 7 40.0 100.0 
 281 1362629471     432490 2 7 40.0 100.0 
 281 1362629471     442499 2 7 40.0 100.0 
 282 1362629471     452523 2 7 40.0 100.0 
 281 1362629471     462483 2 7 40.0 100.0 
 282 1362629471     472503 2 7 40.0 100.0 
 282 1362629471     482538 2 7 40.0 100.0 
 281 1362629471     492526 2 7 40.0 100.0 
 282 1362629471     502548 2 7 40.0 100.0 
 281 1362629471     512564 2 7 40.0 100.0 
 282 1362629471     522586 2 7 40.0 100.0 
 282 1362629471     532532 2 7 40.0 100.0 
 281 1362629471     542596 2 7 40.0 100.0 
 281 1362629471     552603 2 7 40.0 100.0 
 282 1362629471     562549 2 7 40.0 100.0 
 282 1362629471     572558 2 7 40.0 100.0 
 282 1362629471     582622 2 7 40.0 100.0 
 282 1362629471     592625 2 7 40.0 100.0 
 282 1362629471     602576 2 7 40.0 100.0 
 281 1362629471     612604 2 7 40.0 100.0 
 282 1362629471     622636 2 7 40.0 100.0 
 281 1362629471     632644 2 7 40.0 100.0 
 281 1362629471     642621 2 7 40.0 100.0 
 281 1362629471     652629 2 7 40.0 100.0 
 282 1362629471     662644 2 7 40.0 100.0 
 282 1362629471     672655 2 7 40.0 100.0 
 282 1362629471     682679 2 7 40.0 100.0 
 281 1362629471     692683 2 7 40.0 100.0 
 282 1362629471     702700 2 7 40.0 100.0 
 282 1362629471     712716 2 7 40.0 100.0 
 282 1362629471     722719 2 7 40.0 100.0 
 281 1362629471     732668 2 7 40.0 100.0 
 281 1362629471     742726 2 7 40.0 100.0 
 283 1362629471     752685 2 7 40.0 100.0 
 281 1362629471     762705 2 7 40.0 100.0 
 281 1362629471     772702 2 7 40.0 100.0 
 282 1362629471     782725 2 7 40.0 100.0 
 281 1362629471     792715 2 7 40.0 100.0 
 281 1362629471     802747 2 7 40.0 100.0 
 281 1362629471     812756 2 7 40.0 100.0 
 281 1362629471     822775 2 7 40.0 100.0 
 282 1362629471     832760 2 7 40.0 100.0 
 281 1362629471     842747 2 7 40.0 100.0 
 282 1362629471     852774 2 7 40.0 100.0 
 282 1362629471     862776 2 7 40.0 100.0 
 282 1362629471     872786 2 7 40.0 100.0 
 281 1362629471     882810 2 7 40.0 100.0 
 281 1362629471     892794 2 7 40.0 100.0 
 282 1362629471     902841 2 7 40.0 100.0 
 282 1362629471     912845 2 7 40.0 100.0 
 281 1362629471     922812 2 7 40.0 100.0 
 282 1362629471     932844 2 7 40.0 100.0 
 281 1362629471     942836 2 7 40.0 100.0 
 282 1362629471     952852 2 7 40.0 100.0 
 281 1362629471     962874 2 7 40.0 100.0 
 282 1362629471     972888 2 7 40.0 100.0 
 282 1362629471     982832 2 7 40.0 100.0 
 281 1362629471     992843 2 7 40.0 100.0 
 281 1362629472       2886 2 7 40.0 100.0 
 282 1362629472      12848 2 7 40.0 100.0 
 282 1362629472      22877 2 7 40.0 100.0 
 281 1362629472      32876 2 7 40.0 100.0 
 281 1362629472      42900 2 7 40.0 100.0 
 281 1362629472      52893 2 7 40.0 100.0 
 281 1362629472      62910 2 7 40.0 100.0 
 281 1362629472      72929 2 7 40.0 100.0 
 281 1362629472      82934 2 7 40.0 100.0 
 282 1362629472      92901 2 7 40.0 100.0 
 281 1362629472     102973 2 7 40.0 100.0 
 281 1362629472     112929 2 7 40.0 100.0 
 282 1362629472     122942 2 7 40.0 100.0 
 281 1362629472     132975 2 7 40.0 100.0 
 281 1362629472     142938 2 7 40.0 100.0 
 282 1362629472     152971 2 7 40.0 100.0 
 282 1362629472     163004 2 7 40.0 100.0 
 281 1362629472     173004 2 7 40.0 100.0 
 282 1362629472     182962 2 7 40.0 100.0 
 280 1362629472     192980 2 7 40.0 100.0 
 281 1362629472     203003 2 7 40.0 100.0 
 282 1362629472     213022 2 7 40.0 100.0 
 280 1362629472     223029 2 7 40.0 100.0 
 281 1362629472     233054 2 7 40.0 100.0 
 281 1362629472     243067 2 7 40.0 100.0 
 281 1362629472     253015 2 7 40.0 100.0 
 281 1362629472     263084 2 7 40.0 100.0 
 281 1362629472     273026 2 7 40.0 100.0 
 282 1362629472     283042 2 7 40.0 100.0 
 282 1362629472     293077 2 7 40.0 100.0 
 281 1362629472     303091 2 7 40.0 100.0 
 282 1362629472     313116 2 7 40.0 100.0 
 282 1362629472     323054 2 7 40.0 100.0 
 282 1362629472     333063 2 7 40.0 100.0 
 281 1362629472     343116 2 7 40.0 100.0 
