 270 1362629879     252391 3 1 40.0 50.0 
 270 1362629879     262461 3 1 40.0 50.0 
 270 1362629879     272431 3 1 40.0 50.0 
 270 1362629879     282414 3 1 40.0 50.0 
 271 1362629879     292457 3 1 40.0 50.0 
 270 1362629879     302356 3 1 40.0 50.0 
 270 1362629879     312343 3 1 40.0 50.0 
 270 1362629879     322496 3 1 40.0 50.0 
 270 1362629879     332448 3 1 40.0 50.0 
 271 1362629879     342532 3 1 40.0 50.0 
 270 1362629879     352503 3 1 40.0 50.0 
 269 1362629879     362428 3 1 40.0 50.0 
 270 1362629879     372581 3 1 40.0 50.0 
 270 1362629879     382560 3 1 40.0 50.0 
 270 1362629879     392453 3 1 40.0 50.0 
 270 1362629879     402390 3 1 40.0 50.0 
 270 1362629879     412417 3 1 40.0 50.0 
 270 1362629879     422425 3 1 40.0 50.0 
 270 1362629879     432436 3 1 40.0 50.0 
 271 1362629879     442458 3 1 40.0 50.0 
 269 1362629879     452482 3 1 40.0 50.0 
 271 1362629879     462433 3 1 40.0 50.0 
 270 1362629879     472450 3 1 40.0 50.0 
 270 1362629879     482478 3 1 40.0 50.0 
 270 1362629879     492478 3 1 40.0 50.0 
 270 1362629879     502485 3 1 40.0 50.0 
 270 1362629879     512514 3 1 40.0 50.0 
 270 1362629879     522533 3 1 40.0 50.0 
 270 1362629879     532483 3 1 40.0 50.0 
 270 1362629879     542493 3 1 40.0 50.0 
 270 1362629879     552507 3 1 40.0 50.0 
 270 1362629879     562525 3 1 40.0 50.0 
 270 1362629879     572532 3 1 40.0 50.0 
 270 1362629879     582562 3 1 40.0 50.0 
 270 1362629879     592571 3 1 40.0 50.0 
 270 1362629879     602518 3 1 40.0 50.0 
 270 1362629879     612550 3 1 40.0 50.0 
 270 1362629879     622569 3 1 40.0 50.0 
 270 1362629879     632589 3 1 40.0 50.0 
 270 1362629879     642602 3 1 40.0 50.0 
 271 1362629879     652616 3 1 40.0 50.0 
 270 1362629879     662575 3 1 40.0 50.0 
 270 1362629879     672613 3 1 40.0 50.0 
 270 1362629879     682631 3 1 40.0 50.0 
 270 1362629879     692588 3 1 40.0 50.0 
 270 1362629879     702610 3 1 40.0 50.0 
 270 1362629879     712655 3 1 40.0 50.0 
 270 1362629879     722644 3 1 40.0 50.0 
 270 1362629879     732653 3 1 40.0 50.0 
 270 1362629879     742656 3 1 40.0 50.0 
 271 1362629879     752673 3 1 40.0 50.0 
 270 1362629879     762641 3 1 40.0 50.0 
 270 1362629879     772671 3 1 40.0 50.0 
 271 1362629879     782695 3 1 40.0 50.0 
 270 1362629879     792647 3 1 40.0 50.0 
 270 1362629879     802702 3 1 40.0 50.0 
 270 1362629879     812701 3 1 40.0 50.0 
 270 1362629879     822724 3 1 40.0 50.0 
 270 1362629879     832686 3 1 40.0 50.0 
 270 1362629879     842707 3 1 40.0 50.0 
 270 1362629879     852751 3 1 40.0 50.0 
 270 1362629879     862728 3 1 40.0 50.0 
 271 1362629879     872741 3 1 40.0 50.0 
 270 1362629879     882771 3 1 40.0 50.0 
 270 1362629879     892729 3 1 40.0 50.0 
 270 1362629879     902743 3 1 40.0 50.0 
 270 1362629879     912762 3 1 40.0 50.0 
 270 1362629879     922779 3 1 40.0 50.0 
 270 1362629879     932796 3 1 40.0 50.0 
 270 1362629879     942807 3 1 40.0 50.0 
 270 1362629879     952764 3 1 40.0 50.0 
 270 1362629879     962784 3 1 40.0 50.0 
 270 1362629879     972806 3 1 40.0 50.0 
 270 1362629879     982824 3 1 40.0 50.0 
 270 1362629879     992777 3 1 40.0 50.0 
 270 1362629880       2852 3 1 40.0 50.0 
 270 1362629880      12794 3 1 40.0 50.0 
 270 1362629880      22832 3 1 40.0 50.0 
 270 1362629880      32803 3 1 40.0 50.0 
 271 1362629880      42820 3 1 40.0 50.0 
 270 1362629880      52819 3 1 40.0 50.0 
 270 1362629880      62833 3 1 40.0 50.0 
 270 1362629880      72851 3 1 40.0 50.0 
 270 1362629880      82885 3 1 40.0 50.0 
 270 1362629880      92885 3 1 40.0 50.0 
 270 1362629880     102855 3 1 40.0 50.0 
 270 1362629880     112892 3 1 40.0 50.0 
 270 1362629880     122898 3 1 40.0 50.0 
 271 1362629880     132917 3 1 40.0 50.0 
 270 1362629880     142934 3 1 40.0 50.0 
 270 1362629880     152949 3 1 40.0 50.0 
 270 1362629880     162924 3 1 40.0 50.0 
 270 1362629880     172944 3 1 40.0 50.0 
 270 1362629880     182914 3 1 40.0 50.0 
 270 1362629880     192914 3 1 40.0 50.0 
 270 1362629880     202939 3 1 40.0 50.0 
 271 1362629880     212992 3 1 40.0 50.0 
 270 1362629880     222950 3 1 40.0 50.0 
 271 1362629880     232977 3 1 40.0 50.0 
 270 1362629880     242963 3 1 40.0 50.0 
