 441 1362624534     216833 1 2 40.0 100.0 
 441 1362624534     226712 1 2 40.0 100.0 
 441 1362624534     236754 1 2 40.0 100.0 
 441 1362624534     246869 1 2 40.0 100.0 
 441 1362624534     256765 1 2 40.0 100.0 
 441 1362624534     266854 1 2 40.0 100.0 
 441 1362624534     276843 1 2 40.0 100.0 
 440 1362624534     286796 1 2 40.0 100.0 
 441 1362624534     296739 1 2 40.0 100.0 
 442 1362624534     306835 1 2 40.0 100.0 
 441 1362624534     316926 1 2 40.0 100.0 
 441 1362624534     326875 1 2 40.0 100.0 
 441 1362624534     336828 1 2 40.0 100.0 
 441 1362624534     346914 1 2 40.0 100.0 
 442 1362624534     356841 1 2 40.0 100.0 
 440 1362624534     366845 1 2 40.0 100.0 
 441 1362624534     377036 1 2 40.0 100.0 
 441 1362624534     386994 1 2 40.0 100.0 
 440 1362624534     396838 1 2 40.0 100.0 
 441 1362624534     406852 1 2 40.0 100.0 
 441 1362624534     416856 1 2 40.0 100.0 
 442 1362624534     426847 1 2 40.0 100.0 
 441 1362624534     436863 1 2 40.0 100.0 
 441 1362624534     446873 1 2 40.0 100.0 
 441 1362624534     456831 1 2 40.0 100.0 
 441 1362624534     466896 1 2 40.0 100.0 
 441 1362624534     476848 1 2 40.0 100.0 
 442 1362624534     486849 1 2 40.0 100.0 
 440 1362624534     496877 1 2 40.0 100.0 
 441 1362624534     506894 1 2 40.0 100.0 
 440 1362624534     516911 1 2 40.0 100.0 
 440 1362624534     526918 1 2 40.0 100.0 
 442 1362624534     536918 1 2 40.0 100.0 
 441 1362624534     546915 1 2 40.0 100.0 
 441 1362624534     556913 1 2 40.0 100.0 
 441 1362624534     566916 1 2 40.0 100.0 
 441 1362624534     576926 1 2 40.0 100.0 
 441 1362624534     586928 1 2 40.0 100.0 
 441 1362624534     596944 1 2 40.0 100.0 
 440 1362624534     606957 1 2 40.0 100.0 
 440 1362624534     616970 1 2 40.0 100.0 
 440 1362624534     626978 1 2 40.0 100.0 
 441 1362624534     636978 1 2 40.0 100.0 
 441 1362624534     646985 1 2 40.0 100.0 
 441 1362624534     656993 1 2 40.0 100.0 
 441 1362624534     667001 1 2 40.0 100.0 
 440 1362624534     677003 1 2 40.0 100.0 
 441 1362624534     687021 1 2 40.0 100.0 
 441 1362624534     697027 1 2 40.0 100.0 
 440 1362624534     707029 1 2 40.0 100.0 
 442 1362624534     717047 1 2 40.0 100.0 
 441 1362624534     727056 1 2 40.0 100.0 
 441 1362624534     737062 1 2 40.0 100.0 
 441 1362624534     747052 1 2 40.0 100.0 
 441 1362624534     757068 1 2 40.0 100.0 
 441 1362624534     767089 1 2 40.0 100.0 
 441 1362624534     777035 1 2 40.0 100.0 
 441 1362624534     787066 1 2 40.0 100.0 
 441 1362624534     797086 1 2 40.0 100.0 
 440 1362624534     807090 1 2 40.0 100.0 
 441 1362624534     817097 1 2 40.0 100.0 
 441 1362624534     827106 1 2 40.0 100.0 
 441 1362624534     837116 1 2 40.0 100.0 
 442 1362624534     847127 1 2 40.0 100.0 
 440 1362624534     857146 1 2 40.0 100.0 
 440 1362624534     867148 1 2 40.0 100.0 
 441 1362624534     877170 1 2 40.0 100.0 
 441 1362624534     887166 1 2 40.0 100.0 
 442 1362624534     897171 1 2 40.0 100.0 
 441 1362624534     907170 1 2 40.0 100.0 
 440 1362624534     917188 1 2 40.0 100.0 
 441 1362624534     927205 1 2 40.0 100.0 
 440 1362624534     937207 1 2 40.0 100.0 
 441 1362624534     947213 1 2 40.0 100.0 
 441 1362624534     957218 1 2 40.0 100.0 
 442 1362624534     967212 1 2 40.0 100.0 
 441 1362624534     977227 1 2 40.0 100.0 
 441 1362624534     987239 1 2 40.0 100.0 
 440 1362624534     997213 1 2 40.0 100.0 
 440 1362624535       7207 1 2 40.0 100.0 
 441 1362624535      17225 1 2 40.0 100.0 
 442 1362624535      27236 1 2 40.0 100.0 
 441 1362624535      37264 1 2 40.0 100.0 
 441 1362624535      47216 1 2 40.0 100.0 
 440 1362624535      57247 1 2 40.0 100.0 
 440 1362624535      67273 1 2 40.0 100.0 
 442 1362624535      77296 1 2 40.0 100.0 
 441 1362624535      87258 1 2 40.0 100.0 
 441 1362624535      97300 1 2 40.0 100.0 
 440 1362624535     107290 1 2 40.0 100.0 
 440 1362624535     117268 1 2 40.0 100.0 
 441 1362624535     127268 1 2 40.0 100.0 
 440 1362624535     137316 1 2 40.0 100.0 
 441 1362624535     147302 1 2 40.0 100.0 
 441 1362624535     157292 1 2 40.0 100.0 
 441 1362624535     167328 1 2 40.0 100.0 
 442 1362624535     177330 1 2 40.0 100.0 
 440 1362624535     187317 1 2 40.0 100.0 
 441 1362624535     197317 1 2 40.0 100.0 
 441 1362624535     207324 1 2 40.0 100.0 
