 429 1362629836     884320 3 0 40.0 100.0 
 431 1362629836     894270 3 0 40.0 100.0 
 430 1362629836     904307 3 0 40.0 100.0 
 429 1362629836     914333 3 0 40.0 100.0 
 428 1362629836     924289 3 0 40.0 100.0 
 430 1362629836     934334 3 0 40.0 100.0 
 430 1362629836     944338 3 0 40.0 100.0 
 429 1362629836     954364 3 0 40.0 100.0 
 430 1362629836     964367 3 0 40.0 100.0 
 431 1362629836     974376 3 0 40.0 100.0 
 430 1362629836     984349 3 0 40.0 100.0 
 429 1362629836     994390 3 0 40.0 100.0 
 429 1362629837       4337 3 0 40.0 100.0 
 430 1362629837      14353 3 0 40.0 100.0 
 430 1362629837      24406 3 0 40.0 100.0 
 430 1362629837      34363 3 0 40.0 100.0 
 429 1362629837      44394 3 0 40.0 100.0 
 430 1362629837      54368 3 0 40.0 100.0 
 431 1362629837      64437 3 0 40.0 100.0 
 430 1362629837      74417 3 0 40.0 100.0 
 429 1362629837      84451 3 0 40.0 100.0 
 430 1362629837      94431 3 0 40.0 100.0 
 429 1362629837     104432 3 0 40.0 100.0 
 430 1362629837     114416 3 0 40.0 100.0 
 430 1362629837     124480 3 0 40.0 100.0 
 430 1362629837     134432 3 0 40.0 100.0 
 430 1362629837     144426 3 0 40.0 100.0 
 430 1362629837     154490 3 0 40.0 100.0 
 429 1362629837     164468 3 0 40.0 100.0 
 429 1362629837     174460 3 0 40.0 100.0 
 429 1362629837     184516 3 0 40.0 100.0 
 430 1362629837     194505 3 0 40.0 100.0 
 430 1362629837     204512 3 0 40.0 100.0 
 430 1362629837     214490 3 0 40.0 100.0 
 430 1362629837     224505 3 0 40.0 100.0 
 430 1362629837     234512 3 0 40.0 100.0 
 430 1362629837     244522 3 0 40.0 100.0 
 430 1362629837     254536 3 0 40.0 100.0 
 430 1362629837     264535 3 0 40.0 100.0 
 430 1362629837     274548 3 0 40.0 100.0 
 429 1362629837     284566 3 0 40.0 100.0 
 430 1362629837     294594 3 0 40.0 100.0 
 429 1362629837     304603 3 0 40.0 100.0 
 430 1362629837     314601 3 0 40.0 100.0 
 430 1362629837     324556 3 0 40.0 100.0 
 430 1362629837     334586 3 0 40.0 100.0 
 429 1362629837     344608 3 0 40.0 100.0 
 430 1362629837     354637 3 0 40.0 100.0 
 430 1362629837     364643 3 0 40.0 100.0 
 429 1362629837     374586 3 0 40.0 100.0 
 429 1362629837     384618 3 0 40.0 100.0 
 430 1362629837     394635 3 0 40.0 100.0 
 430 1362629837     404643 3 0 40.0 100.0 
 430 1362629837     414644 3 0 40.0 100.0 
 429 1362629837     424676 3 0 40.0 100.0 
 430 1362629837     434665 3 0 40.0 100.0 
 430 1362629837     444629 3 0 40.0 100.0 
 430 1362629837     454649 3 0 40.0 100.0 
 429 1362629837     464650 3 0 40.0 100.0 
 430 1362629837     474650 3 0 40.0 100.0 
 429 1362629837     484667 3 0 40.0 100.0 
 430 1362629837     494688 3 0 40.0 100.0 
 429 1362629837     504730 3 0 40.0 100.0 
 430 1362629837     514686 3 0 40.0 100.0 
 430 1362629837     524712 3 0 40.0 100.0 
 431 1362629837     534750 3 0 40.0 100.0 
 429 1362629837     544759 3 0 40.0 100.0 
 430 1362629837     554724 3 0 40.0 100.0 
 430 1362629837     564727 3 0 40.0 100.0 
 430 1362629837     574734 3 0 40.0 100.0 
 429 1362629837     584752 3 0 40.0 100.0 
 430 1362629837     594771 3 0 40.0 100.0 
 429 1362629837     604790 3 0 40.0 100.0 
 430 1362629837     614779 3 0 40.0 100.0 
 430 1362629837     624799 3 0 40.0 100.0 
 430 1362629837     634768 3 0 40.0 100.0 
 430 1362629837     644798 3 0 40.0 100.0 
 429 1362629837     654811 3 0 40.0 100.0 
 429 1362629837     664810 3 0 40.0 100.0 
 430 1362629837     674832 3 0 40.0 100.0 
 429 1362629837     684792 3 0 40.0 100.0 
 430 1362629837     694812 3 0 40.0 100.0 
 431 1362629837     704815 3 0 40.0 100.0 
 430 1362629837     714826 3 0 40.0 100.0 
 429 1362629837     724841 3 0 40.0 100.0 
 430 1362629837     734867 3 0 40.0 100.0 
 430 1362629837     744875 3 0 40.0 100.0 
 430 1362629837     754892 3 0 40.0 100.0 
 429 1362629837     765157 3 0 40.0 100.0 
 430 1362629837     774899 3 0 40.0 100.0 
 430 1362629837     784908 3 0 40.0 100.0 
 429 1362629837     794913 3 0 40.0 100.0 
 429 1362629837     804915 3 0 40.0 100.0 
 429 1362629837     814927 3 0 40.0 100.0 
 429 1362629837     824933 3 0 40.0 100.0 
 430 1362629837     834952 3 0 40.0 100.0 
 429 1362629837     844904 3 0 40.0 100.0 
 430 1362629837     854935 3 0 40.0 100.0 
 429 1362629837     864961 3 0 40.0 100.0 
 430 1362629837     874933 3 0 40.0 100.0 
