 588 1362630489     125874 3 7 40.0 150.0 
 589 1362630489     135838 3 7 40.0 150.0 
 589 1362630489     145822 3 7 40.0 150.0 
 589 1362630489     155839 3 7 40.0 150.0 
 589 1362630489     165890 3 7 40.0 150.0 
 588 1362630489     175887 3 7 40.0 150.0 
 588 1362630489     185892 3 7 40.0 150.0 
 588 1362630489     195872 3 7 40.0 150.0 
 589 1362630489     205884 3 7 40.0 150.0 
 588 1362630489     215877 3 7 40.0 150.0 
 588 1362630489     225874 3 7 40.0 150.0 
 590 1362630489     235883 3 7 40.0 150.0 
 588 1362630489     245892 3 7 40.0 150.0 
 588 1362630489     255910 3 7 40.0 150.0 
 588 1362630489     265912 3 7 40.0 150.0 
 588 1362630489     275917 3 7 40.0 150.0 
 589 1362630489     285929 3 7 40.0 150.0 
 589 1362630489     295966 3 7 40.0 150.0 
 588 1362630489     305967 3 7 40.0 150.0 
 589 1362630489     315964 3 7 40.0 150.0 
 589 1362630489     325973 3 7 40.0 150.0 
 589 1362630489     335993 3 7 40.0 150.0 
 589 1362630489     345971 3 7 40.0 150.0 
 589 1362630489     355994 3 7 40.0 150.0 
 588 1362630489     365973 3 7 40.0 150.0 
 588 1362630489     375985 3 7 40.0 150.0 
 589 1362630489     385998 3 7 40.0 150.0 
 588 1362630489     396017 3 7 40.0 150.0 
 589 1362630489     406018 3 7 40.0 150.0 
 589 1362630489     416013 3 7 40.0 150.0 
 589 1362630489     426032 3 7 40.0 150.0 
 588 1362630489     436016 3 7 40.0 150.0 
 588 1362630489     446021 3 7 40.0 150.0 
 589 1362630489     456042 3 7 40.0 150.0 
 589 1362630489     466039 3 7 40.0 150.0 
 589 1362630489     476096 3 7 40.0 150.0 
 589 1362630489     486045 3 7 40.0 150.0 
 588 1362630489     496080 3 7 40.0 150.0 
 589 1362630489     506072 3 7 40.0 150.0 
 589 1362630489     516086 3 7 40.0 150.0 
 589 1362630489     526112 3 7 40.0 150.0 
 588 1362630489     536122 3 7 40.0 150.0 
 589 1362630489     546139 3 7 40.0 150.0 
 588 1362630489     556146 3 7 40.0 150.0 
 589 1362630489     566147 3 7 40.0 150.0 
 589 1362630489     576161 3 7 40.0 150.0 
 589 1362630489     586120 3 7 40.0 150.0 
 588 1362630489     596126 3 7 40.0 150.0 
 589 1362630489     606150 3 7 40.0 150.0 
 589 1362630489     616166 3 7 40.0 150.0 
 589 1362630489     626165 3 7 40.0 150.0 
 588 1362630489     636176 3 7 40.0 150.0 
 589 1362630489     646337 3 7 40.0 150.0 
 588 1362630489     656222 3 7 40.0 150.0 
 590 1362630489     666230 3 7 40.0 150.0 
 589 1362630489     676180 3 7 40.0 150.0 
 588 1362630489     686207 3 7 40.0 150.0 
 588 1362630489     696227 3 7 40.0 150.0 
 589 1362630489     706241 3 7 40.0 150.0 
 588 1362630489     716243 3 7 40.0 150.0 
 589 1362630489     726237 3 7 40.0 150.0 
 588 1362630489     736244 3 7 40.0 150.0 
 589 1362630489     746281 3 7 40.0 150.0 
 588 1362630489     756225 3 7 40.0 150.0 
 589 1362630489     766253 3 7 40.0 150.0 
 588 1362630489     776294 3 7 40.0 150.0 
 588 1362630489     786246 3 7 40.0 150.0 
 589 1362630489     796266 3 7 40.0 150.0 
 590 1362630489     806262 3 7 40.0 150.0 
 588 1362630489     816272 3 7 40.0 150.0 
 589 1362630489     826294 3 7 40.0 150.0 
 589 1362630489     836312 3 7 40.0 150.0 
 589 1362630489     846334 3 7 40.0 150.0 
 589 1362630489     856351 3 7 40.0 150.0 
 589 1362630489     866363 3 7 40.0 150.0 
 588 1362630489     876324 3 7 40.0 150.0 
 589 1362630489     886350 3 7 40.0 150.0 
 589 1362630489     896373 3 7 40.0 150.0 
 589 1362630489     906392 3 7 40.0 150.0 
 588 1362630489     916340 3 7 40.0 150.0 
 589 1362630489     926369 3 7 40.0 150.0 
 588 1362630489     936400 3 7 40.0 150.0 
 589 1362630489     946385 3 7 40.0 150.0 
 589 1362630489     956416 3 7 40.0 150.0 
 588 1362630489     966403 3 7 40.0 150.0 
 588 1362630489     976436 3 7 40.0 150.0 
 589 1362630489     986379 3 7 40.0 150.0 
 589 1362630489     996397 3 7 40.0 150.0 
 589 1362630490       6423 3 7 40.0 150.0 
 588 1362630490      16439 3 7 40.0 150.0 
 589 1362630490      26402 3 7 40.0 150.0 
 588 1362630490      36414 3 7 40.0 150.0 
 589 1362630490      46442 3 7 40.0 150.0 
 589 1362630490      56457 3 7 40.0 150.0 
 588 1362630490      66463 3 7 40.0 150.0 
 588 1362630490      76491 3 7 40.0 150.0 
 589 1362630490      86508 3 7 40.0 150.0 
 589 1362630490      96458 3 7 40.0 150.0 
 589 1362630490     106460 3 7 40.0 150.0 
 589 1362630490     116489 3 7 40.0 150.0 
