 472 1362629397      23292 2 6 40.0 150.0 
 471 1362629397      33341 2 6 40.0 150.0 
 472 1362629397      43325 2 6 40.0 150.0 
 473 1362629397      53421 2 6 40.0 150.0 
 472 1362629397      63347 2 6 40.0 150.0 
 471 1362629397      73437 2 6 40.0 150.0 
 473 1362629397      83375 2 6 40.0 150.0 
 473 1362629397      93318 2 6 40.0 150.0 
 473 1362629397     115340 2 6 40.0 150.0 
 472 1362629397     123314 2 6 40.0 150.0 
 473 1362629397     133366 2 6 40.0 150.0 
 472 1362629397     143371 2 6 40.0 150.0 
 471 1362629397     153328 2 6 40.0 150.0 
 473 1362629397     163322 2 6 40.0 150.0 
 473 1362629397     173382 2 6 40.0 150.0 
 472 1362629397     183396 2 6 40.0 150.0 
 472 1362629397     193401 2 6 40.0 150.0 
 473 1362629397     203353 2 6 40.0 150.0 
 473 1362629397     213365 2 6 40.0 150.0 
 471 1362629397     223389 2 6 40.0 150.0 
 472 1362629397     233407 2 6 40.0 150.0 
 472 1362629397     243418 2 6 40.0 150.0 
 472 1362629397     253430 2 6 40.0 150.0 
 472 1362629397     263459 2 6 40.0 150.0 
 473 1362629397     273403 2 6 40.0 150.0 
 472 1362629397     283434 2 6 40.0 150.0 
 472 1362629397     293470 2 6 40.0 150.0 
 473 1362629397     303459 2 6 40.0 150.0 
 472 1362629397     313441 2 6 40.0 150.0 
 473 1362629397     323473 2 6 40.0 150.0 
 472 1362629397     333490 2 6 40.0 150.0 
 472 1362629397     343467 2 6 40.0 150.0 
 473 1362629397     353485 2 6 40.0 150.0 
 473 1362629397     363490 2 6 40.0 150.0 
 473 1362629397     373529 2 6 40.0 150.0 
 472 1362629397     383495 2 6 40.0 150.0 
 472 1362629397     393515 2 6 40.0 150.0 
 472 1362629397     403539 2 6 40.0 150.0 
 473 1362629397     413509 2 6 40.0 150.0 
 473 1362629397     423528 2 6 40.0 150.0 
 472 1362629397     433564 2 6 40.0 150.0 
 472 1362629397     443531 2 6 40.0 150.0 
 472 1362629397     453544 2 6 40.0 150.0 
 473 1362629397     463570 2 6 40.0 150.0 
 473 1362629397     473597 2 6 40.0 150.0 
 473 1362629397     483553 2 6 40.0 150.0 
 471 1362629397     493561 2 6 40.0 150.0 
 472 1362629397     503587 2 6 40.0 150.0 
 472 1362629397     513610 2 6 40.0 150.0 
 473 1362629397     523570 2 6 40.0 150.0 
 472 1362629397     533617 2 6 40.0 150.0 
 472 1362629397     543643 2 6 40.0 150.0 
 472 1362629397     553599 2 6 40.0 150.0 
 472 1362629397     563626 2 6 40.0 150.0 
 473 1362629397     573660 2 6 40.0 150.0 
 472 1362629397     583622 2 6 40.0 150.0 
 472 1362629397     593650 2 6 40.0 150.0 
 472 1362629397     603661 2 6 40.0 150.0 
 473 1362629397     613634 2 6 40.0 150.0 
 471 1362629397     623683 2 6 40.0 150.0 
 472 1362629397     633639 2 6 40.0 150.0 
 473 1362629397     643669 2 6 40.0 150.0 
 473 1362629397     653708 2 6 40.0 150.0 
 472 1362629397     663671 2 6 40.0 150.0 
 472 1362629397     673713 2 6 40.0 150.0 
 472 1362629397     683689 2 6 40.0 150.0 
 472 1362629397     693716 2 6 40.0 150.0 
 473 1362629397     703720 2 6 40.0 150.0 
 473 1362629397     713691 2 6 40.0 150.0 
 471 1362629397     723717 2 6 40.0 150.0 
 472 1362629397     733745 2 6 40.0 150.0 
 473 1362629397     743729 2 6 40.0 150.0 
 472 1362629397     753744 2 6 40.0 150.0 
 471 1362629397     763760 2 6 40.0 150.0 
 472 1362629397     773782 2 6 40.0 150.0 
 472 1362629397     783764 2 6 40.0 150.0 
 472 1362629397     793779 2 6 40.0 150.0 
 472 1362629397     803803 2 6 40.0 150.0 
 472 1362629397     813763 2 6 40.0 150.0 
 472 1362629397     823791 2 6 40.0 150.0 
 472 1362629397     833809 2 6 40.0 150.0 
 472 1362629397     843841 2 6 40.0 150.0 
 472 1362629397     853796 2 6 40.0 150.0 
 473 1362629397     863795 2 6 40.0 150.0 
 472 1362629397     873827 2 6 40.0 150.0 
 472 1362629397     883862 2 6 40.0 150.0 
 473 1362629397     893812 2 6 40.0 150.0 
 472 1362629397     903844 2 6 40.0 150.0 
 472 1362629397     913861 2 6 40.0 150.0 
 473 1362629397     923829 2 6 40.0 150.0 
 473 1362629397     933844 2 6 40.0 150.0 
 472 1362629397     943856 2 6 40.0 150.0 
 472 1362629397     953863 2 6 40.0 150.0 
 472 1362629397     963885 2 6 40.0 150.0 
 472 1362629397     973923 2 6 40.0 150.0 
 473 1362629397     983883 2 6 40.0 150.0 
 473 1362629397     993880 2 6 40.0 150.0 
 471 1362629398       3889 2 6 40.0 150.0 
 472 1362629398      13927 2 6 40.0 150.0 
 473 1362629398      23898 2 6 40.0 150.0 
