 596 1362624520     237522 1 2 40.0 150.0 
 596 1362624520     247614 1 2 40.0 150.0 
 597 1362624520     257579 1 2 40.0 150.0 
 596 1362624520     267627 1 2 40.0 150.0 
 597 1362624520     277560 1 2 40.0 150.0 
 597 1362624520     287582 1 2 40.0 150.0 
 595 1362624520     297600 1 2 40.0 150.0 
 597 1362624520     307541 1 2 40.0 150.0 
 596 1362624520     317610 1 2 40.0 150.0 
 596 1362624520     327582 1 2 40.0 150.0 
 596 1362624520     337645 1 2 40.0 150.0 
 595 1362624520     347684 1 2 40.0 150.0 
 596 1362624520     357677 1 2 40.0 150.0 
 596 1362624520     367538 1 2 40.0 150.0 
 596 1362624520     377646 1 2 40.0 150.0 
 597 1362624520     387706 1 2 40.0 150.0 
 597 1362624520     397584 1 2 40.0 150.0 
 596 1362624520     407575 1 2 40.0 150.0 
 596 1362624520     417600 1 2 40.0 150.0 
 596 1362624520     427596 1 2 40.0 150.0 
 597 1362624520     437587 1 2 40.0 150.0 
 596 1362624520     447580 1 2 40.0 150.0 
 597 1362624520     457579 1 2 40.0 150.0 
 596 1362624520     467591 1 2 40.0 150.0 
 596 1362624520     477590 1 2 40.0 150.0 
 597 1362624520     487612 1 2 40.0 150.0 
 596 1362624520     497627 1 2 40.0 150.0 
 596 1362624520     507631 1 2 40.0 150.0 
 597 1362624520     517632 1 2 40.0 150.0 
 597 1362624520     527647 1 2 40.0 150.0 
 597 1362624520     537669 1 2 40.0 150.0 
 597 1362624520     547679 1 2 40.0 150.0 
 596 1362624520     557697 1 2 40.0 150.0 
 597 1362624520     567706 1 2 40.0 150.0 
 596 1362624520     577686 1 2 40.0 150.0 
 596 1362624520     587688 1 2 40.0 150.0 
 596 1362624520     597700 1 2 40.0 150.0 
 596 1362624520     607705 1 2 40.0 150.0 
 597 1362624520     617710 1 2 40.0 150.0 
 596 1362624520     627716 1 2 40.0 150.0 
 597 1362624520     637728 1 2 40.0 150.0 
 597 1362624520     647732 1 2 40.0 150.0 
 596 1362624520     657732 1 2 40.0 150.0 
 597 1362624520     667739 1 2 40.0 150.0 
 595 1362624520     677741 1 2 40.0 150.0 
 596 1362624520     687746 1 2 40.0 150.0 
 596 1362624520     697776 1 2 40.0 150.0 
 596 1362624520     707779 1 2 40.0 150.0 
 596 1362624520     717792 1 2 40.0 150.0 
 596 1362624520     727803 1 2 40.0 150.0 
 597 1362624520     737807 1 2 40.0 150.0 
 596 1362624520     747822 1 2 40.0 150.0 
 596 1362624520     757828 1 2 40.0 150.0 
 597 1362624520     767777 1 2 40.0 150.0 
 597 1362624520     777783 1 2 40.0 150.0 
 597 1362624520     787853 1 2 40.0 150.0 
 596 1362624520     797865 1 2 40.0 150.0 
 596 1362624520     807806 1 2 40.0 150.0 
 596 1362624520     817817 1 2 40.0 150.0 
 596 1362624520     827823 1 2 40.0 150.0 
 597 1362624520     837827 1 2 40.0 150.0 
 596 1362624520     847843 1 2 40.0 150.0 
 595 1362624520     857857 1 2 40.0 150.0 
 596 1362624520     867857 1 2 40.0 150.0 
 596 1362624520     877853 1 2 40.0 150.0 
 596 1362624520     887870 1 2 40.0 150.0 
 597 1362624520     897891 1 2 40.0 150.0 
 596 1362624520     907890 1 2 40.0 150.0 
 596 1362624520     917908 1 2 40.0 150.0 
 597 1362624520     927921 1 2 40.0 150.0 
 597 1362624520     937939 1 2 40.0 150.0 
 597 1362624520     947948 1 2 40.0 150.0 
 596 1362624520     957972 1 2 40.0 150.0 
 596 1362624520     967910 1 2 40.0 150.0 
 596 1362624520     977926 1 2 40.0 150.0 
 595 1362624520     987921 1 2 40.0 150.0 
 596 1362624520     997981 1 2 40.0 150.0 
 596 1362624521       7939 1 2 40.0 150.0 
 597 1362624521      17959 1 2 40.0 150.0 
 596 1362624521      27978 1 2 40.0 150.0 
 597 1362624521      37996 1 2 40.0 150.0 
 597 1362624521      48029 1 2 40.0 150.0 
 596 1362624521      57973 1 2 40.0 150.0 
 596 1362624521      67990 1 2 40.0 150.0 
 596 1362624521      78019 1 2 40.0 150.0 
 595 1362624521      88044 1 2 40.0 150.0 
 596 1362624521      98029 1 2 40.0 150.0 
 596 1362624521     108069 1 2 40.0 150.0 
 597 1362624521     118038 1 2 40.0 150.0 
 596 1362624521     128039 1 2 40.0 150.0 
 596 1362624521     138037 1 2 40.0 150.0 
 597 1362624521     148038 1 2 40.0 150.0 
 596 1362624521     158102 1 2 40.0 150.0 
 597 1362624521     168100 1 2 40.0 150.0 
 598 1362624521     178093 1 2 40.0 150.0 
 597 1362624521     188086 1 2 40.0 150.0 
 596 1362624521     198107 1 2 40.0 150.0 
 597 1362624521     208111 1 2 40.0 150.0 
 596 1362624521     218122 1 2 40.0 150.0 
 597 1362624521     228109 1 2 40.0 150.0 
