 158 1362623627     437520 0 8 40.0 50.0 
 157 1362623627     447514 0 8 40.0 50.0 
 158 1362623627     457484 0 8 40.0 50.0 
 157 1362623627     467439 0 8 40.0 50.0 
 158 1362623627     477559 0 8 40.0 50.0 
 158 1362623627     503411 0 8 40.0 50.0 
 158 1362623627     507475 0 8 40.0 50.0 
 158 1362623627     517490 0 8 40.0 50.0 
 158 1362623627     527502 0 8 40.0 50.0 
 158 1362623627     537497 0 8 40.0 50.0 
 158 1362623627     547519 0 8 40.0 50.0 
 158 1362623627     557529 0 8 40.0 50.0 
 158 1362623627     567522 0 8 40.0 50.0 
 158 1362623627     577486 0 8 40.0 50.0 
 158 1362623627     587501 0 8 40.0 50.0 
 157 1362623627     597500 0 8 40.0 50.0 
 158 1362623627     607538 0 8 40.0 50.0 
 158 1362623627     617523 0 8 40.0 50.0 
 158 1362623627     627570 0 8 40.0 50.0 
 157 1362623627     637574 0 8 40.0 50.0 
 158 1362623627     647544 0 8 40.0 50.0 
 158 1362623627     657557 0 8 40.0 50.0 
 158 1362623627     667580 0 8 40.0 50.0 
 158 1362623627     677605 0 8 40.0 50.0 
 158 1362623627     687622 0 8 40.0 50.0 
 158 1362623627     697576 0 8 40.0 50.0 
 158 1362623627     707594 0 8 40.0 50.0 
 158 1362623627     717604 0 8 40.0 50.0 
 157 1362623627     727633 0 8 40.0 50.0 
 158 1362623627     737646 0 8 40.0 50.0 
 158 1362623627     747609 0 8 40.0 50.0 
 158 1362623627     757615 0 8 40.0 50.0 
 157 1362623627     767625 0 8 40.0 50.0 
 157 1362623627     777653 0 8 40.0 50.0 
 158 1362623627     787665 0 8 40.0 50.0 
 158 1362623627     797677 0 8 40.0 50.0 
 158 1362623627     807693 0 8 40.0 50.0 
 158 1362623627     817702 0 8 40.0 50.0 
 158 1362623627     827653 0 8 40.0 50.0 
 158 1362623627     837676 0 8 40.0 50.0 
 159 1362623627     847692 0 8 40.0 50.0 
 158 1362623627     857709 0 8 40.0 50.0 
 158 1362623627     867717 0 8 40.0 50.0 
 158 1362623627     877728 0 8 40.0 50.0 
 158 1362623627     887738 0 8 40.0 50.0 
 158 1362623627     897755 0 8 40.0 50.0 
 158 1362623627     907761 0 8 40.0 50.0 
 158 1362623627     917707 0 8 40.0 50.0 
 158 1362623627     927745 0 8 40.0 50.0 
 158 1362623627     937761 0 8 40.0 50.0 
 158 1362623627     947789 0 8 40.0 50.0 
 158 1362623627     957736 0 8 40.0 50.0 
 158 1362623627     967758 0 8 40.0 50.0 
 158 1362623627     977766 0 8 40.0 50.0 
 158 1362623627     987774 0 8 40.0 50.0 
 158 1362623627     997778 0 8 40.0 50.0 
 158 1362623628       7787 0 8 40.0 50.0 
 158 1362623628      17802 0 8 40.0 50.0 
 158 1362623628      27817 0 8 40.0 50.0 
 158 1362623628      37834 0 8 40.0 50.0 
 158 1362623628      47845 0 8 40.0 50.0 
 158 1362623628      57806 0 8 40.0 50.0 
 158 1362623628      67827 0 8 40.0 50.0 
 157 1362623628      77843 0 8 40.0 50.0 
 158 1362623628      87862 0 8 40.0 50.0 
 158 1362623628      97866 0 8 40.0 50.0 
 158 1362623628     107869 0 8 40.0 50.0 
 157 1362623628     117895 0 8 40.0 50.0 
 158 1362623628     127855 0 8 40.0 50.0 
 158 1362623628     137873 0 8 40.0 50.0 
 158 1362623628     147882 0 8 40.0 50.0 
 157 1362623628     157907 0 8 40.0 50.0 
 158 1362623628     167924 0 8 40.0 50.0 
 158 1362623628     177879 0 8 40.0 50.0 
 158 1362623628     187893 0 8 40.0 50.0 
 158 1362623628     197936 0 8 40.0 50.0 
 158 1362623628     207903 0 8 40.0 50.0 
 158 1362623628     217965 0 8 40.0 50.0 
 158 1362623628     227938 0 8 40.0 50.0 
 158 1362623628     237966 0 8 40.0 50.0 
 158 1362623628     247944 0 8 40.0 50.0 
 158 1362623628     257995 0 8 40.0 50.0 
 158 1362623628     267976 0 8 40.0 50.0 
 158 1362623628     278010 0 8 40.0 50.0 
 158 1362623628     287966 0 8 40.0 50.0 
 158 1362623628     298022 0 8 40.0 50.0 
 158 1362623628     307984 0 8 40.0 50.0 
 157 1362623628     318015 0 8 40.0 50.0 
 158 1362623628     328034 0 8 40.0 50.0 
 157 1362623628     338048 0 8 40.0 50.0 
 158 1362623628     348052 0 8 40.0 50.0 
 157 1362623628     358058 0 8 40.0 50.0 
 158 1362623628     368066 0 8 40.0 50.0 
 158 1362623628     378057 0 8 40.0 50.0 
 158 1362623628     388038 0 8 40.0 50.0 
 158 1362623628     398065 0 8 40.0 50.0 
 158 1362623628     408080 0 8 40.0 50.0 
 158 1362623628     418078 0 8 40.0 50.0 
 158 1362623628     428046 0 8 40.0 50.0 
 158 1362623628     438085 0 8 40.0 50.0 
 157 1362623628     448065 0 8 40.0 50.0 
 158 1362623628     458119 0 8 40.0 50.0 
 158 1362623628     468072 0 8 40.0 50.0 
 158 1362623628     478112 0 8 40.0 50.0 
 158 1362623628     488099 0 8 40.0 50.0 
 158 1362623628     498094 0 8 40.0 50.0 
 158 1362623628     508158 0 8 40.0 50.0 
 157 1362623628     518110 0 8 40.0 50.0 
 158 1362623628     528142 0 8 40.0 50.0 
 158 1362623628     538129 0 8 40.0 50.0 
 158 1362623628     548173 0 8 40.0 50.0 
 158 1362623628     558129 0 8 40.0 50.0 
 158 1362623628     568141 0 8 40.0 50.0 
 157 1362623628     578150 0 8 40.0 50.0 
 158 1362623628     588173 0 8 40.0 50.0 
 158 1362623628     598194 0 8 40.0 50.0 
 158 1362623628     608196 0 8 40.0 50.0 
 158 1362623628     618200 0 8 40.0 50.0 
 158 1362623628     628241 0 8 40.0 50.0 
 158 1362623628     638186 0 8 40.0 50.0 
 158 1362623628     648196 0 8 40.0 50.0 
 158 1362623628     658261 0 8 40.0 50.0 
 158 1362623628     668234 0 8 40.0 50.0 
 158 1362623628     678240 0 8 40.0 50.0 
 158 1362623628     688281 0 8 40.0 50.0 
 158 1362623628     698272 0 8 40.0 50.0 
 157 1362623628     708228 0 8 40.0 50.0 
 158 1362623628     718243 0 8 40.0 50.0 
 158 1362623628     728307 0 8 40.0 50.0 
 158 1362623628     738268 0 8 40.0 50.0 
 158 1362623628     748291 0 8 40.0 50.0 
 158 1362623628     758313 0 8 40.0 50.0 
 158 1362623628     768289 0 8 40.0 50.0 
 158 1362623628     778331 0 8 40.0 50.0 
 158 1362623628     788296 0 8 40.0 50.0 
 158 1362623628     798306 0 8 40.0 50.0 
 158 1362623628     808340 0 8 40.0 50.0 
 157 1362623628     818305 0 8 40.0 50.0 
 158 1362623628     828360 0 8 40.0 50.0 
 158 1362623628     838370 0 8 40.0 50.0 
 159 1362623628     848347 0 8 40.0 50.0 
 158 1362623628     858394 0 8 40.0 50.0 
 158 1362623628     868362 0 8 40.0 50.0 
 158 1362623628     878375 0 8 40.0 50.0 
 158 1362623628     888432 0 8 40.0 50.0 
 158 1362623628     898356 0 8 40.0 50.0 
 158 1362623628     908382 0 8 40.0 50.0 
 158 1362623628     918398 0 8 40.0 50.0 
 157 1362623628     928400 0 8 40.0 50.0 
 158 1362623628     938445 0 8 40.0 50.0 
 157 1362623628     948427 0 8 40.0 50.0 
 158 1362623628     958426 0 8 40.0 50.0 
 157 1362623628     968479 0 8 40.0 50.0 
 158 1362623628     978450 0 8 40.0 50.0 
 158 1362623628     988424 0 8 40.0 50.0 
 158 1362623628     998471 0 8 40.0 50.0 
 158 1362623629       8490 0 8 40.0 50.0 
 158 1362623629      18477 0 8 40.0 50.0 
 158 1362623629      28465 0 8 40.0 50.0 
 158 1362623629      38511 0 8 40.0 50.0 
 158 1362623629      48483 0 8 40.0 50.0 
 157 1362623629      58477 0 8 40.0 50.0 
 158 1362623629      68468 0 8 40.0 50.0 
 157 1362623629      78516 0 8 40.0 50.0 
 158 1362623629      88490 0 8 40.0 50.0 
 158 1362623629      98534 0 8 40.0 50.0 
 159 1362623629     108534 0 8 40.0 50.0 
 158 1362623629     118523 0 8 40.0 50.0 
 158 1362623629     128518 0 8 40.0 50.0 
 158 1362623629     138517 0 8 40.0 50.0 
 158 1362623629     148531 0 8 40.0 50.0 
 158 1362623629     158589 0 8 40.0 50.0 
 158 1362623629     168539 0 8 40.0 50.0 
 158 1362623629     178546 0 8 40.0 50.0 
 158 1362623629     188609 0 8 40.0 50.0 
 159 1362623629     198603 0 8 40.0 50.0 
 157 1362623629     208600 0 8 40.0 50.0 
 158 1362623629     218615 0 8 40.0 50.0 
 158 1362623629     228638 0 8 40.0 50.0 
 158 1362623629     238590 0 8 40.0 50.0 
 158 1362623629     248595 0 8 40.0 50.0 
 158 1362623629     258611 0 8 40.0 50.0 
 158 1362623629     268611 0 8 40.0 50.0 
 158 1362623629     278631 0 8 40.0 50.0 
 158 1362623629     288637 0 8 40.0 50.0 
 158 1362623629     298674 0 8 40.0 50.0 
 159 1362623629     308688 0 8 40.0 50.0 
 158 1362623629     318647 0 8 40.0 50.0 
 158 1362623629     328674 0 8 40.0 50.0 
 158 1362623629     338683 0 8 40.0 50.0 
 158 1362623629     348723 0 8 40.0 50.0 
 158 1362623629     358687 0 8 40.0 50.0 
 158 1362623629     368703 0 8 40.0 50.0 
 158 1362623629     378721 0 8 40.0 50.0 
 158 1362623629     388737 0 8 40.0 50.0 
 158 1362623629     398703 0 8 40.0 50.0 
 158 1362623629     408715 0 8 40.0 50.0 
 158 1362623629     418734 0 8 40.0 50.0 
 157 1362623629     428707 0 8 40.0 50.0 
 158 1362623629     438720 0 8 40.0 50.0 
 158 1362623629     448729 0 8 40.0 50.0 
 158 1362623629     458785 0 8 40.0 50.0 
 158 1362623629     468735 0 8 40.0 50.0 
 158 1362623629     478745 0 8 40.0 50.0 
 158 1362623629     488764 0 8 40.0 50.0 
 158 1362623629     498769 0 8 40.0 50.0 
 158 1362623629     508776 0 8 40.0 50.0 
 158 1362623629     518803 0 8 40.0 50.0 
 158 1362623629     528824 0 8 40.0 50.0 
 158 1362623629     538780 0 8 40.0 50.0 
 158 1362623629     548809 0 8 40.0 50.0 
 157 1362623629     558804 0 8 40.0 50.0 
 158 1362623629     568802 0 8 40.0 50.0 
 158 1362623629     578811 0 8 40.0 50.0 
 158 1362623629     588820 0 8 40.0 50.0 
 158 1362623629     598874 0 8 40.0 50.0 
 158 1362623629     608880 0 8 40.0 50.0 
 158 1362623629     618829 0 8 40.0 50.0 
 158 1362623629     628857 0 8 40.0 50.0 
 158 1362623629     638858 0 8 40.0 50.0 
 158 1362623629     648869 0 8 40.0 50.0 
 158 1362623629     658863 0 8 40.0 50.0 
 158 1362623629     668878 0 8 40.0 50.0 
 158 1362623629     678930 0 8 40.0 50.0 
 158 1362623629     688880 0 8 40.0 50.0 
 158 1362623629     698881 0 8 40.0 50.0 
 158 1362623629     708886 0 8 40.0 50.0 
 158 1362623629     718892 0 8 40.0 50.0 
 157 1362623629     728921 0 8 40.0 50.0 
 158 1362623629     738965 0 8 40.0 50.0 
 158 1362623629     748949 0 8 40.0 50.0 
 158 1362623629     758954 0 8 40.0 50.0 
 158 1362623629     768936 0 8 40.0 50.0 
 158 1362623629     778965 0 8 40.0 50.0 
 158 1362623629     788974 0 8 40.0 50.0 
 157 1362623629     798948 0 8 40.0 50.0 
 158 1362623629     808962 0 8 40.0 50.0 
 158 1362623629     818993 0 8 40.0 50.0 
 158 1362623629     829016 0 8 40.0 50.0 
 157 1362623629     839032 0 8 40.0 50.0 
 158 1362623629     849031 0 8 40.0 50.0 
 158 1362623629     859007 0 8 40.0 50.0 
 158 1362623629     869052 0 8 40.0 50.0 
 158 1362623629     879052 0 8 40.0 50.0 
 158 1362623629     889009 0 8 40.0 50.0 
 158 1362623629     899035 0 8 40.0 50.0 
 157 1362623629     909071 0 8 40.0 50.0 
 158 1362623629     919049 0 8 40.0 50.0 
 158 1362623629     929053 0 8 40.0 50.0 
 158 1362623629     939100 0 8 40.0 50.0 
 157 1362623629     949071 0 8 40.0 50.0 
 158 1362623629     959102 0 8 40.0 50.0 
 158 1362623629     969064 0 8 40.0 50.0 
 158 1362623629     979063 0 8 40.0 50.0 
 158 1362623629     989102 0 8 40.0 50.0 
 158 1362623629     999135 0 8 40.0 50.0 
 158 1362623630       9106 0 8 40.0 50.0 
 158 1362623630      19132 0 8 40.0 50.0 
 158 1362623630      29156 0 8 40.0 50.0 
 158 1362623630      39115 0 8 40.0 50.0 
 158 1362623630      49147 0 8 40.0 50.0 
 158 1362623630      59120 0 8 40.0 50.0 
 158 1362623630      69178 0 8 40.0 50.0 
 158 1362623630      79191 0 8 40.0 50.0 
 158 1362623630      89194 0 8 40.0 50.0 
 158 1362623630      99149 0 8 40.0 50.0 
 158 1362623630     109155 0 8 40.0 50.0 
 158 1362623630     119178 0 8 40.0 50.0 
 158 1362623630     129203 0 8 40.0 50.0 
 158 1362623630     139197 0 8 40.0 50.0 
 158 1362623630     149229 0 8 40.0 50.0 
 158 1362623630     159207 0 8 40.0 50.0 
 157 1362623630     169220 0 8 40.0 50.0 
 158 1362623630     179247 0 8 40.0 50.0 
 158 1362623630     189236 0 8 40.0 50.0 
 159 1362623630     199249 0 8 40.0 50.0 
 158 1362623630     209251 0 8 40.0 50.0 
 158 1362623630     219238 0 8 40.0 50.0 
 158 1362623630     229230 0 8 40.0 50.0 
 158 1362623630     239274 0 8 40.0 50.0 
 157 1362623630     249262 0 8 40.0 50.0 
 157 1362623630     259299 0 8 40.0 50.0 
 158 1362623630     269252 0 8 40.0 50.0 
 158 1362623630     279301 0 8 40.0 50.0 
 158 1362623630     289331 0 8 40.0 50.0 
 157 1362623630     299276 0 8 40.0 50.0 
 158 1362623630     309313 0 8 40.0 50.0 
 158 1362623630     319330 0 8 40.0 50.0 
 158 1362623630     329338 0 8 40.0 50.0 
 158 1362623630     339308 0 8 40.0 50.0 
 158 1362623630     349363 0 8 40.0 50.0 
 158 1362623630     359364 0 8 40.0 50.0 
 158 1362623630     369341 0 8 40.0 50.0 
 158 1362623630     379330 0 8 40.0 50.0 
 158 1362623630     389358 0 8 40.0 50.0 
 158 1362623630     399384 0 8 40.0 50.0 
 158 1362623630     409349 0 8 40.0 50.0 
 158 1362623630     419414 0 8 40.0 50.0 
 157 1362623630     429361 0 8 40.0 50.0 
 158 1362623630     439422 0 8 40.0 50.0 
 158 1362623630     449416 0 8 40.0 50.0 
 158 1362623630     459436 0 8 40.0 50.0 
 158 1362623630     469449 0 8 40.0 50.0 
 158 1362623630     479418 0 8 40.0 50.0 
 158 1362623630     489419 0 8 40.0 50.0 
 158 1362623630     499470 0 8 40.0 50.0 
 158 1362623630     509444 0 8 40.0 50.0 
 158 1362623630     519469 0 8 40.0 50.0 
 158 1362623630     529437 0 8 40.0 50.0 
 157 1362623630     539479 0 8 40.0 50.0 
 158 1362623630     549493 0 8 40.0 50.0 
 157 1362623630     559458 0 8 40.0 50.0 
 158 1362623630     569455 0 8 40.0 50.0 
 158 1362623630     579464 0 8 40.0 50.0 
 158 1362623630     589502 0 8 40.0 50.0 
 158 1362623630     599497 0 8 40.0 50.0 
 158 1362623630     609508 0 8 40.0 50.0 
 158 1362623630     619509 0 8 40.0 50.0 
 158 1362623630     629536 0 8 40.0 50.0 
 158 1362623630     639554 0 8 40.0 50.0 
 158 1362623630     649540 0 8 40.0 50.0 
 158 1362623630     659525 0 8 40.0 50.0 
 158 1362623630     669570 0 8 40.0 50.0 
 158 1362623630     679562 0 8 40.0 50.0 
 157 1362623630     689581 0 8 40.0 50.0 
 158 1362623630     699572 0 8 40.0 50.0 
 158 1362623630     709571 0 8 40.0 50.0 
 158 1362623630     719596 0 8 40.0 50.0 
 158 1362623630     729612 0 8 40.0 50.0 
 158 1362623630     739587 0 8 40.0 50.0 
 158 1362623630     749571 0 8 40.0 50.0 
 158 1362623630     759637 0 8 40.0 50.0 
 158 1362623630     769619 0 8 40.0 50.0 
 157 1362623630     779624 0 8 40.0 50.0 
 158 1362623630     789660 0 8 40.0 50.0 
 158 1362623630     799611 0 8 40.0 50.0 
 158 1362623630     809628 0 8 40.0 50.0 
 158 1362623630     819676 0 8 40.0 50.0 
 158 1362623630     829674 0 8 40.0 50.0 
 158 1362623630     839678 0 8 40.0 50.0 
 158 1362623630     849683 0 8 40.0 50.0 
 158 1362623630     859659 0 8 40.0 50.0 
 158 1362623630     869694 0 8 40.0 50.0 
 158 1362623630     879677 0 8 40.0 50.0 
 158 1362623630     889695 0 8 40.0 50.0 
 158 1362623630     899711 0 8 40.0 50.0 
 158 1362623630     909727 0 8 40.0 50.0 
 158 1362623630     919706 0 8 40.0 50.0 
 158 1362623630     929698 0 8 40.0 50.0 
 158 1362623630     939723 0 8 40.0 50.0 
 158 1362623630     949742 0 8 40.0 50.0 
 158 1362623630     959736 0 8 40.0 50.0 
 158 1362623630     969764 0 8 40.0 50.0 
 158 1362623630     979758 0 8 40.0 50.0 
 158 1362623630     989746 0 8 40.0 50.0 
 158 1362623630     999741 0 8 40.0 50.0 
 157 1362623631       9744 0 8 40.0 50.0 
 158 1362623631      19808 0 8 40.0 50.0 
 158 1362623631      29798 0 8 40.0 50.0 
 158 1362623631      39779 0 8 40.0 50.0 
 158 1362623631      49794 0 8 40.0 50.0 
 157 1362623631      59820 0 8 40.0 50.0 
 158 1362623631      69822 0 8 40.0 50.0 
 158 1362623631      79842 0 8 40.0 50.0 
 158 1362623631      89825 0 8 40.0 50.0 
 157 1362623631      99851 0 8 40.0 50.0 
 158 1362623631     109820 0 8 40.0 50.0 
 158 1362623631     119866 0 8 40.0 50.0 
 158 1362623631     129860 0 8 40.0 50.0 
 158 1362623631     139845 0 8 40.0 50.0 
 158 1362623631     149883 0 8 40.0 50.0 
 158 1362623631     159864 0 8 40.0 50.0 
 158 1362623631     169852 0 8 40.0 50.0 
 158 1362623631     179896 0 8 40.0 50.0 
 158 1362623631     189868 0 8 40.0 50.0 
 158 1362623631     199869 0 8 40.0 50.0 
 158 1362623631     209903 0 8 40.0 50.0 
 158 1362623631     219940 0 8 40.0 50.0 
 158 1362623631     229931 0 8 40.0 50.0 
 158 1362623631     239930 0 8 40.0 50.0 
 158 1362623631     249941 0 8 40.0 50.0 
 158 1362623631     259917 0 8 40.0 50.0 
 158 1362623631     269933 0 8 40.0 50.0 
 158 1362623631     279970 0 8 40.0 50.0 
 159 1362623631     289942 0 8 40.0 50.0 
 158 1362623631     299984 0 8 40.0 50.0 
 158 1362623631     309941 0 8 40.0 50.0 
 157 1362623631     319994 0 8 40.0 50.0 
 158 1362623631     329996 0 8 40.0 50.0 
 158 1362623631     339982 0 8 40.0 50.0 
 158 1362623631     350011 0 8 40.0 50.0 
 158 1362623631     360011 0 8 40.0 50.0 
 158 1362623631     370037 0 8 40.0 50.0 
 158 1362623631     380044 0 8 40.0 50.0 
 158 1362623631     390022 0 8 40.0 50.0 
 158 1362623631     400039 0 8 40.0 50.0 
 158 1362623631     410031 0 8 40.0 50.0 
 158 1362623631     420055 0 8 40.0 50.0 
 158 1362623631     430085 0 8 40.0 50.0 
 158 1362623631     440075 0 8 40.0 50.0 
 158 1362623631     450047 0 8 40.0 50.0 
 158 1362623631     460101 0 8 40.0 50.0 
 158 1362623631     470054 0 8 40.0 50.0 
 158 1362623631     480084 0 8 40.0 50.0 
 158 1362623631     490085 0 8 40.0 50.0 
 158 1362623631     500073 0 8 40.0 50.0 
 158 1362623631     510078 0 8 40.0 50.0 
 157 1362623631     520141 0 8 40.0 50.0 
 158 1362623631     530099 0 8 40.0 50.0 
 158 1362623631     540138 0 8 40.0 50.0 
 158 1362623631     550122 0 8 40.0 50.0 
 157 1362623631     560119 0 8 40.0 50.0 
 157 1362623631     570127 0 8 40.0 50.0 
 158 1362623631     580182 0 8 40.0 50.0 
 158 1362623631     590161 0 8 40.0 50.0 
 157 1362623631     600136 0 8 40.0 50.0 
 158 1362623631     610197 0 8 40.0 50.0 
 158 1362623631     620209 0 8 40.0 50.0 
 158 1362623631     630172 0 8 40.0 50.0 
 158 1362623631     640196 0 8 40.0 50.0 
 157 1362623631     650182 0 8 40.0 50.0 
 159 1362623631     660221 0 8 40.0 50.0 
 158 1362623631     670215 0 8 40.0 50.0 
 158 1362623631     680217 0 8 40.0 50.0 
 157 1362623631     690222 0 8 40.0 50.0 
 158 1362623631     700260 0 8 40.0 50.0 
 158 1362623631     710231 0 8 40.0 50.0 
 158 1362623631     720243 0 8 40.0 50.0 
 158 1362623631     730238 0 8 40.0 50.0 
 158 1362623631     740238 0 8 40.0 50.0 
 159 1362623631     750245 0 8 40.0 50.0 
 158 1362623631     760299 0 8 40.0 50.0 
 158 1362623631     770266 0 8 40.0 50.0 
 157 1362623631     780290 0 8 40.0 50.0 
 158 1362623631     790272 0 8 40.0 50.0 
 158 1362623631     800280 0 8 40.0 50.0 
 157 1362623631     810306 0 8 40.0 50.0 
 158 1362623631     820294 0 8 40.0 50.0 
 158 1362623631     830346 0 8 40.0 50.0 
 158 1362623631     840313 0 8 40.0 50.0 
 158 1362623631     850326 0 8 40.0 50.0 
 158 1362623631     860339 0 8 40.0 50.0 
 158 1362623631     870325 0 8 40.0 50.0 
 158 1362623631     880346 0 8 40.0 50.0 
 157 1362623631     890351 0 8 40.0 50.0 
 158 1362623631     900378 0 8 40.0 50.0 
 158 1362623631     910343 0 8 40.0 50.0 
 158 1362623631     920407 0 8 40.0 50.0 
 158 1362623631     930412 0 8 40.0 50.0 
 158 1362623631     940401 0 8 40.0 50.0 
 158 1362623631     950389 0 8 40.0 50.0 
 158 1362623631     960391 0 8 40.0 50.0 
 158 1362623631     970402 0 8 40.0 50.0 
 158 1362623631     980410 0 8 40.0 50.0 
 158 1362623631     990435 0 8 40.0 50.0 
 157 1362623632        435 0 8 40.0 50.0 
 158 1362623632      10427 0 8 40.0 50.0 
 157 1362623632      20428 0 8 40.0 50.0 
 158 1362623632      30452 0 8 40.0 50.0 
 158 1362623632      40451 0 8 40.0 50.0 
 158 1362623632      50461 0 8 40.0 50.0 
 158 1362623632      60446 0 8 40.0 50.0 
 158 1362623632      70450 0 8 40.0 50.0 
 158 1362623632      80468 0 8 40.0 50.0 
 158 1362623632      90518 0 8 40.0 50.0 
 158 1362623632     100477 0 8 40.0 50.0 
 157 1362623632     110472 0 8 40.0 50.0 
 158 1362623632     120490 0 8 40.0 50.0 
 157 1362623632     130491 0 8 40.0 50.0 
 158 1362623632     140511 0 8 40.0 50.0 
 158 1362623632     150516 0 8 40.0 50.0 
 158 1362623632     160558 0 8 40.0 50.0 
 158 1362623632     170510 0 8 40.0 50.0 
 158 1362623632     180561 0 8 40.0 50.0 
 158 1362623632     190529 0 8 40.0 50.0 
 158 1362623632     200573 0 8 40.0 50.0 
 158 1362623632     210552 0 8 40.0 50.0 
 158 1362623632     220543 0 8 40.0 50.0 
 158 1362623632     230566 0 8 40.0 50.0 
 158 1362623632     240586 0 8 40.0 50.0 
 158 1362623632     250601 0 8 40.0 50.0 
 158 1362623632     260580 0 8 40.0 50.0 
 158 1362623632     270585 0 8 40.0 50.0 
 157 1362623632     280637 0 8 40.0 50.0 
 158 1362623632     290630 0 8 40.0 50.0 
 158 1362623632     300601 0 8 40.0 50.0 
 158 1362623632     310606 0 8 40.0 50.0 
 158 1362623632     320650 0 8 40.0 50.0 
 158 1362623632     330661 0 8 40.0 50.0 
 159 1362623632     340685 0 8 40.0 50.0 
 158 1362623632     350638 0 8 40.0 50.0 
 159 1362623632     360636 0 8 40.0 50.0 
 157 1362623632     370706 0 8 40.0 50.0 
 158 1362623632     380699 0 8 40.0 50.0 
 158 1362623632     390668 0 8 40.0 50.0 
 158 1362623632     400680 0 8 40.0 50.0 
 158 1362623632     410698 0 8 40.0 50.0 
 158 1362623632     420727 0 8 40.0 50.0 
 158 1362623632     430698 0 8 40.0 50.0 
 158 1362623632     440693 0 8 40.0 50.0 
 158 1362623632     450729 0 8 40.0 50.0 
 158 1362623632     460764 0 8 40.0 50.0 
 158 1362623632     470720 0 8 40.0 50.0 
 157 1362623632     480767 0 8 40.0 50.0 
 158 1362623632     490772 0 8 40.0 50.0 
 158 1362623632     500758 0 8 40.0 50.0 
 158 1362623632     510781 0 8 40.0 50.0 
 158 1362623632     520786 0 8 40.0 50.0 
 158 1362623632     530773 0 8 40.0 50.0 
 158 1362623632     540781 0 8 40.0 50.0 
 158 1362623632     550800 0 8 40.0 50.0 
 157 1362623632     560792 0 8 40.0 50.0 
 157 1362623632     570800 0 8 40.0 50.0 
 158 1362623632     580790 0 8 40.0 50.0 
 157 1362623632     590808 0 8 40.0 50.0 
 158 1362623632     600826 0 8 40.0 50.0 
 158 1362623632     610851 0 8 40.0 50.0 
 159 1362623632     620850 0 8 40.0 50.0 
 158 1362623632     630865 0 8 40.0 50.0 
 158 1362623632     640827 0 8 40.0 50.0 
 158 1362623632     650841 0 8 40.0 50.0 
 158 1362623632     660897 0 8 40.0 50.0 
 158 1362623632     670874 0 8 40.0 50.0 
 158 1362623632     680887 0 8 40.0 50.0 
 158 1362623632     690898 0 8 40.0 50.0 
 158 1362623632     700894 0 8 40.0 50.0 
 158 1362623632     710888 0 8 40.0 50.0 
 158 1362623632     720924 0 8 40.0 50.0 
 159 1362623632     730939 0 8 40.0 50.0 
 158 1362623632     740915 0 8 40.0 50.0 
 158 1362623632     750944 0 8 40.0 50.0 
 158 1362623632     760909 0 8 40.0 50.0 
 159 1362623632     770958 0 8 40.0 50.0 
 158 1362623632     780967 0 8 40.0 50.0 
 158 1362623632     790936 0 8 40.0 50.0 
 158 1362623632     800987 0 8 40.0 50.0 
 158 1362623632     810956 0 8 40.0 50.0 
 158 1362623632     820976 0 8 40.0 50.0 
 158 1362623632     830975 0 8 40.0 50.0 
 158 1362623632     840954 0 8 40.0 50.0 
 158 1362623632     850969 0 8 40.0 50.0 
 158 1362623632     861026 0 8 40.0 50.0 
 158 1362623632     871005 0 8 40.0 50.0 
 158 1362623632     880992 0 8 40.0 50.0 
 158 1362623632     891039 0 8 40.0 50.0 
 158 1362623632     901025 0 8 40.0 50.0 
 158 1362623632     911019 0 8 40.0 50.0 
 158 1362623632     921043 0 8 40.0 50.0 
 158 1362623632     931027 0 8 40.0 50.0 
 158 1362623632     941032 0 8 40.0 50.0 
 159 1362623632     951035 0 8 40.0 50.0 
 158 1362623632     961069 0 8 40.0 50.0 
 158 1362623632     971065 0 8 40.0 50.0 
 158 1362623632     981060 0 8 40.0 50.0 
 158 1362623632     991104 0 8 40.0 50.0 
 157 1362623633       1085 0 8 40.0 50.0 
 158 1362623633      11109 0 8 40.0 50.0 
 158 1362623633      21107 0 8 40.0 50.0 
 158 1362623633      31111 0 8 40.0 50.0 
 159 1362623633      41092 0 8 40.0 50.0 
 158 1362623633      51090 0 8 40.0 50.0 
 158 1362623633      61134 0 8 40.0 50.0 
 158 1362623633      71136 0 8 40.0 50.0 
 158 1362623633      81142 0 8 40.0 50.0 
 158 1362623633      91131 0 8 40.0 50.0 
 158 1362623633     101142 0 8 40.0 50.0 
 157 1362623633     111135 0 8 40.0 50.0 
 158 1362623633     121171 0 8 40.0 50.0 
 158 1362623633     131146 0 8 40.0 50.0 
 158 1362623633     141185 0 8 40.0 50.0 
 158 1362623633     151182 0 8 40.0 50.0 
 158 1362623633     161165 0 8 40.0 50.0 
 158 1362623633     171218 0 8 40.0 50.0 
 158 1362623633     181205 0 8 40.0 50.0 
 158 1362623633     191240 0 8 40.0 50.0 
 157 1362623633     201224 0 8 40.0 50.0 
 158 1362623633     211227 0 8 40.0 50.0 
 157 1362623633     221218 0 8 40.0 50.0 
 158 1362623633     231241 0 8 40.0 50.0 
 158 1362623633     241219 0 8 40.0 50.0 
 158 1362623633     251277 0 8 40.0 50.0 
 158 1362623633     261232 0 8 40.0 50.0 
 158 1362623633     271291 0 8 40.0 50.0 
 158 1362623633     281290 0 8 40.0 50.0 
 157 1362623633     291312 0 8 40.0 50.0 
 158 1362623633     301278 0 8 40.0 50.0 
 157 1362623633     311304 0 8 40.0 50.0 
 158 1362623633     321273 0 8 40.0 50.0 
 157 1362623633     331290 0 8 40.0 50.0 
 158 1362623633     341302 0 8 40.0 50.0 
 158 1362623633     351351 0 8 40.0 50.0 
 158 1362623633     361358 0 8 40.0 50.0 
 158 1362623633     371329 0 8 40.0 50.0 
 158 1362623633     381337 0 8 40.0 50.0 
 158 1362623633     391331 0 8 40.0 50.0 
 158 1362623633     401368 0 8 40.0 50.0 
 158 1362623633     411377 0 8 40.0 50.0 
 158 1362623633     421363 0 8 40.0 50.0 
 158 1362623633     431387 0 8 40.0 50.0 
 158 1362623633     441350 0 8 40.0 50.0 
 158 1362623633     451381 0 8 40.0 50.0 
 158 1362623633     461393 0 8 40.0 50.0 
 158 1362623633     471430 0 8 40.0 50.0 
 158 1362623633     481379 0 8 40.0 50.0 
 158 1362623633     491436 0 8 40.0 50.0 
 158 1362623633     501400 0 8 40.0 50.0 
 157 1362623633     511408 0 8 40.0 50.0 
 158 1362623633     521459 0 8 40.0 50.0 
 158 1362623633     531438 0 8 40.0 50.0 
 158 1362623633     541453 0 8 40.0 50.0 
 157 1362623633     551434 0 8 40.0 50.0 
 158 1362623633     561481 0 8 40.0 50.0 
 158 1362623633     571438 0 8 40.0 50.0 
 158 1362623633     581466 0 8 40.0 50.0 
 158 1362623633     591507 0 8 40.0 50.0 
 158 1362623633     601507 0 8 40.0 50.0 
 157 1362623633     611490 0 8 40.0 50.0 
 157 1362623633     621488 0 8 40.0 50.0 
 158 1362623633     631524 0 8 40.0 50.0 
 158 1362623633     641519 0 8 40.0 50.0 
 159 1362623633     651544 0 8 40.0 50.0 
 157 1362623633     661529 0 8 40.0 50.0 
 158 1362623633     671507 0 8 40.0 50.0 
 157 1362623633     681557 0 8 40.0 50.0 
 158 1362623633     691536 0 8 40.0 50.0 
 158 1362623633     701540 0 8 40.0 50.0 
 158 1362623633     711563 0 8 40.0 50.0 
 158 1362623633     721589 0 8 40.0 50.0 
 157 1362623633     731568 0 8 40.0 50.0 
 158 1362623633     741574 0 8 40.0 50.0 
 157 1362623633     751601 0 8 40.0 50.0 
 159 1362623633     761624 0 8 40.0 50.0 
 158 1362623633     771628 0 8 40.0 50.0 
 158 1362623633     781623 0 8 40.0 50.0 
 157 1362623633     791608 0 8 40.0 50.0 
 158 1362623633     801648 0 8 40.0 50.0 
 158 1362623633     811609 0 8 40.0 50.0 
 158 1362623633     821657 0 8 40.0 50.0 
 158 1362623633     831621 0 8 40.0 50.0 
 158 1362623633     841676 0 8 40.0 50.0 
 158 1362623633     851629 0 8 40.0 50.0 
 158 1362623633     861630 0 8 40.0 50.0 
 158 1362623633     871671 0 8 40.0 50.0 
 158 1362623633     881698 0 8 40.0 50.0 
 158 1362623633     891694 0 8 40.0 50.0 
 157 1362623633     901682 0 8 40.0 50.0 
 158 1362623633     911702 0 8 40.0 50.0 
 158 1362623633     921727 0 8 40.0 50.0 
 159 1362623633     931693 0 8 40.0 50.0 
 158 1362623633     941683 0 8 40.0 50.0 
 157 1362623633     951690 0 8 40.0 50.0 
 158 1362623633     961752 0 8 40.0 50.0 
 157 1362623633     971728 0 8 40.0 50.0 
 158 1362623633     981706 0 8 40.0 50.0 
 158 1362623633     991771 0 8 40.0 50.0 
 158 1362623634       1749 0 8 40.0 50.0 
 158 1362623634      11766 0 8 40.0 50.0 
 158 1362623634      21792 0 8 40.0 50.0 
 158 1362623634      31777 0 8 40.0 50.0 
 158 1362623634      41776 0 8 40.0 50.0 
 158 1362623634      51801 0 8 40.0 50.0 
 157 1362623634      61784 0 8 40.0 50.0 
 158 1362623634      71806 0 8 40.0 50.0 
 158 1362623634      81793 0 8 40.0 50.0 
 158 1362623634      91787 0 8 40.0 50.0 
 158 1362623634     101794 0 8 40.0 50.0 
 158 1362623634     111830 0 8 40.0 50.0 
 158 1362623634     121844 0 8 40.0 50.0 
 158 1362623634     131869 0 8 40.0 50.0 
 158 1362623634     141831 0 8 40.0 50.0 
 158 1362623634     151859 0 8 40.0 50.0 
 158 1362623634     161850 0 8 40.0 50.0 
 157 1362623634     171844 0 8 40.0 50.0 
 158 1362623634     181897 0 8 40.0 50.0 
 158 1362623634     191862 0 8 40.0 50.0 
 159 1362623634     201884 0 8 40.0 50.0 
 158 1362623634     211915 0 8 40.0 50.0 
 158 1362623634     221916 0 8 40.0 50.0 
 158 1362623634     231883 0 8 40.0 50.0 
 158 1362623634     241902 0 8 40.0 50.0 
 158 1362623634     251945 0 8 40.0 50.0 
 158 1362623634     261950 0 8 40.0 50.0 
 158 1362623634     271960 0 8 40.0 50.0 
 158 1362623634     281942 0 8 40.0 50.0 
 158 1362623634     291951 0 8 40.0 50.0 
 158 1362623634     301977 0 8 40.0 50.0 
 158 1362623634     311970 0 8 40.0 50.0 
 158 1362623634     321968 0 8 40.0 50.0 
 157 1362623634     331967 0 8 40.0 50.0 
 157 1362623634     341995 0 8 40.0 50.0 
 158 1362623634     351973 0 8 40.0 50.0 
 158 1362623634     362009 0 8 40.0 50.0 
 158 1362623634     371996 0 8 40.0 50.0 
 158 1362623634     382030 0 8 40.0 50.0 
 158 1362623634     391987 0 8 40.0 50.0 
 159 1362623634     402007 0 8 40.0 50.0 
 158 1362623634     412005 0 8 40.0 50.0 
 158 1362623634     422045 0 8 40.0 50.0 
 158 1362623634     432038 0 8 40.0 50.0 
 158 1362623634     442042 0 8 40.0 50.0 
 158 1362623634     452062 0 8 40.0 50.0 
 158 1362623634     462026 0 8 40.0 50.0 
 158 1362623634     472062 0 8 40.0 50.0 
 158 1362623634     482093 0 8 40.0 50.0 
 158 1362623634     492090 0 8 40.0 50.0 
 158 1362623634     502082 0 8 40.0 50.0 
 158 1362623634     512062 0 8 40.0 50.0 
 157 1362623634     522118 0 8 40.0 50.0 
 158 1362623634     532073 0 8 40.0 50.0 
 158 1362623634     542078 0 8 40.0 50.0 
 159 1362623634     552135 0 8 40.0 50.0 
 158 1362623634     562123 0 8 40.0 50.0 
 158 1362623634     572152 0 8 40.0 50.0 
 158 1362623634     582118 0 8 40.0 50.0 
 158 1362623634     592169 0 8 40.0 50.0 
 158 1362623634     602156 0 8 40.0 50.0 
 157 1362623634     612185 0 8 40.0 50.0 
 159 1362623634     622147 0 8 40.0 50.0 
 158 1362623634     632197 0 8 40.0 50.0 
 159 1362623634     642182 0 8 40.0 50.0 
 158 1362623634     652202 0 8 40.0 50.0 
 158 1362623634     662162 0 8 40.0 50.0 
 158 1362623634     672191 0 8 40.0 50.0 
 158 1362623634     682204 0 8 40.0 50.0 
 158 1362623634     692193 0 8 40.0 50.0 
 158 1362623634     702218 0 8 40.0 50.0 
 158 1362623634     712231 0 8 40.0 50.0 
 158 1362623634     722216 0 8 40.0 50.0 
 158 1362623634     732206 0 8 40.0 50.0 
 158 1362623634     742259 0 8 40.0 50.0 
 158 1362623634     752279 0 8 40.0 50.0 
 158 1362623634     762232 0 8 40.0 50.0 
 158 1362623634     772248 0 8 40.0 50.0 
 157 1362623634     782261 0 8 40.0 50.0 
 158 1362623634     792271 0 8 40.0 50.0 
 158 1362623634     802269 0 8 40.0 50.0 
 159 1362623634     812303 0 8 40.0 50.0 
 158 1362623634     822288 0 8 40.0 50.0 
 157 1362623634     832291 0 8 40.0 50.0 
 158 1362623634     842327 0 8 40.0 50.0 
 157 1362623634     852301 0 8 40.0 50.0 
 158 1362623634     862326 0 8 40.0 50.0 
 157 1362623634     872305 0 8 40.0 50.0 
 158 1362623634     882325 0 8 40.0 50.0 
 158 1362623634     892345 0 8 40.0 50.0 
 158 1362623634     902347 0 8 40.0 50.0 
 158 1362623634     912380 0 8 40.0 50.0 
 158 1362623634     922352 0 8 40.0 50.0 
 158 1362623634     932345 0 8 40.0 50.0 
 158 1362623634     942368 0 8 40.0 50.0 
 158 1362623634     952351 0 8 40.0 50.0 
 157 1362623634     962371 0 8 40.0 50.0 
 158 1362623634     972413 0 8 40.0 50.0 
 157 1362623634     982391 0 8 40.0 50.0 
 158 1362623634     992403 0 8 40.0 50.0 
 158 1362623635       2393 0 8 40.0 50.0 
 158 1362623635      12389 0 8 40.0 50.0 
 158 1362623635      22436 0 8 40.0 50.0 
 158 1362623635      32445 0 8 40.0 50.0 
 158 1362623635      42458 0 8 40.0 50.0 
 158 1362623635      52450 0 8 40.0 50.0 
 158 1362623635      62478 0 8 40.0 50.0 
 157 1362623635      72443 0 8 40.0 50.0 
 158 1362623635      82461 0 8 40.0 50.0 
 158 1362623635      92455 0 8 40.0 50.0 
 158 1362623635     102486 0 8 40.0 50.0 
 158 1362623635     112481 0 8 40.0 50.0 
 158 1362623635     122463 0 8 40.0 50.0 
 158 1362623635     132509 0 8 40.0 50.0 
 158 1362623635     142488 0 8 40.0 50.0 
 158 1362623635     152496 0 8 40.0 50.0 
 158 1362623635     162521 0 8 40.0 50.0 
 158 1362623635     172517 0 8 40.0 50.0 
 158 1362623635     182553 0 8 40.0 50.0 
 159 1362623635     192524 0 8 40.0 50.0 
 158 1362623635     202515 0 8 40.0 50.0 
 158 1362623635     212538 0 8 40.0 50.0 
 158 1362623635     222531 0 8 40.0 50.0 
 158 1362623635     232558 0 8 40.0 50.0 
 158 1362623635     242599 0 8 40.0 50.0 
 158 1362623635     252591 0 8 40.0 50.0 
 158 1362623635     262601 0 8 40.0 50.0 
 158 1362623635     272620 0 8 40.0 50.0 
 158 1362623635     282594 0 8 40.0 50.0 
 158 1362623635     292583 0 8 40.0 50.0 
 158 1362623635     302617 0 8 40.0 50.0 
 158 1362623635     312620 0 8 40.0 50.0 
 158 1362623635     322625 0 8 40.0 50.0 
 158 1362623635     332646 0 8 40.0 50.0 
 158 1362623635     342657 0 8 40.0 50.0 
 157 1362623635     352673 0 8 40.0 50.0 
 158 1362623635     362651 0 8 40.0 50.0 
 158 1362623635     372672 0 8 40.0 50.0 
 158 1362623635     382633 0 8 40.0 50.0 
 158 1362623635     392701 0 8 40.0 50.0 
 158 1362623635     402663 0 8 40.0 50.0 
 159 1362623635     412711 0 8 40.0 50.0 
 157 1362623635     422690 0 8 40.0 50.0 
 158 1362623635     432707 0 8 40.0 50.0 
 158 1362623635     442707 0 8 40.0 50.0 
 158 1362623635     452693 0 8 40.0 50.0 
 158 1362623635     462749 0 8 40.0 50.0 
 157 1362623635     472724 0 8 40.0 50.0 
 158 1362623635     482724 0 8 40.0 50.0 
 158 1362623635     492730 0 8 40.0 50.0 
 158 1362623635     502728 0 8 40.0 50.0 
 158 1362623635     512735 0 8 40.0 50.0 
 159 1362623635     522789 0 8 40.0 50.0 
 158 1362623635     532741 0 8 40.0 50.0 
 158 1362623635     542756 0 8 40.0 50.0 
 157 1362623635     552764 0 8 40.0 50.0 
 158 1362623635     562759 0 8 40.0 50.0 
 158 1362623635     572804 0 8 40.0 50.0 
 158 1362623635     582772 0 8 40.0 50.0 
 158 1362623635     592791 0 8 40.0 50.0 
 158 1362623635     602812 0 8 40.0 50.0 
 158 1362623635     612807 0 8 40.0 50.0 
 158 1362623635     622827 0 8 40.0 50.0 
 158 1362623635     632824 0 8 40.0 50.0 
 158 1362623635     642816 0 8 40.0 50.0 
 158 1362623635     652869 0 8 40.0 50.0 
 157 1362623635     662825 0 8 40.0 50.0 
 158 1362623635     672865 0 8 40.0 50.0 
 158 1362623635     682888 0 8 40.0 50.0 
 158 1362623635     692885 0 8 40.0 50.0 
 158 1362623635     702866 0 8 40.0 50.0 
 158 1362623635     712878 0 8 40.0 50.0 
 158 1362623635     722891 0 8 40.0 50.0 
 158 1362623635     732873 0 8 40.0 50.0 
 158 1362623635     742869 0 8 40.0 50.0 
 158 1362623635     752916 0 8 40.0 50.0 
 158 1362623635     762933 0 8 40.0 50.0 
 158 1362623635     772929 0 8 40.0 50.0 
 158 1362623635     782938 0 8 40.0 50.0 
 158 1362623635     792927 0 8 40.0 50.0 
 158 1362623635     802924 0 8 40.0 50.0 
 158 1362623635     812962 0 8 40.0 50.0 
 157 1362623635     822927 0 8 40.0 50.0 
 158 1362623635     832969 0 8 40.0 50.0 
 158 1362623635     842995 0 8 40.0 50.0 
 158 1362623635     852990 0 8 40.0 50.0 
 158 1362623635     862993 0 8 40.0 50.0 
 158 1362623635     872964 0 8 40.0 50.0 
 158 1362623635     882994 0 8 40.0 50.0 
 158 1362623635     893020 0 8 40.0 50.0 
 157 1362623635     902997 0 8 40.0 50.0 
 158 1362623635     912985 0 8 40.0 50.0 
 158 1362623635     922996 0 8 40.0 50.0 
 157 1362623635     933040 0 8 40.0 50.0 
 157 1362623635     943025 0 8 40.0 50.0 
 158 1362623635     953061 0 8 40.0 50.0 
 158 1362623635     963040 0 8 40.0 50.0 
 158 1362623635     973034 0 8 40.0 50.0 
 158 1362623635     983040 0 8 40.0 50.0 
 158 1362623635     993048 0 8 40.0 50.0 
 158 1362623636       3043 0 8 40.0 50.0 
 158 1362623636      13089 0 8 40.0 50.0 
 157 1362623636      23084 0 8 40.0 50.0 
 158 1362623636      33082 0 8 40.0 50.0 
 157 1362623636      43107 0 8 40.0 50.0 
 158 1362623636      53120 0 8 40.0 50.0 
 158 1362623636      63113 0 8 40.0 50.0 
 158 1362623636      73098 0 8 40.0 50.0 
 158 1362623636      83144 0 8 40.0 50.0 
 158 1362623636      93138 0 8 40.0 50.0 
 158 1362623636     103142 0 8 40.0 50.0 
 158 1362623636     113145 0 8 40.0 50.0 
 158 1362623636     123143 0 8 40.0 50.0 
 157 1362623636     133166 0 8 40.0 50.0 
 158 1362623636     143187 0 8 40.0 50.0 
 157 1362623636     153150 0 8 40.0 50.0 
 159 1362623636     163195 0 8 40.0 50.0 
 158 1362623636     173160 0 8 40.0 50.0 
 158 1362623636     183168 0 8 40.0 50.0 
 158 1362623636     193201 0 8 40.0 50.0 
 158 1362623636     203226 0 8 40.0 50.0 
 158 1362623636     213212 0 8 40.0 50.0 
 158 1362623636     223203 0 8 40.0 50.0 
 158 1362623636     233206 0 8 40.0 50.0 
 158 1362623636     243252 0 8 40.0 50.0 
 158 1362623636     253238 0 8 40.0 50.0 
 157 1362623636     263255 0 8 40.0 50.0 
 158 1362623636     273222 0 8 40.0 50.0 
 158 1362623636     283237 0 8 40.0 50.0 
 158 1362623636     293292 0 8 40.0 50.0 
 158 1362623636     303244 0 8 40.0 50.0 
 158 1362623636     313283 0 8 40.0 50.0 
 158 1362623636     323271 0 8 40.0 50.0 
 157 1362623636     333295 0 8 40.0 50.0 
 158 1362623636     343320 0 8 40.0 50.0 
 157 1362623636     353318 0 8 40.0 50.0 
 158 1362623636     363347 0 8 40.0 50.0 
 158 1362623636     373326 0 8 40.0 50.0 
 158 1362623636     383322 0 8 40.0 50.0 
 158 1362623636     393351 0 8 40.0 50.0 
 158 1362623636     403343 0 8 40.0 50.0 
 158 1362623636     413318 0 8 40.0 50.0 
 158 1362623636     423356 0 8 40.0 50.0 
 158 1362623636     433367 0 8 40.0 50.0 
 158 1362623636     443382 0 8 40.0 50.0 
 158 1362623636     453367 0 8 40.0 50.0 
 158 1362623636     463371 0 8 40.0 50.0 
 159 1362623636     473397 0 8 40.0 50.0 
 157 1362623636     483363 0 8 40.0 50.0 
 158 1362623636     493400 0 8 40.0 50.0 
 158 1362623636     503376 0 8 40.0 50.0 
 158 1362623636     513403 0 8 40.0 50.0 
 158 1362623636     523401 0 8 40.0 50.0 
 157 1362623636     533403 0 8 40.0 50.0 
 158 1362623636     543409 0 8 40.0 50.0 
 158 1362623636     553422 0 8 40.0 50.0 
 158 1362623636     563431 0 8 40.0 50.0 
 157 1362623636     573454 0 8 40.0 50.0 
 158 1362623636     583488 0 8 40.0 50.0 
 158 1362623636     593490 0 8 40.0 50.0 
 159 1362623636     603493 0 8 40.0 50.0 
 158 1362623636     613487 0 8 40.0 50.0 
 159 1362623636     623468 0 8 40.0 50.0 
 158 1362623636     633484 0 8 40.0 50.0 
 158 1362623636     643465 0 8 40.0 50.0 
 158 1362623636     653489 0 8 40.0 50.0 
 158 1362623636     663490 0 8 40.0 50.0 
 158 1362623636     673489 0 8 40.0 50.0 
 158 1362623636     683517 0 8 40.0 50.0 
 158 1362623636     693501 0 8 40.0 50.0 
 158 1362623636     703532 0 8 40.0 50.0 
 158 1362623636     713555 0 8 40.0 50.0 
 158 1362623636     723563 0 8 40.0 50.0 
 158 1362623636     733536 0 8 40.0 50.0 
 159 1362623636     743535 0 8 40.0 50.0 
 158 1362623636     753549 0 8 40.0 50.0 
 158 1362623636     763550 0 8 40.0 50.0 
 158 1362623636     773608 0 8 40.0 50.0 
 158 1362623636     783598 0 8 40.0 50.0 
 158 1362623636     793594 0 8 40.0 50.0 
 158 1362623636     803611 0 8 40.0 50.0 
 158 1362623636     813613 0 8 40.0 50.0 
 158 1362623636     823646 0 8 40.0 50.0 
 158 1362623636     833591 0 8 40.0 50.0 
 157 1362623636     843631 0 8 40.0 50.0 
 158 1362623636     853604 0 8 40.0 50.0 
 157 1362623636     863611 0 8 40.0 50.0 
 158 1362623636     873638 0 8 40.0 50.0 
 157 1362623636     883656 0 8 40.0 50.0 
 158 1362623636     893657 0 8 40.0 50.0 
 157 1362623636     903670 0 8 40.0 50.0 
 158 1362623636     913664 0 8 40.0 50.0 
 158 1362623636     923712 0 8 40.0 50.0 
 158 1362623636     933682 0 8 40.0 50.0 
 158 1362623636     943706 0 8 40.0 50.0 
 158 1362623636     953691 0 8 40.0 50.0 
 158 1362623636     963685 0 8 40.0 50.0 
 157 1362623636     973683 0 8 40.0 50.0 
 159 1362623636     983740 0 8 40.0 50.0 
 158 1362623636     993738 0 8 40.0 50.0 
 158 1362623637       3736 0 8 40.0 50.0 
 158 1362623637      13737 0 8 40.0 50.0 
 158 1362623637      23753 0 8 40.0 50.0 
 158 1362623637      33755 0 8 40.0 50.0 
 158 1362623637      43747 0 8 40.0 50.0 
 158 1362623637      53793 0 8 40.0 50.0 
 157 1362623637      63804 0 8 40.0 50.0 
 158 1362623637      73792 0 8 40.0 50.0 
 158 1362623637      83786 0 8 40.0 50.0 
 158 1362623637      93777 0 8 40.0 50.0 
 158 1362623637     103826 0 8 40.0 50.0 
 157 1362623637     113829 0 8 40.0 50.0 
 158 1362623637     123792 0 8 40.0 50.0 
 158 1362623637     133826 0 8 40.0 50.0 
 158 1362623637     143822 0 8 40.0 50.0 
 158 1362623637     153861 0 8 40.0 50.0 
 158 1362623637     163844 0 8 40.0 50.0 
 157 1362623637     173817 0 8 40.0 50.0 
 158 1362623637     183860 0 8 40.0 50.0 
 158 1362623637     193841 0 8 40.0 50.0 
 158 1362623637     203846 0 8 40.0 50.0 
 157 1362623637     213869 0 8 40.0 50.0 
 158 1362623637     223870 0 8 40.0 50.0 
 158 1362623637     233863 0 8 40.0 50.0 
 158 1362623637     243890 0 8 40.0 50.0 
 158 1362623637     253871 0 8 40.0 50.0 
 158 1362623637     263918 0 8 40.0 50.0 
 158 1362623637     273884 0 8 40.0 50.0 
 157 1362623637     283909 0 8 40.0 50.0 
 158 1362623637     293953 0 8 40.0 50.0 
 158 1362623637     303955 0 8 40.0 50.0 
 158 1362623637     313914 0 8 40.0 50.0 
 157 1362623637     323957 0 8 40.0 50.0 
 158 1362623637     333967 0 8 40.0 50.0 
 158 1362623637     343982 0 8 40.0 50.0 
 158 1362623637     353937 0 8 40.0 50.0 
 158 1362623637     363951 0 8 40.0 50.0 
 158 1362623637     373948 0 8 40.0 50.0 
 158 1362623637     383991 0 8 40.0 50.0 
 158 1362623637     394011 0 8 40.0 50.0 
 158 1362623637     404018 0 8 40.0 50.0 
 158 1362623637     414037 0 8 40.0 50.0 
 158 1362623637     424024 0 8 40.0 50.0 
 158 1362623637     434032 0 8 40.0 50.0 
 158 1362623637     444027 0 8 40.0 50.0 
