 147 1362621674     407144 0 0 40.0 50.0 
 148 1362621674     417081 0 0 40.0 50.0 
 148 1362621674     427075 0 0 40.0 50.0 
 147 1362621674     437110 0 0 40.0 50.0 
 148 1362621674     447113 0 0 40.0 50.0 
 148 1362621674     457113 0 0 40.0 50.0 
 148 1362621674     467188 0 0 40.0 50.0 
 148 1362621674     477159 0 0 40.0 50.0 
 148 1362621674     487152 0 0 40.0 50.0 
 147 1362621674     497199 0 0 40.0 50.0 
 148 1362621674     507182 0 0 40.0 50.0 
 148 1362621674     517162 0 0 40.0 50.0 
 148 1362621674     527150 0 0 40.0 50.0 
 148 1362621674     537239 0 0 40.0 50.0 
 148 1362621674     547240 0 0 40.0 50.0 
 148 1362621674     557261 0 0 40.0 50.0 
 148 1362621674     581083 0 0 40.0 50.0 
 147 1362621674     587119 0 0 40.0 50.0 
 148 1362621674     597133 0 0 40.0 50.0 
 148 1362621674     607150 0 0 40.0 50.0 
 148 1362621674     617144 0 0 40.0 50.0 
 148 1362621674     627183 0 0 40.0 50.0 
 147 1362621674     637201 0 0 40.0 50.0 
 148 1362621674     647154 0 0 40.0 50.0 
 148 1362621674     657164 0 0 40.0 50.0 
 148 1362621674     667201 0 0 40.0 50.0 
 148 1362621674     677213 0 0 40.0 50.0 
 148 1362621674     687173 0 0 40.0 50.0 
 148 1362621674     697194 0 0 40.0 50.0 
 148 1362621674     707210 0 0 40.0 50.0 
 148 1362621674     717235 0 0 40.0 50.0 
 147 1362621674     727246 0 0 40.0 50.0 
 148 1362621674     737266 0 0 40.0 50.0 
 147 1362621674     747206 0 0 40.0 50.0 
 148 1362621674     757214 0 0 40.0 50.0 
 148 1362621674     767234 0 0 40.0 50.0 
 148 1362621674     777244 0 0 40.0 50.0 
 148 1362621674     787265 0 0 40.0 50.0 
 148 1362621674     797279 0 0 40.0 50.0 
 148 1362621674     807303 0 0 40.0 50.0 
 148 1362621674     817254 0 0 40.0 50.0 
 148 1362621674     827271 0 0 40.0 50.0 
 148 1362621674     837295 0 0 40.0 50.0 
 148 1362621674     847342 0 0 40.0 50.0 
 148 1362621674     857286 0 0 40.0 50.0 
 148 1362621674     867299 0 0 40.0 50.0 
 148 1362621674     877317 0 0 40.0 50.0 
 147 1362621674     887336 0 0 40.0 50.0 
 148 1362621674     897360 0 0 40.0 50.0 
 148 1362621674     907316 0 0 40.0 50.0 
 147 1362621674     917326 0 0 40.0 50.0 
 148 1362621674     927343 0 0 40.0 50.0 
 148 1362621674     937382 0 0 40.0 50.0 
 148 1362621674     947346 0 0 40.0 50.0 
 148 1362621674     957361 0 0 40.0 50.0 
 148 1362621674     967380 0 0 40.0 50.0 
 147 1362621674     977396 0 0 40.0 50.0 
 148 1362621674     987414 0 0 40.0 50.0 
 148 1362621674     997404 0 0 40.0 50.0 
 148 1362621675       7427 0 0 40.0 50.0 
 148 1362621675      17393 0 0 40.0 50.0 
 148 1362621675      27415 0 0 40.0 50.0 
 148 1362621675      37420 0 0 40.0 50.0 
 148 1362621675      47434 0 0 40.0 50.0 
 147 1362621675      57466 0 0 40.0 50.0 
 148 1362621675      67431 0 0 40.0 50.0 
 148 1362621675      77451 0 0 40.0 50.0 
 148 1362621675      87490 0 0 40.0 50.0 
 148 1362621675      97446 0 0 40.0 50.0 
 148 1362621675     107498 0 0 40.0 50.0 
 148 1362621675     117478 0 0 40.0 50.0 
 148 1362621675     127514 0 0 40.0 50.0 
 148 1362621675     137487 0 0 40.0 50.0 
 148 1362621675     147471 0 0 40.0 50.0 
 148 1362621675     157527 0 0 40.0 50.0 
 148 1362621675     167545 0 0 40.0 50.0 
 148 1362621675     177501 0 0 40.0 50.0 
 149 1362621675     187546 0 0 40.0 50.0 
 147 1362621675     197533 0 0 40.0 50.0 
 148 1362621675     207518 0 0 40.0 50.0 
 148 1362621675     217519 0 0 40.0 50.0 
 148 1362621675     227586 0 0 40.0 50.0 
 148 1362621675     237593 0 0 40.0 50.0 
 148 1362621675     247600 0 0 40.0 50.0 
 148 1362621675     257611 0 0 40.0 50.0 
 148 1362621675     267611 0 0 40.0 50.0 
 148 1362621675     277626 0 0 40.0 50.0 
 147 1362621675     287619 0 0 40.0 50.0 
 148 1362621675     297625 0 0 40.0 50.0 
 148 1362621675     307621 0 0 40.0 50.0 
 147 1362621675     317627 0 0 40.0 50.0 
 148 1362621675     327641 0 0 40.0 50.0 
 148 1362621675     337646 0 0 40.0 50.0 
 148 1362621675     347641 0 0 40.0 50.0 
 148 1362621675     357639 0 0 40.0 50.0 
 148 1362621675     367621 0 0 40.0 50.0 
 148 1362621675     377689 0 0 40.0 50.0 
 148 1362621675     387695 0 0 40.0 50.0 
 148 1362621675     397702 0 0 40.0 50.0 
 148 1362621675     407643 0 0 40.0 50.0 
 148 1362621675     417713 0 0 40.0 50.0 
 148 1362621675     427714 0 0 40.0 50.0 
 148 1362621675     437665 0 0 40.0 50.0 
 148 1362621675     447737 0 0 40.0 50.0 
 148 1362621675     457677 0 0 40.0 50.0 
 148 1362621675     467745 0 0 40.0 50.0 
 148 1362621675     477746 0 0 40.0 50.0 
 147 1362621675     487740 0 0 40.0 50.0 
 148 1362621675     497746 0 0 40.0 50.0 
 148 1362621675     507741 0 0 40.0 50.0 
 147 1362621675     517727 0 0 40.0 50.0 
 148 1362621675     527790 0 0 40.0 50.0 
 148 1362621675     537797 0 0 40.0 50.0 
 148 1362621675     547793 0 0 40.0 50.0 
 149 1362621675     557783 0 0 40.0 50.0 
 148 1362621675     567790 0 0 40.0 50.0 
 148 1362621675     577793 0 0 40.0 50.0 
 148 1362621675     587788 0 0 40.0 50.0 
 147 1362621675     597812 0 0 40.0 50.0 
 148 1362621675     607813 0 0 40.0 50.0 
 148 1362621675     617800 0 0 40.0 50.0 
 147 1362621675     627796 0 0 40.0 50.0 
 148 1362621675     637865 0 0 40.0 50.0 
 148 1362621675     647805 0 0 40.0 50.0 
 148 1362621675     657821 0 0 40.0 50.0 
 148 1362621675     667880 0 0 40.0 50.0 
 148 1362621675     677879 0 0 40.0 50.0 
 148 1362621675     687874 0 0 40.0 50.0 
 148 1362621675     697870 0 0 40.0 50.0 
 148 1362621675     707874 0 0 40.0 50.0 
 148 1362621675     717867 0 0 40.0 50.0 
 148 1362621675     727873 0 0 40.0 50.0 
 148 1362621675     737931 0 0 40.0 50.0 
 148 1362621675     747935 0 0 40.0 50.0 
 148 1362621675     757941 0 0 40.0 50.0 
 147 1362621675     767938 0 0 40.0 50.0 
 148 1362621675     777935 0 0 40.0 50.0 
 148 1362621675     787934 0 0 40.0 50.0 
 148 1362621675     797951 0 0 40.0 50.0 
 148 1362621675     807957 0 0 40.0 50.0 
 148 1362621675     817960 0 0 40.0 50.0 
 148 1362621675     827960 0 0 40.0 50.0 
 148 1362621675     837964 0 0 40.0 50.0 
 148 1362621675     847964 0 0 40.0 50.0 
 147 1362621675     857973 0 0 40.0 50.0 
 148 1362621675     867948 0 0 40.0 50.0 
 148 1362621675     877959 0 0 40.0 50.0 
 148 1362621675     887967 0 0 40.0 50.0 
 148 1362621675     897969 0 0 40.0 50.0 
 148 1362621675     907984 0 0 40.0 50.0 
 148 1362621675     918049 0 0 40.0 50.0 
 148 1362621675     928051 0 0 40.0 50.0 
 147 1362621675     938040 0 0 40.0 50.0 
 148 1362621675     948029 0 0 40.0 50.0 
 148 1362621675     958019 0 0 40.0 50.0 
 148 1362621675     968028 0 0 40.0 50.0 
 148 1362621675     978024 0 0 40.0 50.0 
 148 1362621675     988096 0 0 40.0 50.0 
 147 1362621675     998095 0 0 40.0 50.0 
 148 1362621676       8107 0 0 40.0 50.0 
 148 1362621676      18079 0 0 40.0 50.0 
 148 1362621676      28086 0 0 40.0 50.0 
 148 1362621676      38105 0 0 40.0 50.0 
 148 1362621676      48108 0 0 40.0 50.0 
 148 1362621676      58122 0 0 40.0 50.0 
 148 1362621676      68122 0 0 40.0 50.0 
 148 1362621676      78146 0 0 40.0 50.0 
 148 1362621676      88154 0 0 40.0 50.0 
 148 1362621676      98149 0 0 40.0 50.0 
 147 1362621676     108148 0 0 40.0 50.0 
 147 1362621676     118146 0 0 40.0 50.0 
 148 1362621676     128154 0 0 40.0 50.0 
 148 1362621676     138146 0 0 40.0 50.0 
 148 1362621676     148144 0 0 40.0 50.0 
 148 1362621676     158210 0 0 40.0 50.0 
 148 1362621676     168201 0 0 40.0 50.0 
 148 1362621676     178208 0 0 40.0 50.0 
 147 1362621676     188211 0 0 40.0 50.0 
 148 1362621676     198208 0 0 40.0 50.0 
 148 1362621676     208194 0 0 40.0 50.0 
 148 1362621676     218201 0 0 40.0 50.0 
 148 1362621676     228201 0 0 40.0 50.0 
 148 1362621676     238205 0 0 40.0 50.0 
 147 1362621676     248218 0 0 40.0 50.0 
 148 1362621676     258224 0 0 40.0 50.0 
 148 1362621676     268220 0 0 40.0 50.0 
 148 1362621676     278288 0 0 40.0 50.0 
 148 1362621676     288298 0 0 40.0 50.0 
 148 1362621676     298281 0 0 40.0 50.0 
 148 1362621676     308280 0 0 40.0 50.0 
 148 1362621676     318275 0 0 40.0 50.0 
 148 1362621676     328274 0 0 40.0 50.0 
 148 1362621676     338274 0 0 40.0 50.0 
 148 1362621676     348278 0 0 40.0 50.0 
 148 1362621676     358278 0 0 40.0 50.0 
 148 1362621676     368347 0 0 40.0 50.0 
 148 1362621676     378344 0 0 40.0 50.0 
 148 1362621676     388360 0 0 40.0 50.0 
 148 1362621676     398352 0 0 40.0 50.0 
 149 1362621676     408335 0 0 40.0 50.0 
 147 1362621676     418334 0 0 40.0 50.0 
 148 1362621676     428324 0 0 40.0 50.0 
 148 1362621676     438384 0 0 40.0 50.0 
 148 1362621676     448378 0 0 40.0 50.0 
 148 1362621676     458376 0 0 40.0 50.0 
 148 1362621676     468368 0 0 40.0 50.0 
 147 1362621676     478379 0 0 40.0 50.0 
 148 1362621676     488366 0 0 40.0 50.0 
 148 1362621676     498369 0 0 40.0 50.0 
 148 1362621676     508436 0 0 40.0 50.0 
 148 1362621676     518443 0 0 40.0 50.0 
 148 1362621676     528453 0 0 40.0 50.0 
 148 1362621676     538458 0 0 40.0 50.0 
 148 1362621676     548398 0 0 40.0 50.0 
 148 1362621676     558475 0 0 40.0 50.0 
 147 1362621676     568479 0 0 40.0 50.0 
 148 1362621676     578474 0 0 40.0 50.0 
 148 1362621676     588475 0 0 40.0 50.0 
 148 1362621676     598489 0 0 40.0 50.0 
 148 1362621676     608500 0 0 40.0 50.0 
 148 1362621676     618489 0 0 40.0 50.0 
 148 1362621676     628494 0 0 40.0 50.0 
 148 1362621676     638489 0 0 40.0 50.0 
 148 1362621676     648496 0 0 40.0 50.0 
 148 1362621676     658492 0 0 40.0 50.0 
 148 1362621676     668494 0 0 40.0 50.0 
 148 1362621676     678490 0 0 40.0 50.0 
 148 1362621676     688490 0 0 40.0 50.0 
 148 1362621676     698559 0 0 40.0 50.0 
 148 1362621676     708553 0 0 40.0 50.0 
 148 1362621676     718544 0 0 40.0 50.0 
 148 1362621676     728545 0 0 40.0 50.0 
 148 1362621676     738552 0 0 40.0 50.0 
 149 1362621676     748568 0 0 40.0 50.0 
 147 1362621676     758574 0 0 40.0 50.0 
 148 1362621676     768572 0 0 40.0 50.0 
 148 1362621676     778586 0 0 40.0 50.0 
 148 1362621676     788600 0 0 40.0 50.0 
 148 1362621676     798606 0 0 40.0 50.0 
 148 1362621676     808607 0 0 40.0 50.0 
 147 1362621676     818625 0 0 40.0 50.0 
 148 1362621676     828611 0 0 40.0 50.0 
 148 1362621676     838619 0 0 40.0 50.0 
 148 1362621676     848620 0 0 40.0 50.0 
 148 1362621676     858623 0 0 40.0 50.0 
 148 1362621676     868614 0 0 40.0 50.0 
 148 1362621676     878647 0 0 40.0 50.0 
 148 1362621676     888641 0 0 40.0 50.0 
 148 1362621676     898639 0 0 40.0 50.0 
 148 1362621676     908700 0 0 40.0 50.0 
 148 1362621676     918684 0 0 40.0 50.0 
 147 1362621676     928690 0 0 40.0 50.0 
 148 1362621676     938687 0 0 40.0 50.0 
 148 1362621676     948657 0 0 40.0 50.0 
 147 1362621676     958723 0 0 40.0 50.0 
 148 1362621676     968719 0 0 40.0 50.0 
 147 1362621676     978718 0 0 40.0 50.0 
 147 1362621676     988699 0 0 40.0 50.0 
 148 1362621676     998704 0 0 40.0 50.0 
 148 1362621677       8689 0 0 40.0 50.0 
 147 1362621677      18745 0 0 40.0 50.0 
 148 1362621677      28727 0 0 40.0 50.0 
 148 1362621677      38720 0 0 40.0 50.0 
 148 1362621677      48719 0 0 40.0 50.0 
 148 1362621677      58745 0 0 40.0 50.0 
 148 1362621677      68786 0 0 40.0 50.0 
 147 1362621677      78757 0 0 40.0 50.0 
 148 1362621677      88756 0 0 40.0 50.0 
 148 1362621677      98790 0 0 40.0 50.0 
 148 1362621677     108785 0 0 40.0 50.0 
 148 1362621677     118760 0 0 40.0 50.0 
 148 1362621677     128814 0 0 40.0 50.0 
 148 1362621677     138815 0 0 40.0 50.0 
 148 1362621677     148812 0 0 40.0 50.0 
 148 1362621677     158820 0 0 40.0 50.0 
 148 1362621677     168816 0 0 40.0 50.0 
 148 1362621677     178812 0 0 40.0 50.0 
 147 1362621677     188867 0 0 40.0 50.0 
 148 1362621677     198867 0 0 40.0 50.0 
 148 1362621677     208869 0 0 40.0 50.0 
 148 1362621677     218876 0 0 40.0 50.0 
 148 1362621677     228880 0 0 40.0 50.0 
 148 1362621677     238892 0 0 40.0 50.0 
 148 1362621677     248867 0 0 40.0 50.0 
 148 1362621677     258855 0 0 40.0 50.0 
 148 1362621677     268879 0 0 40.0 50.0 
 147 1362621677     278907 0 0 40.0 50.0 
 148 1362621677     288929 0 0 40.0 50.0 
 148 1362621677     298894 0 0 40.0 50.0 
 148 1362621677     308947 0 0 40.0 50.0 
 148 1362621677     318931 0 0 40.0 50.0 
 148 1362621677     328957 0 0 40.0 50.0 
 147 1362621677     338906 0 0 40.0 50.0 
 149 1362621677     348964 0 0 40.0 50.0 
 148 1362621677     358920 0 0 40.0 50.0 
 148 1362621677     368987 0 0 40.0 50.0 
 147 1362621677     378950 0 0 40.0 50.0 
 148 1362621677     388962 0 0 40.0 50.0 
 148 1362621677     398983 0 0 40.0 50.0 
 148 1362621677     409007 0 0 40.0 50.0 
 147 1362621677     418994 0 0 40.0 50.0 
 148 1362621677     429009 0 0 40.0 50.0 
 148 1362621677     439031 0 0 40.0 50.0 
 148 1362621677     449044 0 0 40.0 50.0 
 147 1362621677     459002 0 0 40.0 50.0 
 148 1362621677     469056 0 0 40.0 50.0 
 148 1362621677     479035 0 0 40.0 50.0 
 148 1362621677     489033 0 0 40.0 50.0 
 148 1362621677     499030 0 0 40.0 50.0 
 148 1362621677     509035 0 0 40.0 50.0 
 148 1362621677     519048 0 0 40.0 50.0 
 148 1362621677     529062 0 0 40.0 50.0 
 148 1362621677     539075 0 0 40.0 50.0 
 148 1362621677     549081 0 0 40.0 50.0 
 147 1362621677     559079 0 0 40.0 50.0 
 148 1362621677     569119 0 0 40.0 50.0 
 148 1362621677     579076 0 0 40.0 50.0 
 148 1362621677     589111 0 0 40.0 50.0 
 148 1362621677     599099 0 0 40.0 50.0 
 148 1362621677     609104 0 0 40.0 50.0 
 147 1362621677     619146 0 0 40.0 50.0 
 148 1362621677     629155 0 0 40.0 50.0 
 148 1362621677     639147 0 0 40.0 50.0 
 148 1362621677     649120 0 0 40.0 50.0 
 148 1362621677     659130 0 0 40.0 50.0 
 148 1362621677     669151 0 0 40.0 50.0 
 147 1362621677     679153 0 0 40.0 50.0 
 148 1362621677     689184 0 0 40.0 50.0 
 148 1362621677     699178 0 0 40.0 50.0 
 147 1362621677     709175 0 0 40.0 50.0 
 148 1362621677     719164 0 0 40.0 50.0 
 148 1362621677     729187 0 0 40.0 50.0 
 148 1362621677     739216 0 0 40.0 50.0 
 148 1362621677     749221 0 0 40.0 50.0 
 147 1362621677     759227 0 0 40.0 50.0 
 148 1362621677     769224 0 0 40.0 50.0 
 148 1362621677     779241 0 0 40.0 50.0 
 147 1362621677     789259 0 0 40.0 50.0 
 148 1362621677     799251 0 0 40.0 50.0 
 147 1362621677     809270 0 0 40.0 50.0 
 148 1362621677     819282 0 0 40.0 50.0 
 148 1362621677     829252 0 0 40.0 50.0 
 148 1362621677     839269 0 0 40.0 50.0 
 147 1362621677     849266 0 0 40.0 50.0 
 148 1362621677     859271 0 0 40.0 50.0 
 148 1362621677     869272 0 0 40.0 50.0 
 148 1362621677     879303 0 0 40.0 50.0 
 147 1362621677     889316 0 0 40.0 50.0 
 148 1362621677     899326 0 0 40.0 50.0 
 148 1362621677     909322 0 0 40.0 50.0 
 148 1362621677     919349 0 0 40.0 50.0 
 148 1362621677     929354 0 0 40.0 50.0 
 148 1362621677     939324 0 0 40.0 50.0 
 148 1362621677     949368 0 0 40.0 50.0 
 148 1362621677     959321 0 0 40.0 50.0 
 148 1362621677     969384 0 0 40.0 50.0 
 148 1362621677     979330 0 0 40.0 50.0 
 147 1362621677     989398 0 0 40.0 50.0 
 148 1362621677     999364 0 0 40.0 50.0 
 148 1362621678       9389 0 0 40.0 50.0 
 147 1362621678      19377 0 0 40.0 50.0 
 148 1362621678      29391 0 0 40.0 50.0 
 148 1362621678      39425 0 0 40.0 50.0 
 147 1362621678      49387 0 0 40.0 50.0 
 148 1362621678      59389 0 0 40.0 50.0 
 148 1362621678      69417 0 0 40.0 50.0 
 147 1362621678      79451 0 0 40.0 50.0 
 148 1362621678      89454 0 0 40.0 50.0 
 148 1362621678      99468 0 0 40.0 50.0 
 148 1362621678     109427 0 0 40.0 50.0 
 148 1362621678     119447 0 0 40.0 50.0 
 148 1362621678     129461 0 0 40.0 50.0 
 148 1362621678     139478 0 0 40.0 50.0 
 149 1362621678     149487 0 0 40.0 50.0 
 148 1362621678     159464 0 0 40.0 50.0 
 148 1362621678     169457 0 0 40.0 50.0 
 148 1362621678     179465 0 0 40.0 50.0 
 148 1362621678     189507 0 0 40.0 50.0 
 148 1362621678     199477 0 0 40.0 50.0 
 148 1362621678     209503 0 0 40.0 50.0 
 148 1362621678     219489 0 0 40.0 50.0 
 148 1362621678     229504 0 0 40.0 50.0 
 148 1362621678     239561 0 0 40.0 50.0 
 148 1362621678     249559 0 0 40.0 50.0 
 148 1362621678     259559 0 0 40.0 50.0 
 148 1362621678     269542 0 0 40.0 50.0 
 148 1362621678     279554 0 0 40.0 50.0 
 147 1362621678     289579 0 0 40.0 50.0 
 148 1362621678     299567 0 0 40.0 50.0 
 148 1362621678     309568 0 0 40.0 50.0 
 148 1362621678     319590 0 0 40.0 50.0 
 148 1362621678     329586 0 0 40.0 50.0 
 148 1362621678     339626 0 0 40.0 50.0 
 148 1362621678     349631 0 0 40.0 50.0 
 148 1362621678     359619 0 0 40.0 50.0 
 148 1362621678     369632 0 0 40.0 50.0 
 148 1362621678     379640 0 0 40.0 50.0 
 147 1362621678     389634 0 0 40.0 50.0 
 148 1362621678     399651 0 0 40.0 50.0 
 148 1362621678     409648 0 0 40.0 50.0 
 147 1362621678     419666 0 0 40.0 50.0 
 147 1362621678     429632 0 0 40.0 50.0 
 148 1362621678     439695 0 0 40.0 50.0 
 148 1362621678     449696 0 0 40.0 50.0 
 148 1362621678     459685 0 0 40.0 50.0 
 148 1362621678     469684 0 0 40.0 50.0 
 147 1362621678     479676 0 0 40.0 50.0 
 147 1362621678     489690 0 0 40.0 50.0 
 148 1362621678     499720 0 0 40.0 50.0 
 147 1362621678     509684 0 0 40.0 50.0 
 148 1362621678     519740 0 0 40.0 50.0 
 148 1362621678     529694 0 0 40.0 50.0 
 148 1362621678     539734 0 0 40.0 50.0 
 148 1362621678     549746 0 0 40.0 50.0 
 148 1362621678     559747 0 0 40.0 50.0 
 147 1362621678     569761 0 0 40.0 50.0 
 148 1362621678     579766 0 0 40.0 50.0 
 148 1362621678     589741 0 0 40.0 50.0 
 147 1362621678     599757 0 0 40.0 50.0 
 148 1362621678     609751 0 0 40.0 50.0 
 148 1362621678     619813 0 0 40.0 50.0 
 147 1362621678     629816 0 0 40.0 50.0 
 148 1362621678     639778 0 0 40.0 50.0 
 148 1362621678     649815 0 0 40.0 50.0 
 148 1362621678     659814 0 0 40.0 50.0 
 148 1362621678     669786 0 0 40.0 50.0 
 148 1362621678     679818 0 0 40.0 50.0 
 147 1362621678     689815 0 0 40.0 50.0 
 148 1362621678     699830 0 0 40.0 50.0 
 148 1362621678     709849 0 0 40.0 50.0 
 148 1362621678     719843 0 0 40.0 50.0 
 147 1362621678     729833 0 0 40.0 50.0 
 147 1362621678     739844 0 0 40.0 50.0 
 148 1362621678     749857 0 0 40.0 50.0 
 148 1362621678     759854 0 0 40.0 50.0 
 147 1362621678     769901 0 0 40.0 50.0 
 148 1362621678     779897 0 0 40.0 50.0 
 148 1362621678     789920 0 0 40.0 50.0 
 148 1362621678     799926 0 0 40.0 50.0 
 148 1362621678     809886 0 0 40.0 50.0 
 147 1362621678     819897 0 0 40.0 50.0 
 148 1362621678     829896 0 0 40.0 50.0 
 148 1362621678     839898 0 0 40.0 50.0 
 148 1362621678     849924 0 0 40.0 50.0 
 147 1362621678     859935 0 0 40.0 50.0 
 149 1362621678     869973 0 0 40.0 50.0 
 148 1362621678     879946 0 0 40.0 50.0 
 148 1362621678     889990 0 0 40.0 50.0 
 148 1362621678     899940 0 0 40.0 50.0 
 148 1362621678     909970 0 0 40.0 50.0 
 148 1362621678     919960 0 0 40.0 50.0 
 148 1362621678     929974 0 0 40.0 50.0 
 148 1362621678     940000 0 0 40.0 50.0 
 148 1362621678     950032 0 0 40.0 50.0 
 148 1362621678     960003 0 0 40.0 50.0 
 147 1362621678     970004 0 0 40.0 50.0 
 148 1362621678     979994 0 0 40.0 50.0 
 148 1362621678     990002 0 0 40.0 50.0 
 148 1362621679         38 0 0 40.0 50.0 
 148 1362621679      10012 0 0 40.0 50.0 
 148 1362621679      20051 0 0 40.0 50.0 
 147 1362621679      30051 0 0 40.0 50.0 
 148 1362621679      40048 0 0 40.0 50.0 
 148 1362621679      50042 0 0 40.0 50.0 
 148 1362621679      60070 0 0 40.0 50.0 
 148 1362621679      70074 0 0 40.0 50.0 
 148 1362621679      80092 0 0 40.0 50.0 
 148 1362621679      90085 0 0 40.0 50.0 
 148 1362621679     100127 0 0 40.0 50.0 
 147 1362621679     110121 0 0 40.0 50.0 
 147 1362621679     120108 0 0 40.0 50.0 
 148 1362621679     130148 0 0 40.0 50.0 
 148 1362621679     140134 0 0 40.0 50.0 
 148 1362621679     150136 0 0 40.0 50.0 
 148 1362621679     160142 0 0 40.0 50.0 
 147 1362621679     170136 0 0 40.0 50.0 
 148 1362621679     180179 0 0 40.0 50.0 
 148 1362621679     190158 0 0 40.0 50.0 
 148 1362621679     200194 0 0 40.0 50.0 
 148 1362621679     210177 0 0 40.0 50.0 
 148 1362621679     220181 0 0 40.0 50.0 
 148 1362621679     230212 0 0 40.0 50.0 
 148 1362621679     240222 0 0 40.0 50.0 
 148 1362621679     250214 0 0 40.0 50.0 
 148 1362621679     260218 0 0 40.0 50.0 
 148 1362621679     270211 0 0 40.0 50.0 
 148 1362621679     280239 0 0 40.0 50.0 
 148 1362621679     290204 0 0 40.0 50.0 
 148 1362621679     300241 0 0 40.0 50.0 
 147 1362621679     310237 0 0 40.0 50.0 
 148 1362621679     320240 0 0 40.0 50.0 
 149 1362621679     330238 0 0 40.0 50.0 
 148 1362621679     340266 0 0 40.0 50.0 
 148 1362621679     350256 0 0 40.0 50.0 
 148 1362621679     360282 0 0 40.0 50.0 
 147 1362621679     370254 0 0 40.0 50.0 
 148 1362621679     380283 0 0 40.0 50.0 
 148 1362621679     390290 0 0 40.0 50.0 
 148 1362621679     400297 0 0 40.0 50.0 
 148 1362621679     410325 0 0 40.0 50.0 
 148 1362621679     420519 0 0 40.0 50.0 
 147 1362621679     430351 0 0 40.0 50.0 
 148 1362621679     440329 0 0 40.0 50.0 
 148 1362621679     450346 0 0 40.0 50.0 
 148 1362621679     460364 0 0 40.0 50.0 
 148 1362621679     470316 0 0 40.0 50.0 
 148 1362621679     480355 0 0 40.0 50.0 
 148 1362621679     490326 0 0 40.0 50.0 
 148 1362621679     500390 0 0 40.0 50.0 
 147 1362621679     510357 0 0 40.0 50.0 
 148 1362621679     520355 0 0 40.0 50.0 
 148 1362621679     530361 0 0 40.0 50.0 
 148 1362621679     540395 0 0 40.0 50.0 
 148 1362621679     550420 0 0 40.0 50.0 
 148 1362621679     560392 0 0 40.0 50.0 
 148 1362621679     570430 0 0 40.0 50.0 
 148 1362621679     580406 0 0 40.0 50.0 
 147 1362621679     590452 0 0 40.0 50.0 
 148 1362621679     600451 0 0 40.0 50.0 
 148 1362621679     610429 0 0 40.0 50.0 
 148 1362621679     620430 0 0 40.0 50.0 
 147 1362621679     630464 0 0 40.0 50.0 
 148 1362621679     640432 0 0 40.0 50.0 
 148 1362621679     650435 0 0 40.0 50.0 
 148 1362621679     660470 0 0 40.0 50.0 
 148 1362621679     670475 0 0 40.0 50.0 
 148 1362621679     680456 0 0 40.0 50.0 
 148 1362621679     690463 0 0 40.0 50.0 
 148 1362621679     700505 0 0 40.0 50.0 
 148 1362621679     710514 0 0 40.0 50.0 
 148 1362621679     720537 0 0 40.0 50.0 
 148 1362621679     730524 0 0 40.0 50.0 
 148 1362621679     740494 0 0 40.0 50.0 
 148 1362621679     750508 0 0 40.0 50.0 
 148 1362621679     760521 0 0 40.0 50.0 
 148 1362621679     770531 0 0 40.0 50.0 
 148 1362621679     780571 0 0 40.0 50.0 
 149 1362621679     790527 0 0 40.0 50.0 
 148 1362621679     800554 0 0 40.0 50.0 
 148 1362621679     810585 0 0 40.0 50.0 
 148 1362621679     820584 0 0 40.0 50.0 
 148 1362621679     830594 0 0 40.0 50.0 
 148 1362621679     840565 0 0 40.0 50.0 
 148 1362621679     850603 0 0 40.0 50.0 
 147 1362621679     860616 0 0 40.0 50.0 
 148 1362621679     870580 0 0 40.0 50.0 
 148 1362621679     880605 0 0 40.0 50.0 
 148 1362621679     890632 0 0 40.0 50.0 
 148 1362621679     900643 0 0 40.0 50.0 
 148 1362621679     910665 0 0 40.0 50.0 
 147 1362621679     920613 0 0 40.0 50.0 
 148 1362621679     930625 0 0 40.0 50.0 
 148 1362621679     940642 0 0 40.0 50.0 
 148 1362621679     950646 0 0 40.0 50.0 
 148 1362621679     960651 0 0 40.0 50.0 
 148 1362621679     970679 0 0 40.0 50.0 
 148 1362621679     980657 0 0 40.0 50.0 
 149 1362621679     990695 0 0 40.0 50.0 
 147 1362621680        707 0 0 40.0 50.0 
 148 1362621680      10713 0 0 40.0 50.0 
 148 1362621680      20699 0 0 40.0 50.0 
 148 1362621680      30716 0 0 40.0 50.0 
 147 1362621680      40755 0 0 40.0 50.0 
 148 1362621680      50734 0 0 40.0 50.0 
 148 1362621680      60709 0 0 40.0 50.0 
 148 1362621680      70741 0 0 40.0 50.0 
 148 1362621680      80766 0 0 40.0 50.0 
 147 1362621680      90731 0 0 40.0 50.0 
 148 1362621680     100760 0 0 40.0 50.0 
 148 1362621680     110796 0 0 40.0 50.0 
 148 1362621680     120768 0 0 40.0 50.0 
 148 1362621680     130809 0 0 40.0 50.0 
 147 1362621680     140779 0 0 40.0 50.0 
 147 1362621680     150813 0 0 40.0 50.0 
 149 1362621680     160830 0 0 40.0 50.0 
 147 1362621680     170802 0 0 40.0 50.0 
 148 1362621680     180807 0 0 40.0 50.0 
 148 1362621680     190849 0 0 40.0 50.0 
 148 1362621680     200814 0 0 40.0 50.0 
 148 1362621680     210858 0 0 40.0 50.0 
 148 1362621680     220833 0 0 40.0 50.0 
 148 1362621680     230832 0 0 40.0 50.0 
 148 1362621680     240884 0 0 40.0 50.0 
 148 1362621680     250861 0 0 40.0 50.0 
 147 1362621680     260868 0 0 40.0 50.0 
 148 1362621680     270892 0 0 40.0 50.0 
 148 1362621680     280902 0 0 40.0 50.0 
 148 1362621680     290866 0 0 40.0 50.0 
 148 1362621680     300886 0 0 40.0 50.0 
 148 1362621680     310910 0 0 40.0 50.0 
 148 1362621680     320886 0 0 40.0 50.0 
 148 1362621680     330945 0 0 40.0 50.0 
 147 1362621680     340929 0 0 40.0 50.0 
 148 1362621680     350958 0 0 40.0 50.0 
 148 1362621680     360932 0 0 40.0 50.0 
 148 1362621680     370924 0 0 40.0 50.0 
 147 1362621680     380951 0 0 40.0 50.0 
 148 1362621680     390925 0 0 40.0 50.0 
 148 1362621680     400928 0 0 40.0 50.0 
 148 1362621680     410937 0 0 40.0 50.0 
 148 1362621680     420952 0 0 40.0 50.0 
 147 1362621680     430981 0 0 40.0 50.0 
 147 1362621680     441000 0 0 40.0 50.0 
 148 1362621680     451009 0 0 40.0 50.0 
 148 1362621680     461030 0 0 40.0 50.0 
 148 1362621680     471006 0 0 40.0 50.0 
 148 1362621680     481003 0 0 40.0 50.0 
 148 1362621680     491047 0 0 40.0 50.0 
 148 1362621680     501000 0 0 40.0 50.0 
 148 1362621680     511026 0 0 40.0 50.0 
 148 1362621680     521063 0 0 40.0 50.0 
 147 1362621680     531032 0 0 40.0 50.0 
 148 1362621680     541073 0 0 40.0 50.0 
 148 1362621680     551051 0 0 40.0 50.0 
 148 1362621680     561079 0 0 40.0 50.0 
 148 1362621680     571099 0 0 40.0 50.0 
 148 1362621680     581070 0 0 40.0 50.0 
 148 1362621680     591073 0 0 40.0 50.0 
 148 1362621680     601072 0 0 40.0 50.0 
 147 1362621680     611107 0 0 40.0 50.0 
 148 1362621680     621129 0 0 40.0 50.0 
 148 1362621680     631099 0 0 40.0 50.0 
 147 1362621680     641132 0 0 40.0 50.0 
 148 1362621680     651143 0 0 40.0 50.0 
 148 1362621680     661156 0 0 40.0 50.0 
 148 1362621680     671170 0 0 40.0 50.0 
 148 1362621680     681130 0 0 40.0 50.0 
 148 1362621680     691159 0 0 40.0 50.0 
 147 1362621680     701183 0 0 40.0 50.0 
 148 1362621680     711143 0 0 40.0 50.0 
 148 1362621680     721159 0 0 40.0 50.0 
 148 1362621680     731200 0 0 40.0 50.0 
 148 1362621680     741217 0 0 40.0 50.0 
 147 1362621680     751188 0 0 40.0 50.0 
 148 1362621680     761189 0 0 40.0 50.0 
 149 1362621680     771192 0 0 40.0 50.0 
 147 1362621680     781215 0 0 40.0 50.0 
 148 1362621680     791240 0 0 40.0 50.0 
 148 1362621680     801195 0 0 40.0 50.0 
 148 1362621680     811204 0 0 40.0 50.0 
 148 1362621680     821251 0 0 40.0 50.0 
 148 1362621680     831276 0 0 40.0 50.0 
 148 1362621680     841234 0 0 40.0 50.0 
 148 1362621680     851265 0 0 40.0 50.0 
 148 1362621680     861273 0 0 40.0 50.0 
 148 1362621680     871255 0 0 40.0 50.0 
 147 1362621680     881276 0 0 40.0 50.0 
 148 1362621680     891290 0 0 40.0 50.0 
 147 1362621680     901300 0 0 40.0 50.0 
 148 1362621680     911321 0 0 40.0 50.0 
 148 1362621680     921323 0 0 40.0 50.0 
 147 1362621680     931296 0 0 40.0 50.0 
 148 1362621680     941337 0 0 40.0 50.0 
 148 1362621680     951303 0 0 40.0 50.0 
 147 1362621680     961346 0 0 40.0 50.0 
 148 1362621680     971307 0 0 40.0 50.0 
 148 1362621680     981360 0 0 40.0 50.0 
 148 1362621680     991344 0 0 40.0 50.0 
 149 1362621681       1383 0 0 40.0 50.0 
 147 1362621681      11342 0 0 40.0 50.0 
 148 1362621681      21374 0 0 40.0 50.0 
 148 1362621681      31347 0 0 40.0 50.0 
 148 1362621681      41389 0 0 40.0 50.0 
 147 1362621681      51413 0 0 40.0 50.0 
 148 1362621681      61381 0 0 40.0 50.0 
 148 1362621681      71374 0 0 40.0 50.0 
 148 1362621681      81395 0 0 40.0 50.0 
 148 1362621681      91435 0 0 40.0 50.0 
 148 1362621681     101404 0 0 40.0 50.0 
 147 1362621681     111416 0 0 40.0 50.0 
 148 1362621681     121468 0 0 40.0 50.0 
 147 1362621681     131456 0 0 40.0 50.0 
 148 1362621681     141462 0 0 40.0 50.0 
 148 1362621681     151463 0 0 40.0 50.0 
 148 1362621681     161460 0 0 40.0 50.0 
 148 1362621681     171490 0 0 40.0 50.0 
 148 1362621681     181454 0 0 40.0 50.0 
 148 1362621681     191458 0 0 40.0 50.0 
 148 1362621681     201516 0 0 40.0 50.0 
 148 1362621681     211526 0 0 40.0 50.0 
 148 1362621681     221488 0 0 40.0 50.0 
 148 1362621681     231512 0 0 40.0 50.0 
 147 1362621681     241544 0 0 40.0 50.0 
 148 1362621681     251508 0 0 40.0 50.0 
 148 1362621681     261548 0 0 40.0 50.0 
 148 1362621681     271516 0 0 40.0 50.0 
 147 1362621681     281533 0 0 40.0 50.0 
 148 1362621681     291552 0 0 40.0 50.0 
 148 1362621681     301577 0 0 40.0 50.0 
 148 1362621681     311539 0 0 40.0 50.0 
 148 1362621681     321574 0 0 40.0 50.0 
 147 1362621681     331585 0 0 40.0 50.0 
 147 1362621681     341601 0 0 40.0 50.0 
 148 1362621681     351599 0 0 40.0 50.0 
 148 1362621681     361577 0 0 40.0 50.0 
 149 1362621681     371605 0 0 40.0 50.0 
 148 1362621681     381622 0 0 40.0 50.0 
 148 1362621681     391586 0 0 40.0 50.0 
 148 1362621681     401655 0 0 40.0 50.0 
 148 1362621681     411653 0 0 40.0 50.0 
 148 1362621681     421632 0 0 40.0 50.0 
 148 1362621681     431635 0 0 40.0 50.0 
 147 1362621681     441677 0 0 40.0 50.0 
 148 1362621681     451649 0 0 40.0 50.0 
 148 1362621681     461644 0 0 40.0 50.0 
 148 1362621681     471644 0 0 40.0 50.0 
 147 1362621681     481669 0 0 40.0 50.0 
 148 1362621681     491668 0 0 40.0 50.0 
 147 1362621681     501696 0 0 40.0 50.0 
 148 1362621681     511673 0 0 40.0 50.0 
 147 1362621681     521710 0 0 40.0 50.0 
 148 1362621681     531705 0 0 40.0 50.0 
 147 1362621681     541717 0 0 40.0 50.0 
 148 1362621681     551746 0 0 40.0 50.0 
 148 1362621681     561710 0 0 40.0 50.0 
 147 1362621681     571739 0 0 40.0 50.0 
 148 1362621681     581738 0 0 40.0 50.0 
 148 1362621681     591745 0 0 40.0 50.0 
 148 1362621681     601743 0 0 40.0 50.0 
 148 1362621681     611746 0 0 40.0 50.0 
 147 1362621681     621770 0 0 40.0 50.0 
 149 1362621681     631798 0 0 40.0 50.0 
 148 1362621681     641806 0 0 40.0 50.0 
 148 1362621681     651804 0 0 40.0 50.0 
 148 1362621681     661785 0 0 40.0 50.0 
 148 1362621681     671821 0 0 40.0 50.0 
 148 1362621681     681836 0 0 40.0 50.0 
 148 1362621681     691807 0 0 40.0 50.0 
 147 1362621681     701824 0 0 40.0 50.0 
 148 1362621681     711830 0 0 40.0 50.0 
 147 1362621681     721808 0 0 40.0 50.0 
 147 1362621681     731840 0 0 40.0 50.0 
 148 1362621681     741846 0 0 40.0 50.0 
 148 1362621681     751829 0 0 40.0 50.0 
 147 1362621681     761851 0 0 40.0 50.0 
 148 1362621681     771876 0 0 40.0 50.0 
 148 1362621681     781881 0 0 40.0 50.0 
 148 1362621681     791890 0 0 40.0 50.0 
 148 1362621681     801891 0 0 40.0 50.0 
 147 1362621681     811924 0 0 40.0 50.0 
 148 1362621681     821915 0 0 40.0 50.0 
 148 1362621681     831937 0 0 40.0 50.0 
 148 1362621681     841892 0 0 40.0 50.0 
 147 1362621681     851938 0 0 40.0 50.0 
 148 1362621681     861898 0 0 40.0 50.0 
 148 1362621681     871904 0 0 40.0 50.0 
 148 1362621681     881934 0 0 40.0 50.0 
 148 1362621681     891955 0 0 40.0 50.0 
 147 1362621681     901958 0 0 40.0 50.0 
 148 1362621681     911958 0 0 40.0 50.0 
 148 1362621681     921986 0 0 40.0 50.0 
 148 1362621681     931999 0 0 40.0 50.0 
 148 1362621681     942001 0 0 40.0 50.0 
 148 1362621681     952009 0 0 40.0 50.0 
 148 1362621681     961978 0 0 40.0 50.0 
 148 1362621681     971991 0 0 40.0 50.0 
 148 1362621681     982023 0 0 40.0 50.0 
 147 1362621681     992040 0 0 40.0 50.0 
 148 1362621682       2013 0 0 40.0 50.0 
 148 1362621682      12031 0 0 40.0 50.0 
 148 1362621682      22031 0 0 40.0 50.0 
 148 1362621682      32065 0 0 40.0 50.0 
 148 1362621682      42038 0 0 40.0 50.0 
 148 1362621682      52039 0 0 40.0 50.0 
 148 1362621682      62083 0 0 40.0 50.0 
 148 1362621682      72092 0 0 40.0 50.0 
 147 1362621682      82104 0 0 40.0 50.0 
 148 1362621682      92063 0 0 40.0 50.0 
 147 1362621682     102097 0 0 40.0 50.0 
 148 1362621682     112122 0 0 40.0 50.0 
 148 1362621682     122103 0 0 40.0 50.0 
 148 1362621682     132076 0 0 40.0 50.0 
 148 1362621682     142103 0 0 40.0 50.0 
 148 1362621682     152093 0 0 40.0 50.0 
 148 1362621682     162124 0 0 40.0 50.0 
 148 1362621682     172142 0 0 40.0 50.0 
 148 1362621682     182116 0 0 40.0 50.0 
 148 1362621682     192140 0 0 40.0 50.0 
 148 1362621682     202169 0 0 40.0 50.0 
 148 1362621682     212170 0 0 40.0 50.0 
 148 1362621682     222197 0 0 40.0 50.0 
 148 1362621682     232154 0 0 40.0 50.0 
 148 1362621682     242196 0 0 40.0 50.0 
 148 1362621682     252209 0 0 40.0 50.0 
 148 1362621682     262163 0 0 40.0 50.0 
 148 1362621682     272203 0 0 40.0 50.0 
 148 1362621682     282228 0 0 40.0 50.0 
 148 1362621682     292182 0 0 40.0 50.0 
 147 1362621682     302218 0 0 40.0 50.0 
 148 1362621682     312248 0 0 40.0 50.0 
 148 1362621682     322250 0 0 40.0 50.0 
 148 1362621682     332242 0 0 40.0 50.0 
 148 1362621682     342217 0 0 40.0 50.0 
 148 1362621682     352279 0 0 40.0 50.0 
 148 1362621682     362238 0 0 40.0 50.0 
 147 1362621682     372281 0 0 40.0 50.0 
 148 1362621682     382293 0 0 40.0 50.0 
 147 1362621682     392277 0 0 40.0 50.0 
 148 1362621682     402274 0 0 40.0 50.0 
 148 1362621682     412294 0 0 40.0 50.0 
 148 1362621682     422334 0 0 40.0 50.0 
 149 1362621682     432315 0 0 40.0 50.0 
 148 1362621682     442313 0 0 40.0 50.0 
 148 1362621682     452322 0 0 40.0 50.0 
 148 1362621682     462347 0 0 40.0 50.0 
 148 1362621682     472315 0 0 40.0 50.0 
 148 1362621682     482353 0 0 40.0 50.0 
 148 1362621682     492369 0 0 40.0 50.0 
 148 1362621682     502386 0 0 40.0 50.0 
 148 1362621682     512354 0 0 40.0 50.0 
 148 1362621682     522379 0 0 40.0 50.0 
 148 1362621682     532396 0 0 40.0 50.0 
 148 1362621682     542357 0 0 40.0 50.0 
 148 1362621682     552351 0 0 40.0 50.0 
 147 1362621682     562375 0 0 40.0 50.0 
 148 1362621682     572389 0 0 40.0 50.0 
 148 1362621682     582375 0 0 40.0 50.0 
 148 1362621682     592382 0 0 40.0 50.0 
 147 1362621682     602430 0 0 40.0 50.0 
 148 1362621682     612434 0 0 40.0 50.0 
 148 1362621682     622450 0 0 40.0 50.0 
 148 1362621682     632446 0 0 40.0 50.0 
 148 1362621682     642461 0 0 40.0 50.0 
 148 1362621682     652444 0 0 40.0 50.0 
 148 1362621682     662469 0 0 40.0 50.0 
 147 1362621682     672444 0 0 40.0 50.0 
 148 1362621682     682464 0 0 40.0 50.0 
 148 1362621682     692504 0 0 40.0 50.0 
 148 1362621682     702486 0 0 40.0 50.0 
 148 1362621682     712519 0 0 40.0 50.0 
 149 1362621682     722472 0 0 40.0 50.0 
 147 1362621682     732511 0 0 40.0 50.0 
 147 1362621682     742513 0 0 40.0 50.0 
 148 1362621682     752540 0 0 40.0 50.0 
 148 1362621682     762548 0 0 40.0 50.0 
 148 1362621682     772513 0 0 40.0 50.0 
 148 1362621682     782519 0 0 40.0 50.0 
 148 1362621682     792544 0 0 40.0 50.0 
 148 1362621682     802562 0 0 40.0 50.0 
 148 1362621682     812537 0 0 40.0 50.0 
 148 1362621682     822581 0 0 40.0 50.0 
 148 1362621682     832565 0 0 40.0 50.0 
 148 1362621682     842591 0 0 40.0 50.0 
 148 1362621682     852594 0 0 40.0 50.0 
 148 1362621682     862563 0 0 40.0 50.0 
 148 1362621682     872597 0 0 40.0 50.0 
 148 1362621682     882575 0 0 40.0 50.0 
 148 1362621682     892602 0 0 40.0 50.0 
 148 1362621682     902598 0 0 40.0 50.0 
 148 1362621682     912610 0 0 40.0 50.0 
 148 1362621682     922618 0 0 40.0 50.0 
 147 1362621682     932619 0 0 40.0 50.0 
 148 1362621682     942643 0 0 40.0 50.0 
 148 1362621682     952630 0 0 40.0 50.0 
 147 1362621682     962641 0 0 40.0 50.0 
 148 1362621682     972680 0 0 40.0 50.0 
 148 1362621682     982683 0 0 40.0 50.0 
 147 1362621682     992649 0 0 40.0 50.0 
 148 1362621683       2655 0 0 40.0 50.0 
 148 1362621683      12689 0 0 40.0 50.0 
 148 1362621683      22699 0 0 40.0 50.0 
 148 1362621683      32674 0 0 40.0 50.0 
 148 1362621683      42678 0 0 40.0 50.0 
 147 1362621683      52733 0 0 40.0 50.0 
 148 1362621683      62750 0 0 40.0 50.0 
 148 1362621683      72706 0 0 40.0 50.0 
 148 1362621683      82721 0 0 40.0 50.0 
 148 1362621683      92747 0 0 40.0 50.0 
 148 1362621683     102716 0 0 40.0 50.0 
 148 1362621683     112735 0 0 40.0 50.0 
 148 1362621683     122779 0 0 40.0 50.0 
 148 1362621683     132769 0 0 40.0 50.0 
 147 1362621683     142764 0 0 40.0 50.0 
 148 1362621683     152760 0 0 40.0 50.0 
 147 1362621683     162817 0 0 40.0 50.0 
 148 1362621683     172767 0 0 40.0 50.0 
 148 1362621683     182825 0 0 40.0 50.0 
 148 1362621683     192834 0 0 40.0 50.0 
 148 1362621683     202829 0 0 40.0 50.0 
 148 1362621683     212825 0 0 40.0 50.0 
 148 1362621683     222833 0 0 40.0 50.0 
 148 1362621683     232845 0 0 40.0 50.0 
 148 1362621683     242814 0 0 40.0 50.0 
 147 1362621683     252875 0 0 40.0 50.0 
 148 1362621683     262854 0 0 40.0 50.0 
 148 1362621683     272887 0 0 40.0 50.0 
 148 1362621683     282861 0 0 40.0 50.0 
 148 1362621683     292889 0 0 40.0 50.0 
 148 1362621683     302882 0 0 40.0 50.0 
 148 1362621683     312879 0 0 40.0 50.0 
 148 1362621683     322914 0 0 40.0 50.0 
 148 1362621683     332880 0 0 40.0 50.0 
 148 1362621683     342879 0 0 40.0 50.0 
 148 1362621683     352934 0 0 40.0 50.0 
 148 1362621683     362905 0 0 40.0 50.0 
 148 1362621683     372906 0 0 40.0 50.0 
 148 1362621683     382909 0 0 40.0 50.0 
 148 1362621683     392947 0 0 40.0 50.0 
 147 1362621683     402959 0 0 40.0 50.0 
 148 1362621683     412933 0 0 40.0 50.0 
 148 1362621683     422980 0 0 40.0 50.0 
 148 1362621683     432953 0 0 40.0 50.0 
 148 1362621683     442970 0 0 40.0 50.0 
 148 1362621683     453007 0 0 40.0 50.0 
 148 1362621683     462957 0 0 40.0 50.0 
 148 1362621683     472993 0 0 40.0 50.0 
 148 1362621683     483029 0 0 40.0 50.0 
 148 1362621683     492997 0 0 40.0 50.0 
 148 1362621683     503010 0 0 40.0 50.0 
 147 1362621683     513037 0 0 40.0 50.0 
 148 1362621683     523052 0 0 40.0 50.0 
 148 1362621683     533003 0 0 40.0 50.0 
 148 1362621683     543019 0 0 40.0 50.0 
 148 1362621683     553028 0 0 40.0 50.0 
 147 1362621683     563031 0 0 40.0 50.0 
 148 1362621683     573031 0 0 40.0 50.0 
 148 1362621683     583043 0 0 40.0 50.0 
 148 1362621683     593053 0 0 40.0 50.0 
 148 1362621683     603061 0 0 40.0 50.0 
 148 1362621683     613090 0 0 40.0 50.0 
 147 1362621683     623125 0 0 40.0 50.0 
 148 1362621683     633102 0 0 40.0 50.0 
 148 1362621683     643081 0 0 40.0 50.0 
 147 1362621683     653145 0 0 40.0 50.0 
 148 1362621683     663118 0 0 40.0 50.0 
 148 1362621683     673123 0 0 40.0 50.0 
 147 1362621683     683147 0 0 40.0 50.0 
 149 1362621683     693164 0 0 40.0 50.0 
 148 1362621683     703146 0 0 40.0 50.0 
 148 1362621683     713174 0 0 40.0 50.0 
 149 1362621683     723156 0 0 40.0 50.0 
 147 1362621683     733193 0 0 40.0 50.0 
 148 1362621683     743173 0 0 40.0 50.0 
 148 1362621683     753204 0 0 40.0 50.0 
 148 1362621683     763190 0 0 40.0 50.0 
 148 1362621683     773167 0 0 40.0 50.0 
 148 1362621683     783168 0 0 40.0 50.0 
 148 1362621683     793210 0 0 40.0 50.0 
 148 1362621683     803225 0 0 40.0 50.0 
 148 1362621683     813195 0 0 40.0 50.0 
 148 1362621683     823219 0 0 40.0 50.0 
 148 1362621683     833249 0 0 40.0 50.0 
 148 1362621683     843218 0 0 40.0 50.0 
 148 1362621683     853274 0 0 40.0 50.0 
 148 1362621683     863273 0 0 40.0 50.0 
 148 1362621683     873286 0 0 40.0 50.0 
 147 1362621683     883251 0 0 40.0 50.0 
 148 1362621683     893295 0 0 40.0 50.0 
 148 1362621683     903256 0 0 40.0 50.0 
 148 1362621683     913270 0 0 40.0 50.0 
 148 1362621683     923321 0 0 40.0 50.0 
 148 1362621683     933298 0 0 40.0 50.0 
 148 1362621683     943310 0 0 40.0 50.0 
 148 1362621683     953311 0 0 40.0 50.0 
 148 1362621683     963336 0 0 40.0 50.0 
 148 1362621683     973320 0 0 40.0 50.0 
 148 1362621683     983343 0 0 40.0 50.0 
 147 1362621683     993360 0 0 40.0 50.0 
 148 1362621684       3372 0 0 40.0 50.0 
 148 1362621684      13338 0 0 40.0 50.0 
 147 1362621684      23353 0 0 40.0 50.0 
 148 1362621684      33362 0 0 40.0 50.0 
 148 1362621684      43385 0 0 40.0 50.0 
 147 1362621684      53382 0 0 40.0 50.0 
 148 1362621684      63404 0 0 40.0 50.0 
 148 1362621684      73379 0 0 40.0 50.0 
 147 1362621684      83418 0 0 40.0 50.0 
 148 1362621684      93403 0 0 40.0 50.0 
 147 1362621684     103389 0 0 40.0 50.0 
 148 1362621684     113407 0 0 40.0 50.0 
 148 1362621684     123425 0 0 40.0 50.0 
 147 1362621684     133401 0 0 40.0 50.0 
 147 1362621684     143424 0 0 40.0 50.0 
 148 1362621684     153446 0 0 40.0 50.0 
 147 1362621684     163479 0 0 40.0 50.0 
 148 1362621684     173479 0 0 40.0 50.0 
 148 1362621684     183452 0 0 40.0 50.0 
 147 1362621684     193491 0 0 40.0 50.0 
 148 1362621684     203504 0 0 40.0 50.0 
 148 1362621684     213453 0 0 40.0 50.0 
 148 1362621684     223467 0 0 40.0 50.0 
 149 1362621684     233513 0 0 40.0 50.0 
 147 1362621684     243518 0 0 40.0 50.0 
 148 1362621684     253523 0 0 40.0 50.0 
 148 1362621684     263534 0 0 40.0 50.0 
 147 1362621684     273493 0 0 40.0 50.0 
 148 1362621684     283507 0 0 40.0 50.0 
 148 1362621684     293523 0 0 40.0 50.0 
 147 1362621684     303556 0 0 40.0 50.0 
 148 1362621684     313518 0 0 40.0 50.0 
 148 1362621684     323553 0 0 40.0 50.0 
 148 1362621684     333565 0 0 40.0 50.0 
 148 1362621684     343578 0 0 40.0 50.0 
 148 1362621684     353582 0 0 40.0 50.0 
 148 1362621684     363592 0 0 40.0 50.0 
 148 1362621684     373605 0 0 40.0 50.0 
 148 1362621684     383582 0 0 40.0 50.0 
 147 1362621684     393612 0 0 40.0 50.0 
 148 1362621684     403628 0 0 40.0 50.0 
 148 1362621684     413632 0 0 40.0 50.0 
