 279 1362630067     426818 3 3 40.0 50.0 
 279 1362630067     436876 3 3 40.0 50.0 
 279 1362630067     446947 3 3 40.0 50.0 
 279 1362630067     456952 3 3 40.0 50.0 
 278 1362630067     466889 3 3 40.0 50.0 
 279 1362630067     476922 3 3 40.0 50.0 
 279 1362630067     486983 3 3 40.0 50.0 
 279 1362630067     496899 3 3 40.0 50.0 
 279 1362630067     506949 3 3 40.0 50.0 
 279 1362630067     517032 3 3 40.0 50.0 
 279 1362630067     527047 3 3 40.0 50.0 
 279 1362630067     536882 3 3 40.0 50.0 
 279 1362630067     546915 3 3 40.0 50.0 
 279 1362630067     556926 3 3 40.0 50.0 
 279 1362630067     566883 3 3 40.0 50.0 
 279 1362630067     576911 3 3 40.0 50.0 
 279 1362630067     586951 3 3 40.0 50.0 
 278 1362630067     596910 3 3 40.0 50.0 
 279 1362630067     606936 3 3 40.0 50.0 
 279 1362630067     616948 3 3 40.0 50.0 
 279 1362630067     626962 3 3 40.0 50.0 
 279 1362630067     636957 3 3 40.0 50.0 
 279 1362630067     646993 3 3 40.0 50.0 
 279 1362630067     656942 3 3 40.0 50.0 
 279 1362630067     666954 3 3 40.0 50.0 
 279 1362630067     676981 3 3 40.0 50.0 
 279 1362630067     686963 3 3 40.0 50.0 
 279 1362630067     696984 3 3 40.0 50.0 
 279 1362630067     707004 3 3 40.0 50.0 
 279 1362630067     717024 3 3 40.0 50.0 
 278 1362630067     727034 3 3 40.0 50.0 
 279 1362630067     737021 3 3 40.0 50.0 
 279 1362630067     747056 3 3 40.0 50.0 
 279 1362630067     757068 3 3 40.0 50.0 
 279 1362630067     767030 3 3 40.0 50.0 
 279 1362630067     777032 3 3 40.0 50.0 
 279 1362630067     787086 3 3 40.0 50.0 
 279 1362630067     797100 3 3 40.0 50.0 
 279 1362630067     807061 3 3 40.0 50.0 
 278 1362630067     817096 3 3 40.0 50.0 
 279 1362630067     827054 3 3 40.0 50.0 
 279 1362630067     837101 3 3 40.0 50.0 
 279 1362630067     847128 3 3 40.0 50.0 
 278 1362630067     857138 3 3 40.0 50.0 
 279 1362630067     867090 3 3 40.0 50.0 
 279 1362630067     877112 3 3 40.0 50.0 
 279 1362630067     887159 3 3 40.0 50.0 
 279 1362630067     897122 3 3 40.0 50.0 
 279 1362630067     907145 3 3 40.0 50.0 
 279 1362630067     917171 3 3 40.0 50.0 
 279 1362630067     927136 3 3 40.0 50.0 
 279 1362630067     937179 3 3 40.0 50.0 
 279 1362630067     947199 3 3 40.0 50.0 
 279 1362630067     957199 3 3 40.0 50.0 
 279 1362630067     967146 3 3 40.0 50.0 
 279 1362630067     977178 3 3 40.0 50.0 
 279 1362630067     987222 3 3 40.0 50.0 
 279 1362630067     997175 3 3 40.0 50.0 
 279 1362630068       7200 3 3 40.0 50.0 
 279 1362630068      17198 3 3 40.0 50.0 
 279 1362630068      27230 3 3 40.0 50.0 
 279 1362630068      37209 3 3 40.0 50.0 
 279 1362630068      47232 3 3 40.0 50.0 
 279 1362630068      57247 3 3 40.0 50.0 
 279 1362630068      67271 3 3 40.0 50.0 
 278 1362630068      77231 3 3 40.0 50.0 
 279 1362630068      87227 3 3 40.0 50.0 
 279 1362630068      97253 3 3 40.0 50.0 
 279 1362630068     107263 3 3 40.0 50.0 
 278 1362630068     117294 3 3 40.0 50.0 
 279 1362630068     127312 3 3 40.0 50.0 
 279 1362630068     137318 3 3 40.0 50.0 
 279 1362630068     147325 3 3 40.0 50.0 
 279 1362630068     157331 3 3 40.0 50.0 
 279 1362630068     167288 3 3 40.0 50.0 
 279 1362630068     177311 3 3 40.0 50.0 
 279 1362630068     187349 3 3 40.0 50.0 
 279 1362630068     197316 3 3 40.0 50.0 
 279 1362630068     207357 3 3 40.0 50.0 
 279 1362630068     217335 3 3 40.0 50.0 
 280 1362630068     227355 3 3 40.0 50.0 
 278 1362630068     237394 3 3 40.0 50.0 
 279 1362630068     247346 3 3 40.0 50.0 
 279 1362630068     257350 3 3 40.0 50.0 
 279 1362630068     267373 3 3 40.0 50.0 
 279 1362630068     277402 3 3 40.0 50.0 
 279 1362630068     287414 3 3 40.0 50.0 
 279 1362630068     297367 3 3 40.0 50.0 
 279 1362630068     307380 3 3 40.0 50.0 
 279 1362630068     317402 3 3 40.0 50.0 
 279 1362630068     327412 3 3 40.0 50.0 
 278 1362630068     337425 3 3 40.0 50.0 
 278 1362630068     347466 3 3 40.0 50.0 
 279 1362630068     357421 3 3 40.0 50.0 
 279 1362630068     367435 3 3 40.0 50.0 
 279 1362630068     377447 3 3 40.0 50.0 
 279 1362630068     387472 3 3 40.0 50.0 
 279 1362630068     397492 3 3 40.0 50.0 
 279 1362630068     407452 3 3 40.0 50.0 
 279 1362630068     417468 3 3 40.0 50.0 
