 418 1362622676     649312 0 4 40.0 150.0 
 418 1362622676     659442 0 4 40.0 150.0 
 418 1362622676     669432 0 4 40.0 150.0 
 418 1362622676     679437 0 4 40.0 150.0 
 418 1362622676     689459 0 4 40.0 150.0 
 418 1362622676     699386 0 4 40.0 150.0 
 418 1362622676     709464 0 4 40.0 150.0 
 418 1362622676     719457 0 4 40.0 150.0 
 418 1362622676     729419 0 4 40.0 150.0 
 418 1362622676     739517 0 4 40.0 150.0 
 418 1362622676     749479 0 4 40.0 150.0 
 418 1362622676     759431 0 4 40.0 150.0 
 417 1362622676     769473 0 4 40.0 150.0 
 418 1362622676     779423 0 4 40.0 150.0 
 418 1362622676     789431 0 4 40.0 150.0 
 418 1362622676     799403 0 4 40.0 150.0 
 418 1362622676     809384 0 4 40.0 150.0 
 418 1362622676     819393 0 4 40.0 150.0 
 418 1362622676     829462 0 4 40.0 150.0 
 418 1362622676     839410 0 4 40.0 150.0 
 418 1362622676     849415 0 4 40.0 150.0 
 418 1362622676     859416 0 4 40.0 150.0 
 419 1362622676     869436 0 4 40.0 150.0 
 417 1362622676     879428 0 4 40.0 150.0 
 418 1362622676     889445 0 4 40.0 150.0 
 417 1362622676     899445 0 4 40.0 150.0 
 419 1362622676     909468 0 4 40.0 150.0 
 418 1362622676     919483 0 4 40.0 150.0 
 419 1362622676     929484 0 4 40.0 150.0 
 418 1362622676     939501 0 4 40.0 150.0 
 419 1362622676     949516 0 4 40.0 150.0 
 418 1362622676     959539 0 4 40.0 150.0 
 418 1362622676     969555 0 4 40.0 150.0 
 418 1362622676     979565 0 4 40.0 150.0 
 418 1362622676     989503 0 4 40.0 150.0 
 418 1362622676     999535 0 4 40.0 150.0 
 418 1362622677       9550 0 4 40.0 150.0 
 418 1362622677      19573 0 4 40.0 150.0 
 418 1362622677      29547 0 4 40.0 150.0 
 418 1362622677      39558 0 4 40.0 150.0 
 418 1362622677      49602 0 4 40.0 150.0 
 418 1362622677      59552 0 4 40.0 150.0 
 418 1362622677      69623 0 4 40.0 150.0 
 418 1362622677      79595 0 4 40.0 150.0 
 418 1362622677      89633 0 4 40.0 150.0 
 418 1362622677      99608 0 4 40.0 150.0 
 418 1362622677     109605 0 4 40.0 150.0 
 418 1362622677     119603 0 4 40.0 150.0 
 418 1362622677     129641 0 4 40.0 150.0 
 418 1362622677     139600 0 4 40.0 150.0 
 418 1362622677     149665 0 4 40.0 150.0 
 418 1362622677     159668 0 4 40.0 150.0 
 417 1362622677     169649 0 4 40.0 150.0 
 418 1362622677     179642 0 4 40.0 150.0 
 418 1362622677     189635 0 4 40.0 150.0 
 418 1362622677     199697 0 4 40.0 150.0 
 419 1362622677     209703 0 4 40.0 150.0 
 417 1362622677     219700 0 4 40.0 150.0 
 418 1362622677     229706 0 4 40.0 150.0 
 418 1362622677     239732 0 4 40.0 150.0 
 418 1362622677     249684 0 4 40.0 150.0 
 418 1362622677     259704 0 4 40.0 150.0 
 418 1362622677     269705 0 4 40.0 150.0 
 418 1362622677     279704 0 4 40.0 150.0 
 418 1362622677     289717 0 4 40.0 150.0 
 418 1362622677     299738 0 4 40.0 150.0 
 418 1362622677     309752 0 4 40.0 150.0 
 418 1362622677     319755 0 4 40.0 150.0 
 418 1362622677     329784 0 4 40.0 150.0 
 418 1362622677     339791 0 4 40.0 150.0 
 418 1362622677     349788 0 4 40.0 150.0 
 418 1362622677     359794 0 4 40.0 150.0 
 418 1362622677     369803 0 4 40.0 150.0 
 418 1362622677     379820 0 4 40.0 150.0 
 419 1362622677     389831 0 4 40.0 150.0 
 418 1362622677     399779 0 4 40.0 150.0 
 418 1362622677     409782 0 4 40.0 150.0 
 418 1362622677     419798 0 4 40.0 150.0 
 418 1362622677     429847 0 4 40.0 150.0 
 418 1362622677     439848 0 4 40.0 150.0 
 418 1362622677     449850 0 4 40.0 150.0 
 418 1362622677     459840 0 4 40.0 150.0 
 418 1362622677     469840 0 4 40.0 150.0 
 418 1362622677     479859 0 4 40.0 150.0 
 419 1362622677     489869 0 4 40.0 150.0 
 418 1362622677     499891 0 4 40.0 150.0 
 418 1362622677     509895 0 4 40.0 150.0 
 418 1362622677     519852 0 4 40.0 150.0 
 418 1362622677     529921 0 4 40.0 150.0 
 418 1362622677     539868 0 4 40.0 150.0 
 418 1362622677     549898 0 4 40.0 150.0 
 419 1362622677     559899 0 4 40.0 150.0 
 418 1362622677     569898 0 4 40.0 150.0 
 419 1362622677     579950 0 4 40.0 150.0 
 418 1362622677     589959 0 4 40.0 150.0 
 418 1362622677     599905 0 4 40.0 150.0 
 418 1362622677     609920 0 4 40.0 150.0 
 418 1362622677     619924 0 4 40.0 150.0 
 418 1362622677     629946 0 4 40.0 150.0 
 418 1362622677     639975 0 4 40.0 150.0 
 419 1362622677     649973 0 4 40.0 150.0 
 418 1362622677     659978 0 4 40.0 150.0 
 418 1362622677     669984 0 4 40.0 150.0 
 417 1362622677     679986 0 4 40.0 150.0 
 418 1362622677     689980 0 4 40.0 150.0 
 418 1362622677     700007 0 4 40.0 150.0 
 418 1362622677     710000 0 4 40.0 150.0 
 419 1362622677     720002 0 4 40.0 150.0 
 419 1362622677     729998 0 4 40.0 150.0 
 418 1362622677     740006 0 4 40.0 150.0 
 418 1362622677     750013 0 4 40.0 150.0 
 418 1362622677     760077 0 4 40.0 150.0 
 418 1362622677     770081 0 4 40.0 150.0 
 418 1362622677     780087 0 4 40.0 150.0 
 417 1362622677     790095 0 4 40.0 150.0 
 418 1362622677     800109 0 4 40.0 150.0 
 418 1362622677     810044 0 4 40.0 150.0 
 418 1362622677     820104 0 4 40.0 150.0 
 418 1362622677     830106 0 4 40.0 150.0 
 419 1362622677     840124 0 4 40.0 150.0 
 418 1362622677     850122 0 4 40.0 150.0 
 418 1362622677     860107 0 4 40.0 150.0 
 418 1362622677     870117 0 4 40.0 150.0 
 418 1362622677     880120 0 4 40.0 150.0 
 418 1362622677     890130 0 4 40.0 150.0 
 418 1362622677     900140 0 4 40.0 150.0 
 418 1362622677     910147 0 4 40.0 150.0 
 418 1362622677     920153 0 4 40.0 150.0 
 418 1362622677     930135 0 4 40.0 150.0 
 418 1362622677     940148 0 4 40.0 150.0 
 419 1362622677     950171 0 4 40.0 150.0 
 418 1362622677     960172 0 4 40.0 150.0 
 418 1362622677     970181 0 4 40.0 150.0 
 418 1362622677     980190 0 4 40.0 150.0 
 419 1362622677     990190 0 4 40.0 150.0 
 417 1362622678        197 0 4 40.0 150.0 
 418 1362622678      10193 0 4 40.0 150.0 
 418 1362622678      20201 0 4 40.0 150.0 
 418 1362622678      30207 0 4 40.0 150.0 
 418 1362622678      40234 0 4 40.0 150.0 
 418 1362622678      50242 0 4 40.0 150.0 
 418 1362622678      60238 0 4 40.0 150.0 
 419 1362622678      70239 0 4 40.0 150.0 
 418 1362622678      80248 0 4 40.0 150.0 
 418 1362622678      90243 0 4 40.0 150.0 
 419 1362622678     100270 0 4 40.0 150.0 
 417 1362622678     110274 0 4 40.0 150.0 
 418 1362622678     120290 0 4 40.0 150.0 
 418 1362622678     130291 0 4 40.0 150.0 
 418 1362622678     140313 0 4 40.0 150.0 
 418 1362622678     150326 0 4 40.0 150.0 
 419 1362622678     160313 0 4 40.0 150.0 
 419 1362622678     170313 0 4 40.0 150.0 
 418 1362622678     180323 0 4 40.0 150.0 
 418 1362622678     190313 0 4 40.0 150.0 
 419 1362622678     200326 0 4 40.0 150.0 
 418 1362622678     210321 0 4 40.0 150.0 
 419 1362622678     220334 0 4 40.0 150.0 
 419 1362622678     230329 0 4 40.0 150.0 
 419 1362622678     240343 0 4 40.0 150.0 
 418 1362622678     250356 0 4 40.0 150.0 
 418 1362622678     260341 0 4 40.0 150.0 
 418 1362622678     270360 0 4 40.0 150.0 
 418 1362622678     280359 0 4 40.0 150.0 
 418 1362622678     290379 0 4 40.0 150.0 
 418 1362622678     300401 0 4 40.0 150.0 
 418 1362622678     310396 0 4 40.0 150.0 
 418 1362622678     320398 0 4 40.0 150.0 
 418 1362622678     330409 0 4 40.0 150.0 
 418 1362622678     340407 0 4 40.0 150.0 
 418 1362622678     350406 0 4 40.0 150.0 
 417 1362622678     360476 0 4 40.0 150.0 
 418 1362622678     370424 0 4 40.0 150.0 
 418 1362622678     380437 0 4 40.0 150.0 
 418 1362622678     390453 0 4 40.0 150.0 
 418 1362622678     400457 0 4 40.0 150.0 
 418 1362622678     410462 0 4 40.0 150.0 
 418 1362622678     420466 0 4 40.0 150.0 
 418 1362622678     430477 0 4 40.0 150.0 
 418 1362622678     440482 0 4 40.0 150.0 
 418 1362622678     450508 0 4 40.0 150.0 
 418 1362622678     460501 0 4 40.0 150.0 
 418 1362622678     470509 0 4 40.0 150.0 
 418 1362622678     480528 0 4 40.0 150.0 
 418 1362622678     490541 0 4 40.0 150.0 
 418 1362622678     500549 0 4 40.0 150.0 
 417 1362622678     510543 0 4 40.0 150.0 
 419 1362622678     520546 0 4 40.0 150.0 
 418 1362622678     530539 0 4 40.0 150.0 
 419 1362622678     540545 0 4 40.0 150.0 
 418 1362622678     550573 0 4 40.0 150.0 
 418 1362622678     560565 0 4 40.0 150.0 
 418 1362622678     570575 0 4 40.0 150.0 
 419 1362622678     580586 0 4 40.0 150.0 
 418 1362622678     590599 0 4 40.0 150.0 
 418 1362622678     600611 0 4 40.0 150.0 
 418 1362622678     610617 0 4 40.0 150.0 
 418 1362622678     620622 0 4 40.0 150.0 
 418 1362622678     630636 0 4 40.0 150.0 
 418 1362622678     640594 0 4 40.0 150.0 
 419 1362622678     650615 0 4 40.0 150.0 
 418 1362622678     660612 0 4 40.0 150.0 
 419 1362622678     670625 0 4 40.0 150.0 
 418 1362622678     680632 0 4 40.0 150.0 
 419 1362622678     690638 0 4 40.0 150.0 
 417 1362622678     700662 0 4 40.0 150.0 
 418 1362622678     710654 0 4 40.0 150.0 
 418 1362622678     720657 0 4 40.0 150.0 
 418 1362622678     730675 0 4 40.0 150.0 
 418 1362622678     740696 0 4 40.0 150.0 
 418 1362622678     750702 0 4 40.0 150.0 
 418 1362622678     760700 0 4 40.0 150.0 
 418 1362622678     770717 0 4 40.0 150.0 
 418 1362622678     780717 0 4 40.0 150.0 
 418 1362622678     790718 0 4 40.0 150.0 
 419 1362622678     800765 0 4 40.0 150.0 
 418 1362622678     810762 0 4 40.0 150.0 
 418 1362622678     820771 0 4 40.0 150.0 
 418 1362622678     830782 0 4 40.0 150.0 
 418 1362622678     840780 0 4 40.0 150.0 
 418 1362622678     850796 0 4 40.0 150.0 
 419 1362622678     860793 0 4 40.0 150.0 
 418 1362622678     870790 0 4 40.0 150.0 
 418 1362622678     880774 0 4 40.0 150.0 
 417 1362622678     890784 0 4 40.0 150.0 
 418 1362622678     900791 0 4 40.0 150.0 
 418 1362622678     910844 0 4 40.0 150.0 
 419 1362622678     920804 0 4 40.0 150.0 
 418 1362622678     930790 0 4 40.0 150.0 
 418 1362622678     940796 0 4 40.0 150.0 
 417 1362622678     950814 0 4 40.0 150.0 
 418 1362622678     960866 0 4 40.0 150.0 
 418 1362622678     970815 0 4 40.0 150.0 
 418 1362622678     980885 0 4 40.0 150.0 
 418 1362622678     990896 0 4 40.0 150.0 
 418 1362622679        867 0 4 40.0 150.0 
 418 1362622679      10873 0 4 40.0 150.0 
 418 1362622679      20903 0 4 40.0 150.0 
 419 1362622679      30859 0 4 40.0 150.0 
 418 1362622679      40871 0 4 40.0 150.0 
 418 1362622679      50899 0 4 40.0 150.0 
 418 1362622679      60908 0 4 40.0 150.0 
 418 1362622679      70922 0 4 40.0 150.0 
 418 1362622679      80886 0 4 40.0 150.0 
 418 1362622679      90901 0 4 40.0 150.0 
 418 1362622679     100964 0 4 40.0 150.0 
 419 1362622679     110933 0 4 40.0 150.0 
 419 1362622679     120911 0 4 40.0 150.0 
 418 1362622679     130957 0 4 40.0 150.0 
 418 1362622679     140924 0 4 40.0 150.0 
 418 1362622679     150982 0 4 40.0 150.0 
 418 1362622679     160966 0 4 40.0 150.0 
 419 1362622679     171004 0 4 40.0 150.0 
 419 1362622679     180977 0 4 40.0 150.0 
 418 1362622679     191015 0 4 40.0 150.0 
 418 1362622679     201002 0 4 40.0 150.0 
 419 1362622679     210991 0 4 40.0 150.0 
 418 1362622679     221033 0 4 40.0 150.0 
 418 1362622679     231025 0 4 40.0 150.0 
 418 1362622679     241039 0 4 40.0 150.0 
 418 1362622679     251042 0 4 40.0 150.0 
 419 1362622679     261038 0 4 40.0 150.0 
 418 1362622679     271045 0 4 40.0 150.0 
 419 1362622679     281050 0 4 40.0 150.0 
 418 1362622679     291052 0 4 40.0 150.0 
 419 1362622679     301071 0 4 40.0 150.0 
 417 1362622679     311068 0 4 40.0 150.0 
 419 1362622679     321085 0 4 40.0 150.0 
 418 1362622679     331097 0 4 40.0 150.0 
 418 1362622679     341113 0 4 40.0 150.0 
 418 1362622679     351063 0 4 40.0 150.0 
 418 1362622679     361132 0 4 40.0 150.0 
 419 1362622679     371132 0 4 40.0 150.0 
 418 1362622679     381145 0 4 40.0 150.0 
 418 1362622679     391151 0 4 40.0 150.0 
 418 1362622679     401157 0 4 40.0 150.0 
 419 1362622679     411141 0 4 40.0 150.0 
 418 1362622679     421123 0 4 40.0 150.0 
 418 1362622679     431182 0 4 40.0 150.0 
 418 1362622679     441138 0 4 40.0 150.0 
 418 1362622679     451149 0 4 40.0 150.0 
 418 1362622679     461165 0 4 40.0 150.0 
 418 1362622679     471185 0 4 40.0 150.0 
 418 1362622679     481210 0 4 40.0 150.0 
 418 1362622679     491214 0 4 40.0 150.0 
 419 1362622679     501175 0 4 40.0 150.0 
 419 1362622679     511188 0 4 40.0 150.0 
 418 1362622679     521178 0 4 40.0 150.0 
 418 1362622679     531192 0 4 40.0 150.0 
 418 1362622679     541198 0 4 40.0 150.0 
 419 1362622679     551223 0 4 40.0 150.0 
 418 1362622679     561222 0 4 40.0 150.0 
 418 1362622679     571220 0 4 40.0 150.0 
 419 1362622679     581237 0 4 40.0 150.0 
 418 1362622679     591237 0 4 40.0 150.0 
 418 1362622679     601253 0 4 40.0 150.0 
 418 1362622679     611255 0 4 40.0 150.0 
 418 1362622679     621243 0 4 40.0 150.0 
 418 1362622679     631251 0 4 40.0 150.0 
 419 1362622679     641264 0 4 40.0 150.0 
 418 1362622679     651274 0 4 40.0 150.0 
 418 1362622679     661285 0 4 40.0 150.0 
 418 1362622679     671289 0 4 40.0 150.0 
 419 1362622679     681312 0 4 40.0 150.0 
 418 1362622679     691319 0 4 40.0 150.0 
 418 1362622679     701326 0 4 40.0 150.0 
 418 1362622679     711326 0 4 40.0 150.0 
 418 1362622679     721316 0 4 40.0 150.0 
 419 1362622679     731370 0 4 40.0 150.0 
 418 1362622679     741344 0 4 40.0 150.0 
 419 1362622679     751322 0 4 40.0 150.0 
 418 1362622679     761373 0 4 40.0 150.0 
 418 1362622679     771371 0 4 40.0 150.0 
 418 1362622679     781343 0 4 40.0 150.0 
 419 1362622679     791353 0 4 40.0 150.0 
 417 1362622679     801407 0 4 40.0 150.0 
 419 1362622679     811370 0 4 40.0 150.0 
 418 1362622679     821377 0 4 40.0 150.0 
 418 1362622679     831408 0 4 40.0 150.0 
 418 1362622679     841411 0 4 40.0 150.0 
 418 1362622679     851433 0 4 40.0 150.0 
 419 1362622679     861427 0 4 40.0 150.0 
 418 1362622679     871397 0 4 40.0 150.0 
 419 1362622679     881438 0 4 40.0 150.0 
 418 1362622679     891446 0 4 40.0 150.0 
 419 1362622679     901460 0 4 40.0 150.0 
 418 1362622679     911466 0 4 40.0 150.0 
 418 1362622679     921485 0 4 40.0 150.0 
 418 1362622679     931473 0 4 40.0 150.0 
 419 1362622679     941453 0 4 40.0 150.0 
 418 1362622679     951494 0 4 40.0 150.0 
 418 1362622679     961502 0 4 40.0 150.0 
 418 1362622679     971457 0 4 40.0 150.0 
 419 1362622679     981466 0 4 40.0 150.0 
 418 1362622679     991524 0 4 40.0 150.0 
 418 1362622680       1517 0 4 40.0 150.0 
 418 1362622680      11526 0 4 40.0 150.0 
 419 1362622680      21526 0 4 40.0 150.0 
 418 1362622680      31525 0 4 40.0 150.0 
 418 1362622680      41515 0 4 40.0 150.0 
 418 1362622680      51560 0 4 40.0 150.0 
 418 1362622680      61543 0 4 40.0 150.0 
 418 1362622680      71546 0 4 40.0 150.0 
 419 1362622680      81592 0 4 40.0 150.0 
 418 1362622680      91556 0 4 40.0 150.0 
 419 1362622680     101578 0 4 40.0 150.0 
 419 1362622680     111571 0 4 40.0 150.0 
 418 1362622680     121564 0 4 40.0 150.0 
 419 1362622680     131589 0 4 40.0 150.0 
 418 1362622680     141626 0 4 40.0 150.0 
 419 1362622680     151594 0 4 40.0 150.0 
 418 1362622680     161586 0 4 40.0 150.0 
 419 1362622680     171609 0 4 40.0 150.0 
 418 1362622680     181636 0 4 40.0 150.0 
 418 1362622680     191628 0 4 40.0 150.0 
 418 1362622680     201676 0 4 40.0 150.0 
 418 1362622680     211629 0 4 40.0 150.0 
 419 1362622680     221632 0 4 40.0 150.0 
 418 1362622680     231653 0 4 40.0 150.0 
 418 1362622680     241696 0 4 40.0 150.0 
 418 1362622680     251677 0 4 40.0 150.0 
 419 1362622680     261712 0 4 40.0 150.0 
 419 1362622680     271697 0 4 40.0 150.0 
 419 1362622680     281678 0 4 40.0 150.0 
 418 1362622680     291726 0 4 40.0 150.0 
 418 1362622680     301700 0 4 40.0 150.0 
 418 1362622680     311720 0 4 40.0 150.0 
 418 1362622680     321728 0 4 40.0 150.0 
 418 1362622680     331736 0 4 40.0 150.0 
 418 1362622680     341720 0 4 40.0 150.0 
 418 1362622680     351726 0 4 40.0 150.0 
 418 1362622680     361757 0 4 40.0 150.0 
 418 1362622680     371739 0 4 40.0 150.0 
 418 1362622680     381786 0 4 40.0 150.0 
 418 1362622680     391781 0 4 40.0 150.0 
 418 1362622680     401748 0 4 40.0 150.0 
 418 1362622680     411760 0 4 40.0 150.0 
 418 1362622680     421791 0 4 40.0 150.0 
 418 1362622680     431763 0 4 40.0 150.0 
 418 1362622680     441778 0 4 40.0 150.0 
 418 1362622680     451783 0 4 40.0 150.0 
 418 1362622680     461836 0 4 40.0 150.0 
 418 1362622680     471802 0 4 40.0 150.0 
 418 1362622680     481849 0 4 40.0 150.0 
 418 1362622680     491851 0 4 40.0 150.0 
 419 1362622680     501815 0 4 40.0 150.0 
 418 1362622680     511829 0 4 40.0 150.0 
 418 1362622680     521834 0 4 40.0 150.0 
 418 1362622680     531841 0 4 40.0 150.0 
 418 1362622680     541880 0 4 40.0 150.0 
 419 1362622680     551863 0 4 40.0 150.0 
 418 1362622680     561867 0 4 40.0 150.0 
 418 1362622680     571892 0 4 40.0 150.0 
 418 1362622680     581902 0 4 40.0 150.0 
 419 1362622680     591928 0 4 40.0 150.0 
 418 1362622680     601931 0 4 40.0 150.0 
 418 1362622680     611942 0 4 40.0 150.0 
 418 1362622680     621887 0 4 40.0 150.0 
 418 1362622680     631951 0 4 40.0 150.0 
 418 1362622680     641914 0 4 40.0 150.0 
 418 1362622680     651964 0 4 40.0 150.0 
 418 1362622680     661933 0 4 40.0 150.0 
 418 1362622680     671929 0 4 40.0 150.0 
 418 1362622680     681951 0 4 40.0 150.0 
 418 1362622680     691943 0 4 40.0 150.0 
 418 1362622680     701960 0 4 40.0 150.0 
 418 1362622680     711976 0 4 40.0 150.0 
 419 1362622680     721955 0 4 40.0 150.0 
 418 1362622680     732004 0 4 40.0 150.0 
 418 1362622680     741973 0 4 40.0 150.0 
 418 1362622680     752001 0 4 40.0 150.0 
 418 1362622680     762028 0 4 40.0 150.0 
 418 1362622680     772045 0 4 40.0 150.0 
 418 1362622680     782018 0 4 40.0 150.0 
 418 1362622680     792047 0 4 40.0 150.0 
 418 1362622680     802022 0 4 40.0 150.0 
 418 1362622680     812055 0 4 40.0 150.0 
 418 1362622680     822051 0 4 40.0 150.0 
 418 1362622680     832045 0 4 40.0 150.0 
 418 1362622680     842061 0 4 40.0 150.0 
 418 1362622680     852039 0 4 40.0 150.0 
 418 1362622680     862072 0 4 40.0 150.0 
 419 1362622680     872066 0 4 40.0 150.0 
 419 1362622680     882089 0 4 40.0 150.0 
 418 1362622680     892103 0 4 40.0 150.0 
 418 1362622680     902102 0 4 40.0 150.0 
 418 1362622680     912098 0 4 40.0 150.0 
 418 1362622680     922091 0 4 40.0 150.0 
 419 1362622680     932102 0 4 40.0 150.0 
 418 1362622680     942161 0 4 40.0 150.0 
 419 1362622680     952165 0 4 40.0 150.0 
 418 1362622680     962174 0 4 40.0 150.0 
 418 1362622680     972126 0 4 40.0 150.0 
 418 1362622680     982151 0 4 40.0 150.0 
 418 1362622680     992172 0 4 40.0 150.0 
 419 1362622681       2188 0 4 40.0 150.0 
 418 1362622681      12171 0 4 40.0 150.0 
 418 1362622681      22163 0 4 40.0 150.0 
 419 1362622681      32213 0 4 40.0 150.0 
 418 1362622681      42214 0 4 40.0 150.0 
 418 1362622681      52209 0 4 40.0 150.0 
 418 1362622681      62189 0 4 40.0 150.0 
 418 1362622681      72191 0 4 40.0 150.0 
 418 1362622681      82248 0 4 40.0 150.0 
 418 1362622681      92221 0 4 40.0 150.0 
 418 1362622681     102227 0 4 40.0 150.0 
 418 1362622681     112261 0 4 40.0 150.0 
 419 1362622681     122248 0 4 40.0 150.0 
 418 1362622681     132265 0 4 40.0 150.0 
 419 1362622681     142259 0 4 40.0 150.0 
 418 1362622681     152244 0 4 40.0 150.0 
 418 1362622681     162298 0 4 40.0 150.0 
 418 1362622681     172268 0 4 40.0 150.0 
 419 1362622681     182291 0 4 40.0 150.0 
 418 1362622681     192295 0 4 40.0 150.0 
 418 1362622681     202309 0 4 40.0 150.0 
 419 1362622681     212308 0 4 40.0 150.0 
 418 1362622681     222313 0 4 40.0 150.0 
 419 1362622681     232342 0 4 40.0 150.0 
 418 1362622681     242334 0 4 40.0 150.0 
 419 1362622681     252351 0 4 40.0 150.0 
 418 1362622681     262326 0 4 40.0 150.0 
 418 1362622681     272342 0 4 40.0 150.0 
 418 1362622681     282358 0 4 40.0 150.0 
 419 1362622681     292376 0 4 40.0 150.0 
 418 1362622681     302369 0 4 40.0 150.0 
 418 1362622681     312351 0 4 40.0 150.0 
 418 1362622681     322414 0 4 40.0 150.0 
 419 1362622681     332401 0 4 40.0 150.0 
 418 1362622681     342400 0 4 40.0 150.0 
 419 1362622681     352405 0 4 40.0 150.0 
 419 1362622681     362410 0 4 40.0 150.0 
 418 1362622681     372400 0 4 40.0 150.0 
 418 1362622681     382441 0 4 40.0 150.0 
 418 1362622681     392416 0 4 40.0 150.0 
 418 1362622681     402468 0 4 40.0 150.0 
 418 1362622681     412437 0 4 40.0 150.0 
 418 1362622681     422429 0 4 40.0 150.0 
 418 1362622681     432433 0 4 40.0 150.0 
 418 1362622681     442470 0 4 40.0 150.0 
 419 1362622681     452468 0 4 40.0 150.0 
 418 1362622681     462457 0 4 40.0 150.0 
 418 1362622681     472500 0 4 40.0 150.0 
 419 1362622681     482473 0 4 40.0 150.0 
 418 1362622681     492505 0 4 40.0 150.0 
 419 1362622681     502533 0 4 40.0 150.0 
 418 1362622681     512522 0 4 40.0 150.0 
 419 1362622681     522544 0 4 40.0 150.0 
 418 1362622681     532488 0 4 40.0 150.0 
 419 1362622681     542544 0 4 40.0 150.0 
 418 1362622681     552519 0 4 40.0 150.0 
 418 1362622681     562538 0 4 40.0 150.0 
 418 1362622681     572523 0 4 40.0 150.0 
 418 1362622681     582548 0 4 40.0 150.0 
 418 1362622681     592550 0 4 40.0 150.0 
 418 1362622681     602534 0 4 40.0 150.0 
 418 1362622681     612543 0 4 40.0 150.0 
 419 1362622681     622580 0 4 40.0 150.0 
 418 1362622681     632562 0 4 40.0 150.0 
 418 1362622681     642592 0 4 40.0 150.0 
 419 1362622681     652631 0 4 40.0 150.0 
 418 1362622681     662603 0 4 40.0 150.0 
 418 1362622681     672586 0 4 40.0 150.0 
 417 1362622681     682625 0 4 40.0 150.0 
 418 1362622681     692616 0 4 40.0 150.0 
 418 1362622681     702607 0 4 40.0 150.0 
 418 1362622681     712663 0 4 40.0 150.0 
 418 1362622681     722678 0 4 40.0 150.0 
 418 1362622681     732661 0 4 40.0 150.0 
 417 1362622681     742650 0 4 40.0 150.0 
 418 1362622681     752667 0 4 40.0 150.0 
 418 1362622681     762693 0 4 40.0 150.0 
 419 1362622681     772704 0 4 40.0 150.0 
 418 1362622681     782712 0 4 40.0 150.0 
 418 1362622681     792667 0 4 40.0 150.0 
 418 1362622681     802725 0 4 40.0 150.0 
 418 1362622681     812708 0 4 40.0 150.0 
 419 1362622681     822680 0 4 40.0 150.0 
 418 1362622681     832726 0 4 40.0 150.0 
 418 1362622681     842738 0 4 40.0 150.0 
 418 1362622681     852750 0 4 40.0 150.0 
 418 1362622681     862755 0 4 40.0 150.0 
 418 1362622681     872734 0 4 40.0 150.0 
 418 1362622681     882747 0 4 40.0 150.0 
 418 1362622681     892754 0 4 40.0 150.0 
 419 1362622681     902794 0 4 40.0 150.0 
 418 1362622681     912747 0 4 40.0 150.0 
 418 1362622681     922749 0 4 40.0 150.0 
 418 1362622681     932775 0 4 40.0 150.0 
 418 1362622681     942759 0 4 40.0 150.0 
 419 1362622681     952812 0 4 40.0 150.0 
 418 1362622681     962785 0 4 40.0 150.0 
 418 1362622681     972840 0 4 40.0 150.0 
 418 1362622681     982848 0 4 40.0 150.0 
 418 1362622681     992840 0 4 40.0 150.0 
 418 1362622682       2832 0 4 40.0 150.0 
 419 1362622682      12838 0 4 40.0 150.0 
 418 1362622682      22843 0 4 40.0 150.0 
 419 1362622682      32869 0 4 40.0 150.0 
 418 1362622682      42883 0 4 40.0 150.0 
 417 1362622682      52869 0 4 40.0 150.0 
 419 1362622682      62844 0 4 40.0 150.0 
 418 1362622682      72853 0 4 40.0 150.0 
 418 1362622682      82878 0 4 40.0 150.0 
 419 1362622682      92912 0 4 40.0 150.0 
 418 1362622682     102924 0 4 40.0 150.0 
 419 1362622682     112905 0 4 40.0 150.0 
 418 1362622682     122930 0 4 40.0 150.0 
 418 1362622682     132944 0 4 40.0 150.0 
 418 1362622682     142939 0 4 40.0 150.0 
 419 1362622682     152908 0 4 40.0 150.0 
 419 1362622682     162965 0 4 40.0 150.0 
 418 1362622682     172916 0 4 40.0 150.0 
 418 1362622682     182933 0 4 40.0 150.0 
 418 1362622682     192942 0 4 40.0 150.0 
 418 1362622682     202994 0 4 40.0 150.0 
 418 1362622682     212951 0 4 40.0 150.0 
 418 1362622682     222960 0 4 40.0 150.0 
 418 1362622682     232972 0 4 40.0 150.0 
 419 1362622682     242981 0 4 40.0 150.0 
 419 1362622682     252993 0 4 40.0 150.0 
 418 1362622682     262996 0 4 40.0 150.0 
 418 1362622682     273027 0 4 40.0 150.0 
 419 1362622682     283017 0 4 40.0 150.0 
 418 1362622682     293032 0 4 40.0 150.0 
 417 1362622682     303055 0 4 40.0 150.0 
 418 1362622682     313061 0 4 40.0 150.0 
 418 1362622682     323043 0 4 40.0 150.0 
 418 1362622682     333066 0 4 40.0 150.0 
 418 1362622682     343067 0 4 40.0 150.0 
 419 1362622682     353058 0 4 40.0 150.0 
 418 1362622682     363090 0 4 40.0 150.0 
 418 1362622682     373108 0 4 40.0 150.0 
 418 1362622682     383069 0 4 40.0 150.0 
 419 1362622682     393105 0 4 40.0 150.0 
 418 1362622682     403087 0 4 40.0 150.0 
 418 1362622682     413110 0 4 40.0 150.0 
 418 1362622682     423093 0 4 40.0 150.0 
 418 1362622682     433142 0 4 40.0 150.0 
 419 1362622682     443116 0 4 40.0 150.0 
 418 1362622682     453157 0 4 40.0 150.0 
 419 1362622682     463128 0 4 40.0 150.0 
 418 1362622682     473113 0 4 40.0 150.0 
 418 1362622682     483127 0 4 40.0 150.0 
 418 1362622682     493175 0 4 40.0 150.0 
 418 1362622682     503186 0 4 40.0 150.0 
 419 1362622682     513179 0 4 40.0 150.0 
 419 1362622682     523174 0 4 40.0 150.0 
 418 1362622682     533188 0 4 40.0 150.0 
 419 1362622682     543174 0 4 40.0 150.0 
 417 1362622682     553209 0 4 40.0 150.0 
 419 1362622682     563203 0 4 40.0 150.0 
 418 1362622682     573198 0 4 40.0 150.0 
 419 1362622682     583202 0 4 40.0 150.0 
 418 1362622682     593234 0 4 40.0 150.0 
 418 1362622682     603223 0 4 40.0 150.0 
 417 1362622682     613223 0 4 40.0 150.0 
 418 1362622682     623265 0 4 40.0 150.0 
 419 1362622682     633244 0 4 40.0 150.0 
 419 1362622682     643279 0 4 40.0 150.0 
 418 1362622682     653272 0 4 40.0 150.0 
 418 1362622682     663243 0 4 40.0 150.0 
 418 1362622682     673253 0 4 40.0 150.0 
 418 1362622682     683290 0 4 40.0 150.0 
 418 1362622682     693299 0 4 40.0 150.0 
 418 1362622682     703275 0 4 40.0 150.0 
 418 1362622682     713297 0 4 40.0 150.0 
 417 1362622682     723312 0 4 40.0 150.0 
 418 1362622682     733317 0 4 40.0 150.0 
 418 1362622682     743299 0 4 40.0 150.0 
 419 1362622682     753302 0 4 40.0 150.0 
 418 1362622682     763339 0 4 40.0 150.0 
 419 1362622682     773311 0 4 40.0 150.0 
 418 1362622682     783360 0 4 40.0 150.0 
 418 1362622682     793373 0 4 40.0 150.0 
 418 1362622682     803356 0 4 40.0 150.0 
 418 1362622682     813377 0 4 40.0 150.0 
 418 1362622682     823399 0 4 40.0 150.0 
 418 1362622682     833362 0 4 40.0 150.0 
 419 1362622682     843407 0 4 40.0 150.0 
 418 1362622682     853409 0 4 40.0 150.0 
 418 1362622682     863403 0 4 40.0 150.0 
 418 1362622682     873386 0 4 40.0 150.0 
 418 1362622682     883438 0 4 40.0 150.0 
 418 1362622682     893432 0 4 40.0 150.0 
 418 1362622682     903414 0 4 40.0 150.0 
 418 1362622682     913412 0 4 40.0 150.0 
 419 1362622682     923433 0 4 40.0 150.0 
 418 1362622682     933467 0 4 40.0 150.0 
 419 1362622682     943482 0 4 40.0 150.0 
 418 1362622682     953438 0 4 40.0 150.0 
 418 1362622682     963451 0 4 40.0 150.0 
 418 1362622682     973451 0 4 40.0 150.0 
 419 1362622682     983498 0 4 40.0 150.0 
 418 1362622682     993495 0 4 40.0 150.0 
 418 1362622683       3515 0 4 40.0 150.0 
 418 1362622683      13526 0 4 40.0 150.0 
 418 1362622683      23501 0 4 40.0 150.0 
 419 1362622683      33482 0 4 40.0 150.0 
 418 1362622683      43510 0 4 40.0 150.0 
 418 1362622683      53498 0 4 40.0 150.0 
 418 1362622683      63514 0 4 40.0 150.0 
 418 1362622683      73536 0 4 40.0 150.0 
 418 1362622683      83526 0 4 40.0 150.0 
 418 1362622683      93574 0 4 40.0 150.0 
 418 1362622683     103537 0 4 40.0 150.0 
 418 1362622683     113545 0 4 40.0 150.0 
 419 1362622683     123575 0 4 40.0 150.0 
 419 1362622683     133560 0 4 40.0 150.0 
 418 1362622683     143613 0 4 40.0 150.0 
 418 1362622683     153568 0 4 40.0 150.0 
 418 1362622683     163577 0 4 40.0 150.0 
 418 1362622683     173633 0 4 40.0 150.0 
 418 1362622683     183618 0 4 40.0 150.0 
 418 1362622683     193590 0 4 40.0 150.0 
 419 1362622683     203596 0 4 40.0 150.0 
 418 1362622683     213615 0 4 40.0 150.0 
 419 1362622683     223660 0 4 40.0 150.0 
 419 1362622683     233625 0 4 40.0 150.0 
 418 1362622683     243625 0 4 40.0 150.0 
 418 1362622683     253650 0 4 40.0 150.0 
 418 1362622683     263686 0 4 40.0 150.0 
 419 1362622683     273641 0 4 40.0 150.0 
 418 1362622683     283697 0 4 40.0 150.0 
 418 1362622683     293690 0 4 40.0 150.0 
 418 1362622683     303663 0 4 40.0 150.0 
 418 1362622683     313699 0 4 40.0 150.0 
 418 1362622683     323676 0 4 40.0 150.0 
 418 1362622683     333699 0 4 40.0 150.0 
 420 1362622683     343731 0 4 40.0 150.0 
 418 1362622683     353720 0 4 40.0 150.0 
 419 1362622683     363742 0 4 40.0 150.0 
 418 1362622683     373734 0 4 40.0 150.0 
 418 1362622683     383772 0 4 40.0 150.0 
 419 1362622683     393723 0 4 40.0 150.0 
 418 1362622683     403783 0 4 40.0 150.0 
 419 1362622683     413780 0 4 40.0 150.0 
 419 1362622683     423793 0 4 40.0 150.0 
 419 1362622683     433782 0 4 40.0 150.0 
 418 1362622683     443779 0 4 40.0 150.0 
 418 1362622683     453816 0 4 40.0 150.0 
 418 1362622683     463795 0 4 40.0 150.0 
 418 1362622683     473793 0 4 40.0 150.0 
 419 1362622683     483816 0 4 40.0 150.0 
 419 1362622683     493848 0 4 40.0 150.0 
 419 1362622683     503826 0 4 40.0 150.0 
 419 1362622683     513834 0 4 40.0 150.0 
 419 1362622683     523811 0 4 40.0 150.0 
 419 1362622683     533821 0 4 40.0 150.0 
 418 1362622683     543819 0 4 40.0 150.0 
 419 1362622683     553830 0 4 40.0 150.0 
 418 1362622683     563867 0 4 40.0 150.0 
 419 1362622683     573859 0 4 40.0 150.0 
 418 1362622683     583900 0 4 40.0 150.0 
 419 1362622683     593893 0 4 40.0 150.0 
 418 1362622683     603883 0 4 40.0 150.0 
 419 1362622683     613893 0 4 40.0 150.0 
 419 1362622683     623908 0 4 40.0 150.0 
 418 1362622683     633888 0 4 40.0 150.0 
 418 1362622683     643884 0 4 40.0 150.0 
 418 1362622683     653927 0 4 40.0 150.0 
 418 1362622683     663942 0 4 40.0 150.0 
 419 1362622683     673920 0 4 40.0 150.0 
 419 1362622683     683941 0 4 40.0 150.0 
 417 1362622683     693958 0 4 40.0 150.0 
 419 1362622683     703934 0 4 40.0 150.0 
 418 1362622683     713941 0 4 40.0 150.0 
 419 1362622683     723949 0 4 40.0 150.0 
 417 1362622683     733965 0 4 40.0 150.0 
 419 1362622683     743987 0 4 40.0 150.0 
 418 1362622683     753996 0 4 40.0 150.0 
 418 1362622683     764007 0 4 40.0 150.0 
 419 1362622683     773992 0 4 40.0 150.0 
 418 1362622683     783986 0 4 40.0 150.0 
 418 1362622683     793988 0 4 40.0 150.0 
 418 1362622683     804035 0 4 40.0 150.0 
 418 1362622683     814009 0 4 40.0 150.0 
 418 1362622683     824040 0 4 40.0 150.0 
 418 1362622683     834037 0 4 40.0 150.0 
 418 1362622683     844071 0 4 40.0 150.0 
 418 1362622683     854079 0 4 40.0 150.0 
 417 1362622683     864035 0 4 40.0 150.0 
 419 1362622683     874073 0 4 40.0 150.0 
 418 1362622683     884080 0 4 40.0 150.0 
 419 1362622683     894110 0 4 40.0 150.0 
 418 1362622683     904097 0 4 40.0 150.0 
 419 1362622683     914124 0 4 40.0 150.0 
 418 1362622683     924112 0 4 40.0 150.0 
 419 1362622683     934077 0 4 40.0 150.0 
 418 1362622683     944129 0 4 40.0 150.0 
 419 1362622683     954093 0 4 40.0 150.0 
 418 1362622683     964148 0 4 40.0 150.0 
 418 1362622683     974151 0 4 40.0 150.0 
 419 1362622683     984141 0 4 40.0 150.0 
 418 1362622683     994158 0 4 40.0 150.0 
 418 1362622684       4155 0 4 40.0 150.0 
 417 1362622684      14135 0 4 40.0 150.0 
 419 1362622684      24193 0 4 40.0 150.0 
 418 1362622684      34204 0 4 40.0 150.0 
 418 1362622684      44178 0 4 40.0 150.0 
 418 1362622684      54202 0 4 40.0 150.0 
 418 1362622684      64222 0 4 40.0 150.0 
 418 1362622684      74179 0 4 40.0 150.0 
 419 1362622684      84175 0 4 40.0 150.0 
 419 1362622684      94217 0 4 40.0 150.0 
 419 1362622684     104231 0 4 40.0 150.0 
 418 1362622684     114231 0 4 40.0 150.0 
 418 1362622684     124248 0 4 40.0 150.0 
 418 1362622684     134223 0 4 40.0 150.0 
 419 1362622684     144231 0 4 40.0 150.0 
 418 1362622684     154253 0 4 40.0 150.0 
 419 1362622684     164285 0 4 40.0 150.0 
 419 1362622684     174265 0 4 40.0 150.0 
 419 1362622684     184247 0 4 40.0 150.0 
 418 1362622684     194252 0 4 40.0 150.0 
 419 1362622684     204296 0 4 40.0 150.0 
 419 1362622684     214270 0 4 40.0 150.0 
 418 1362622684     224327 0 4 40.0 150.0 
 419 1362622684     234327 0 4 40.0 150.0 
 418 1362622684     244295 0 4 40.0 150.0 
 419 1362622684     254301 0 4 40.0 150.0 
 418 1362622684     264307 0 4 40.0 150.0 
 419 1362622684     274358 0 4 40.0 150.0 
 418 1362622684     284351 0 4 40.0 150.0 
 419 1362622684     294374 0 4 40.0 150.0 
 418 1362622684     304336 0 4 40.0 150.0 
 418 1362622684     314333 0 4 40.0 150.0 
 418 1362622684     324395 0 4 40.0 150.0 
 418 1362622684     334348 0 4 40.0 150.0 
 418 1362622684     344372 0 4 40.0 150.0 
 419 1362622684     354413 0 4 40.0 150.0 
 419 1362622684     364369 0 4 40.0 150.0 
 418 1362622684     374413 0 4 40.0 150.0 
 418 1362622684     384403 0 4 40.0 150.0 
 419 1362622684     394441 0 4 40.0 150.0 
 418 1362622684     404407 0 4 40.0 150.0 
 419 1362622684     414435 0 4 40.0 150.0 
 419 1362622684     424415 0 4 40.0 150.0 
 419 1362622684     434440 0 4 40.0 150.0 
 419 1362622684     444413 0 4 40.0 150.0 
 418 1362622684     454457 0 4 40.0 150.0 
 419 1362622684     464473 0 4 40.0 150.0 
 418 1362622684     474469 0 4 40.0 150.0 
 419 1362622684     484491 0 4 40.0 150.0 
 418 1362622684     494453 0 4 40.0 150.0 
 418 1362622684     504511 0 4 40.0 150.0 
 419 1362622684     514476 0 4 40.0 150.0 
 419 1362622684     524518 0 4 40.0 150.0 
 419 1362622684     534515 0 4 40.0 150.0 
 418 1362622684     544491 0 4 40.0 150.0 
 419 1362622684     554513 0 4 40.0 150.0 
 419 1362622684     564498 0 4 40.0 150.0 
 419 1362622684     574541 0 4 40.0 150.0 
 418 1362622684     584533 0 4 40.0 150.0 
 418 1362622684     594543 0 4 40.0 150.0 
 419 1362622684     604526 0 4 40.0 150.0 
 418 1362622684     614533 0 4 40.0 150.0 
 418 1362622684     624583 0 4 40.0 150.0 
 419 1362622684     634593 0 4 40.0 150.0 
 418 1362622684     644605 0 4 40.0 150.0 
 418 1362622684     654570 0 4 40.0 150.0 
 418 1362622684     664579 0 4 40.0 150.0 
 418 1362622684     674579 0 4 40.0 150.0 
 418 1362622684     684585 0 4 40.0 150.0 
 419 1362622684     694613 0 4 40.0 150.0 
 418 1362622684     704612 0 4 40.0 150.0 
 419 1362622684     714611 0 4 40.0 150.0 
 418 1362622684     724631 0 4 40.0 150.0 
 418 1362622684     734608 0 4 40.0 150.0 
 418 1362622684     744633 0 4 40.0 150.0 
 419 1362622684     754676 0 4 40.0 150.0 
 418 1362622684     764671 0 4 40.0 150.0 
 418 1362622684     774644 0 4 40.0 150.0 
 418 1362622684     784692 0 4 40.0 150.0 
 418 1362622684     794703 0 4 40.0 150.0 
 419 1362622684     804700 0 4 40.0 150.0 
 418 1362622684     814666 0 4 40.0 150.0 
 419 1362622684     824703 0 4 40.0 150.0 
 418 1362622684     834703 0 4 40.0 150.0 
 419 1362622684     844723 0 4 40.0 150.0 
 417 1362622684     854694 0 4 40.0 150.0 
 419 1362622684     864749 0 4 40.0 150.0 
 419 1362622684     874716 0 4 40.0 150.0 
 419 1362622684     884715 0 4 40.0 150.0 
 418 1362622684     894740 0 4 40.0 150.0 
 419 1362622684     904745 0 4 40.0 150.0 
 419 1362622684     914753 0 4 40.0 150.0 
 418 1362622684     924747 0 4 40.0 150.0 
 418 1362622684     934765 0 4 40.0 150.0 
 418 1362622684     944759 0 4 40.0 150.0 
 419 1362622684     954773 0 4 40.0 150.0 
 418 1362622684     964782 0 4 40.0 150.0 
 418 1362622684     974807 0 4 40.0 150.0 
 419 1362622684     984800 0 4 40.0 150.0 
 419 1362622684     994830 0 4 40.0 150.0 
 419 1362622685       4837 0 4 40.0 150.0 
 419 1362622685      14825 0 4 40.0 150.0 
 418 1362622685      24857 0 4 40.0 150.0 
 419 1362622685      34826 0 4 40.0 150.0 
 418 1362622685      44861 0 4 40.0 150.0 
 418 1362622685      54868 0 4 40.0 150.0 
 418 1362622685      64839 0 4 40.0 150.0 
 418 1362622685      74858 0 4 40.0 150.0 
 418 1362622685      84838 0 4 40.0 150.0 
 419 1362622685      94867 0 4 40.0 150.0 
 418 1362622685     104892 0 4 40.0 150.0 
 419 1362622685     114909 0 4 40.0 150.0 
 418 1362622685     124914 0 4 40.0 150.0 
 418 1362622685     134873 0 4 40.0 150.0 
 419 1362622685     144890 0 4 40.0 150.0 
 419 1362622685     154941 0 4 40.0 150.0 
 418 1362622685     164910 0 4 40.0 150.0 
 418 1362622685     174925 0 4 40.0 150.0 
 419 1362622685     184904 0 4 40.0 150.0 
 419 1362622685     194922 0 4 40.0 150.0 
 418 1362622685     204925 0 4 40.0 150.0 
 419 1362622685     214953 0 4 40.0 150.0 
 418 1362622685     224962 0 4 40.0 150.0 
 419 1362622685     234937 0 4 40.0 150.0 
 420 1362622685     244948 0 4 40.0 150.0 
 418 1362622685     254993 0 4 40.0 150.0 
 419 1362622685     264965 0 4 40.0 150.0 
 418 1362622685     275000 0 4 40.0 150.0 
 419 1362622685     284984 0 4 40.0 150.0 
 418 1362622685     294995 0 4 40.0 150.0 
 418 1362622685     305002 0 4 40.0 150.0 
 418 1362622685     315048 0 4 40.0 150.0 
 419 1362622685     325036 0 4 40.0 150.0 
 418 1362622685     335044 0 4 40.0 150.0 
 419 1362622685     345012 0 4 40.0 150.0 
 418 1362622685     355049 0 4 40.0 150.0 
 418 1362622685     365064 0 4 40.0 150.0 
 419 1362622685     375064 0 4 40.0 150.0 
 418 1362622685     385052 0 4 40.0 150.0 
 418 1362622685     395088 0 4 40.0 150.0 
 418 1362622685     405075 0 4 40.0 150.0 
 418 1362622685     415086 0 4 40.0 150.0 
 418 1362622685     425116 0 4 40.0 150.0 
 419 1362622685     435092 0 4 40.0 150.0 
 418 1362622685     445085 0 4 40.0 150.0 
 419 1362622685     455120 0 4 40.0 150.0 
 418 1362622685     465147 0 4 40.0 150.0 
 419 1362622685     475099 0 4 40.0 150.0 
 418 1362622685     485137 0 4 40.0 150.0 
 419 1362622685     495155 0 4 40.0 150.0 
 419 1362622685     505145 0 4 40.0 150.0 
 418 1362622685     515132 0 4 40.0 150.0 
 418 1362622685     525178 0 4 40.0 150.0 
 418 1362622685     535180 0 4 40.0 150.0 
 419 1362622685     545160 0 4 40.0 150.0 
 418 1362622685     555176 0 4 40.0 150.0 
 419 1362622685     565187 0 4 40.0 150.0 
 419 1362622685     575174 0 4 40.0 150.0 
 419 1362622685     585223 0 4 40.0 150.0 
 418 1362622685     595227 0 4 40.0 150.0 
 418 1362622685     605219 0 4 40.0 150.0 
 418 1362622685     615243 0 4 40.0 150.0 
 419 1362622685     625253 0 4 40.0 150.0 
 419 1362622685     635250 0 4 40.0 150.0 
 419 1362622685     645256 0 4 40.0 150.0 
 418 1362622685     655269 0 4 40.0 150.0 
 418 1362622685     665237 0 4 40.0 150.0 
 419 1362622685     675240 0 4 40.0 150.0 
 419 1362622685     685244 0 4 40.0 150.0 
 419 1362622685     695238 0 4 40.0 150.0 
 419 1362622685     705305 0 4 40.0 150.0 
 419 1362622685     715288 0 4 40.0 150.0 
 419 1362622685     725258 0 4 40.0 150.0 
 418 1362622685     735291 0 4 40.0 150.0 
 418 1362622685     745307 0 4 40.0 150.0 
 419 1362622685     755329 0 4 40.0 150.0 
 418 1362622685     765337 0 4 40.0 150.0 
 418 1362622685     775332 0 4 40.0 150.0 
 418 1362622685     785307 0 4 40.0 150.0 
 418 1362622685     795334 0 4 40.0 150.0 
 418 1362622685     805346 0 4 40.0 150.0 
 419 1362622685     815369 0 4 40.0 150.0 
 418 1362622685     825380 0 4 40.0 150.0 
 418 1362622685     835349 0 4 40.0 150.0 
 418 1362622685     845380 0 4 40.0 150.0 
 419 1362622685     855373 0 4 40.0 150.0 
 418 1362622685     865385 0 4 40.0 150.0 
 419 1362622685     875416 0 4 40.0 150.0 
 418 1362622685     885368 0 4 40.0 150.0 
 419 1362622685     895422 0 4 40.0 150.0 
 418 1362622685     905390 0 4 40.0 150.0 
 418 1362622685     915389 0 4 40.0 150.0 
 418 1362622685     925436 0 4 40.0 150.0 
 419 1362622685     935432 0 4 40.0 150.0 
 418 1362622685     945421 0 4 40.0 150.0 
 419 1362622685     955440 0 4 40.0 150.0 
 419 1362622685     965463 0 4 40.0 150.0 
 418 1362622685     975471 0 4 40.0 150.0 
 418 1362622685     985478 0 4 40.0 150.0 
 419 1362622685     995458 0 4 40.0 150.0 
 419 1362622686       5489 0 4 40.0 150.0 
 418 1362622686      15450 0 4 40.0 150.0 
 418 1362622686      25474 0 4 40.0 150.0 
 418 1362622686      35516 0 4 40.0 150.0 
 418 1362622686      45528 0 4 40.0 150.0 
 418 1362622686      55479 0 4 40.0 150.0 
 419 1362622686      65527 0 4 40.0 150.0 
 419 1362622686      75547 0 4 40.0 150.0 
 419 1362622686      85534 0 4 40.0 150.0 
 418 1362622686      95525 0 4 40.0 150.0 
 418 1362622686     105542 0 4 40.0 150.0 
 418 1362622686     115574 0 4 40.0 150.0 
 418 1362622686     125544 0 4 40.0 150.0 
 419 1362622686     135541 0 4 40.0 150.0 
 418 1362622686     145597 0 4 40.0 150.0 
 419 1362622686     155557 0 4 40.0 150.0 
 418 1362622686     165590 0 4 40.0 150.0 
 419 1362622686     175611 0 4 40.0 150.0 
 418 1362622686     185622 0 4 40.0 150.0 
 419 1362622686     195605 0 4 40.0 150.0 
 418 1362622686     205620 0 4 40.0 150.0 
 418 1362622686     215587 0 4 40.0 150.0 
 418 1362622686     225607 0 4 40.0 150.0 
 418 1362622686     235600 0 4 40.0 150.0 
 418 1362622686     245617 0 4 40.0 150.0 
 418 1362622686     255613 0 4 40.0 150.0 
 419 1362622686     265652 0 4 40.0 150.0 
 419 1362622686     275679 0 4 40.0 150.0 
 419 1362622686     285661 0 4 40.0 150.0 
 419 1362622686     295678 0 4 40.0 150.0 
 418 1362622686     305699 0 4 40.0 150.0 
 419 1362622686     315698 0 4 40.0 150.0 
 418 1362622686     325684 0 4 40.0 150.0 
 419 1362622686     335669 0 4 40.0 150.0 
 418 1362622686     345700 0 4 40.0 150.0 
 418 1362622686     355695 0 4 40.0 150.0 
 419 1362622686     365690 0 4 40.0 150.0 
 418 1362622686     375735 0 4 40.0 150.0 
 418 1362622686     385703 0 4 40.0 150.0 
 418 1362622686     395733 0 4 40.0 150.0 
 419 1362622686     405723 0 4 40.0 150.0 
 418 1362622686     415750 0 4 40.0 150.0 
 419 1362622686     425780 0 4 40.0 150.0 
 419 1362622686     435768 0 4 40.0 150.0 
 418 1362622686     445769 0 4 40.0 150.0 
 419 1362622686     455794 0 4 40.0 150.0 
 418 1362622686     465755 0 4 40.0 150.0 
 418 1362622686     475787 0 4 40.0 150.0 
 418 1362622686     485773 0 4 40.0 150.0 
 419 1362622686     495774 0 4 40.0 150.0 
 419 1362622686     505807 0 4 40.0 150.0 
 418 1362622686     515823 0 4 40.0 150.0 
 419 1362622686     525844 0 4 40.0 150.0 
 419 1362622686     535860 0 4 40.0 150.0 
 418 1362622686     545833 0 4 40.0 150.0 
 418 1362622686     555828 0 4 40.0 150.0 
 419 1362622686     565813 0 4 40.0 150.0 
 419 1362622686     575848 0 4 40.0 150.0 
 419 1362622686     585874 0 4 40.0 150.0 
 418 1362622686     595895 0 4 40.0 150.0 
 418 1362622686     605867 0 4 40.0 150.0 
 418 1362622686     615884 0 4 40.0 150.0 
 419 1362622686     625913 0 4 40.0 150.0 
 418 1362622686     635911 0 4 40.0 150.0 
 419 1362622686     645879 0 4 40.0 150.0 
