 474 1362629083     756034 2 0 40.0 100.0 
 475 1362629083     766126 2 0 40.0 100.0 
 475 1362629083     776054 2 0 40.0 100.0 
 475 1362629083     786088 2 0 40.0 100.0 
 474 1362629083     796104 2 0 40.0 100.0 
 475 1362629083     806070 2 0 40.0 100.0 
 476 1362629083     816117 2 0 40.0 100.0 
 475 1362629083     826122 2 0 40.0 100.0 
 475 1362629083     836092 2 0 40.0 100.0 
 474 1362629083     846093 2 0 40.0 100.0 
 476 1362629083     856092 2 0 40.0 100.0 
 475 1362629083     866119 2 0 40.0 100.0 
 474 1362629083     876199 2 0 40.0 100.0 
 475 1362629083     886226 2 0 40.0 100.0 
 475 1362629083     896142 2 0 40.0 100.0 
 475 1362629083     906163 2 0 40.0 100.0 
 475 1362629083     916132 2 0 40.0 100.0 
 475 1362629083     926246 2 0 40.0 100.0 
 475 1362629083     936259 2 0 40.0 100.0 
 474 1362629083     946172 2 0 40.0 100.0 
 474 1362629083     956259 2 0 40.0 100.0 
 476 1362629083     966231 2 0 40.0 100.0 
 474 1362629083     976255 2 0 40.0 100.0 
 475 1362629083     986373 2 0 40.0 100.0 
 476 1362629083     996150 2 0 40.0 100.0 
 476 1362629084       6136 2 0 40.0 100.0 
 475 1362629084      16171 2 0 40.0 100.0 
 475 1362629084      26151 2 0 40.0 100.0 
 475 1362629084      36184 2 0 40.0 100.0 
 475 1362629084      46153 2 0 40.0 100.0 
 474 1362629084      56169 2 0 40.0 100.0 
 474 1362629084      66199 2 0 40.0 100.0 
 475 1362629084      76201 2 0 40.0 100.0 
 475 1362629084      86224 2 0 40.0 100.0 
 475 1362629084      96194 2 0 40.0 100.0 
 475 1362629084     106241 2 0 40.0 100.0 
 475 1362629084     116216 2 0 40.0 100.0 
 475 1362629084     126205 2 0 40.0 100.0 
 474 1362629084     136219 2 0 40.0 100.0 
 475 1362629084     146257 2 0 40.0 100.0 
 475 1362629084     156281 2 0 40.0 100.0 
 475 1362629084     166248 2 0 40.0 100.0 
 475 1362629084     176241 2 0 40.0 100.0 
 475 1362629084     186274 2 0 40.0 100.0 
 475 1362629084     196246 2 0 40.0 100.0 
 474 1362629084     206293 2 0 40.0 100.0 
 474 1362629084     216273 2 0 40.0 100.0 
 475 1362629084     226272 2 0 40.0 100.0 
 474 1362629084     236291 2 0 40.0 100.0 
 474 1362629084     246328 2 0 40.0 100.0 
 475 1362629084     256286 2 0 40.0 100.0 
 475 1362629084     266321 2 0 40.0 100.0 
 476 1362629084     276323 2 0 40.0 100.0 
 475 1362629084     286341 2 0 40.0 100.0 
 475 1362629084     296329 2 0 40.0 100.0 
 475 1362629084     306375 2 0 40.0 100.0 
 475 1362629084     316329 2 0 40.0 100.0 
 475 1362629084     326338 2 0 40.0 100.0 
 475 1362629084     336354 2 0 40.0 100.0 
 475 1362629084     346392 2 0 40.0 100.0 
 475 1362629084     356351 2 0 40.0 100.0 
 474 1362629084     366398 2 0 40.0 100.0 
 475 1362629084     376403 2 0 40.0 100.0 
 476 1362629084     386376 2 0 40.0 100.0 
 475 1362629084     396419 2 0 40.0 100.0 
 475 1362629084     406452 2 0 40.0 100.0 
 475 1362629084     416414 2 0 40.0 100.0 
 475 1362629084     426412 2 0 40.0 100.0 
 475 1362629084     436409 2 0 40.0 100.0 
 474 1362629084     446450 2 0 40.0 100.0 
 475 1362629084     456417 2 0 40.0 100.0 
 475 1362629084     466445 2 0 40.0 100.0 
 475 1362629084     476453 2 0 40.0 100.0 
 475 1362629084     486483 2 0 40.0 100.0 
 475 1362629084     496444 2 0 40.0 100.0 
 475 1362629084     506485 2 0 40.0 100.0 
 475 1362629084     516514 2 0 40.0 100.0 
 475 1362629084     526487 2 0 40.0 100.0 
 476 1362629084     536508 2 0 40.0 100.0 
 475 1362629084     546530 2 0 40.0 100.0 
 475 1362629084     556515 2 0 40.0 100.0 
 475 1362629084     566530 2 0 40.0 100.0 
 475 1362629084     576538 2 0 40.0 100.0 
 474 1362629084     586508 2 0 40.0 100.0 
 475 1362629084     596538 2 0 40.0 100.0 
 474 1362629084     606573 2 0 40.0 100.0 
 475 1362629084     616591 2 0 40.0 100.0 
 474 1362629084     626594 2 0 40.0 100.0 
 475 1362629084     636537 2 0 40.0 100.0 
 476 1362629084     646567 2 0 40.0 100.0 
 475 1362629084     656603 2 0 40.0 100.0 
 475 1362629084     666566 2 0 40.0 100.0 
 475 1362629084     676565 2 0 40.0 100.0 
 476 1362629084     686596 2 0 40.0 100.0 
 475 1362629084     696635 2 0 40.0 100.0 
 475 1362629084     706597 2 0 40.0 100.0 
 474 1362629084     716635 2 0 40.0 100.0 
 475 1362629084     726633 2 0 40.0 100.0 
 475 1362629084     736649 2 0 40.0 100.0 
 474 1362629084     746613 2 0 40.0 100.0 
