 280 1362625154     206787 1 10 40.0 50.0 
 280 1362625154     216448 1 10 40.0 50.0 
 281 1362625154     226479 1 10 40.0 50.0 
 280 1362625154     236532 1 10 40.0 50.0 
 280 1362625154     246519 1 10 40.0 50.0 
 281 1362625154     256526 1 10 40.0 50.0 
 281 1362625154     266526 1 10 40.0 50.0 
 280 1362625154     276547 1 10 40.0 50.0 
 280 1362625154     286498 1 10 40.0 50.0 
 281 1362625154     296545 1 10 40.0 50.0 
 280 1362625154     306575 1 10 40.0 50.0 
 281 1362625154     316567 1 10 40.0 50.0 
 281 1362625154     326588 1 10 40.0 50.0 
 280 1362625154     336548 1 10 40.0 50.0 
 281 1362625154     346573 1 10 40.0 50.0 
 281 1362625154     356559 1 10 40.0 50.0 
 280 1362625154     366558 1 10 40.0 50.0 
 280 1362625154     376587 1 10 40.0 50.0 
 281 1362625154     386623 1 10 40.0 50.0 
 280 1362625154     396572 1 10 40.0 50.0 
 280 1362625154     406618 1 10 40.0 50.0 
 280 1362625154     416630 1 10 40.0 50.0 
 281 1362625154     426597 1 10 40.0 50.0 
 281 1362625154     436643 1 10 40.0 50.0 
 280 1362625154     446621 1 10 40.0 50.0 
 281 1362625154     456640 1 10 40.0 50.0 
 280 1362625154     466622 1 10 40.0 50.0 
 281 1362625154     476659 1 10 40.0 50.0 
 280 1362625154     486664 1 10 40.0 50.0 
 281 1362625154     496684 1 10 40.0 50.0 
 281 1362625154     506640 1 10 40.0 50.0 
 280 1362625154     516708 1 10 40.0 50.0 
 280 1362625154     526670 1 10 40.0 50.0 
 280 1362625154     536686 1 10 40.0 50.0 
 280 1362625154     546666 1 10 40.0 50.0 
 281 1362625154     556695 1 10 40.0 50.0 
 281 1362625154     566691 1 10 40.0 50.0 
 280 1362625154     576723 1 10 40.0 50.0 
 280 1362625154     586697 1 10 40.0 50.0 
 281 1362625154     596724 1 10 40.0 50.0 
 280 1362625154     606744 1 10 40.0 50.0 
 280 1362625154     616747 1 10 40.0 50.0 
 280 1362625154     626763 1 10 40.0 50.0 
 281 1362625154     636746 1 10 40.0 50.0 
 280 1362625154     646773 1 10 40.0 50.0 
 280 1362625154     656802 1 10 40.0 50.0 
 281 1362625154     666812 1 10 40.0 50.0 
 281 1362625154     676785 1 10 40.0 50.0 
 280 1362625154     686819 1 10 40.0 50.0 
 281 1362625154     696767 1 10 40.0 50.0 
 280 1362625154     706799 1 10 40.0 50.0 
 281 1362625154     716808 1 10 40.0 50.0 
 281 1362625154     726840 1 10 40.0 50.0 
 280 1362625154     736819 1 10 40.0 50.0 
 280 1362625154     746840 1 10 40.0 50.0 
 281 1362625154     756804 1 10 40.0 50.0 
 280 1362625154     766868 1 10 40.0 50.0 
 280 1362625154     776861 1 10 40.0 50.0 
 281 1362625154     786881 1 10 40.0 50.0 
 280 1362625154     796898 1 10 40.0 50.0 
 281 1362625154     806870 1 10 40.0 50.0 
 280 1362625154     816863 1 10 40.0 50.0 
 280 1362625154     826905 1 10 40.0 50.0 
 281 1362625154     836908 1 10 40.0 50.0 
 280 1362625154     846872 1 10 40.0 50.0 
 280 1362625154     856902 1 10 40.0 50.0 
 280 1362625154     866901 1 10 40.0 50.0 
 280 1362625154     876940 1 10 40.0 50.0 
 280 1362625154     886907 1 10 40.0 50.0 
 279 1362625154     896958 1 10 40.0 50.0 
 281 1362625154     906966 1 10 40.0 50.0 
 281 1362625154     916916 1 10 40.0 50.0 
 280 1362625154     926952 1 10 40.0 50.0 
 281 1362625154     936990 1 10 40.0 50.0 
 281 1362625154     946959 1 10 40.0 50.0 
 281 1362625154     957000 1 10 40.0 50.0 
 280 1362625154     966943 1 10 40.0 50.0 
 280 1362625154     976955 1 10 40.0 50.0 
 281 1362625154     986991 1 10 40.0 50.0 
 280 1362625154     997112 1 10 40.0 50.0 
 280 1362625155       7033 1 10 40.0 50.0 
 280 1362625155      17027 1 10 40.0 50.0 
 280 1362625155      27026 1 10 40.0 50.0 
 281 1362625155      37027 1 10 40.0 50.0 
 281 1362625155      47021 1 10 40.0 50.0 
 280 1362625155      57032 1 10 40.0 50.0 
 280 1362625155      67073 1 10 40.0 50.0 
 280 1362625155      77075 1 10 40.0 50.0 
 280 1362625155      87079 1 10 40.0 50.0 
 280 1362625155      97080 1 10 40.0 50.0 
 281 1362625155     107044 1 10 40.0 50.0 
 281 1362625155     117104 1 10 40.0 50.0 
 280 1362625155     127070 1 10 40.0 50.0 
 280 1362625155     137100 1 10 40.0 50.0 
 281 1362625155     147066 1 10 40.0 50.0 
 280 1362625155     157102 1 10 40.0 50.0 
 280 1362625155     167118 1 10 40.0 50.0 
 280 1362625155     177106 1 10 40.0 50.0 
 281 1362625155     187096 1 10 40.0 50.0 
 281 1362625155     197139 1 10 40.0 50.0 
