 461 1362629782     108063 2 11 40.0 150.0 
 461 1362629782     118057 2 11 40.0 150.0 
 461 1362629782     128034 2 11 40.0 150.0 
 461 1362629782     138059 2 11 40.0 150.0 
 461 1362629782     148092 2 11 40.0 150.0 
 461 1362629782     158058 2 11 40.0 150.0 
 461 1362629782     168089 2 11 40.0 150.0 
 461 1362629782     178106 2 11 40.0 150.0 
 462 1362629782     188126 2 11 40.0 150.0 
 461 1362629782     198104 2 11 40.0 150.0 
 461 1362629782     208120 2 11 40.0 150.0 
 460 1362629782     218151 2 11 40.0 150.0 
 461 1362629782     228096 2 11 40.0 150.0 
 461 1362629782     238109 2 11 40.0 150.0 
 461 1362629782     248145 2 11 40.0 150.0 
 461 1362629782     258179 2 11 40.0 150.0 
 461 1362629782     268153 2 11 40.0 150.0 
 461 1362629782     278183 2 11 40.0 150.0 
 461 1362629782     288192 2 11 40.0 150.0 
 461 1362629782     298149 2 11 40.0 150.0 
 462 1362629782     308176 2 11 40.0 150.0 
 461 1362629782     318195 2 11 40.0 150.0 
 462 1362629782     328166 2 11 40.0 150.0 
 461 1362629782     338174 2 11 40.0 150.0 
 462 1362629782     348200 2 11 40.0 150.0 
 461 1362629782     358211 2 11 40.0 150.0 
 461 1362629782     368241 2 11 40.0 150.0 
 461 1362629782     378263 2 11 40.0 150.0 
 460 1362629782     388266 2 11 40.0 150.0 
 461 1362629782     398225 2 11 40.0 150.0 
 461 1362629782     408245 2 11 40.0 150.0 
 461 1362629782     418261 2 11 40.0 150.0 
 460 1362629782     428286 2 11 40.0 150.0 
 461 1362629782     438291 2 11 40.0 150.0 
 461 1362629782     448252 2 11 40.0 150.0 
 461 1362629782     458259 2 11 40.0 150.0 
 460 1362629782     468284 2 11 40.0 150.0 
 461 1362629782     478309 2 11 40.0 150.0 
 460 1362629782     488267 2 11 40.0 150.0 
 462 1362629782     498288 2 11 40.0 150.0 
 461 1362629782     508290 2 11 40.0 150.0 
 461 1362629782     518310 2 11 40.0 150.0 
 461 1362629782     528341 2 11 40.0 150.0 
 462 1362629782     538352 2 11 40.0 150.0 
 462 1362629782     548371 2 11 40.0 150.0 
 461 1362629782     558354 2 11 40.0 150.0 
 461 1362629782     568375 2 11 40.0 150.0 
 461 1362629782     578331 2 11 40.0 150.0 
 462 1362629782     588349 2 11 40.0 150.0 
 461 1362629782     598384 2 11 40.0 150.0 
 461 1362629782     608395 2 11 40.0 150.0 
 460 1362629782     618405 2 11 40.0 150.0 
 461 1362629782     628426 2 11 40.0 150.0 
 461 1362629782     638435 2 11 40.0 150.0 
 462 1362629782     648385 2 11 40.0 150.0 
 461 1362629782     658397 2 11 40.0 150.0 
 461 1362629782     668441 2 11 40.0 150.0 
 461 1362629782     678459 2 11 40.0 150.0 
 461 1362629782     688401 2 11 40.0 150.0 
 461 1362629782     698422 2 11 40.0 150.0 
 461 1362629782     708465 2 11 40.0 150.0 
 462 1362629782     718421 2 11 40.0 150.0 
 461 1362629782     728432 2 11 40.0 150.0 
 461 1362629782     738451 2 11 40.0 150.0 
 461 1362629782     748479 2 11 40.0 150.0 
 461 1362629782     758499 2 11 40.0 150.0 
 460 1362629782     768454 2 11 40.0 150.0 
 461 1362629782     778477 2 11 40.0 150.0 
 460 1362629782     788513 2 11 40.0 150.0 
 461 1362629782     798495 2 11 40.0 150.0 
 461 1362629782     808519 2 11 40.0 150.0 
 461 1362629782     818545 2 11 40.0 150.0 
 461 1362629782     828513 2 11 40.0 150.0 
 461 1362629782     838524 2 11 40.0 150.0 
 461 1362629782     848527 2 11 40.0 150.0 
 461 1362629782     858539 2 11 40.0 150.0 
 461 1362629782     868550 2 11 40.0 150.0 
 461 1362629782     878561 2 11 40.0 150.0 
 461 1362629782     888582 2 11 40.0 150.0 
 462 1362629782     898555 2 11 40.0 150.0 
 461 1362629782     908575 2 11 40.0 150.0 
 461 1362629782     918609 2 11 40.0 150.0 
 462 1362629782     928615 2 11 40.0 150.0 
 461 1362629782     938612 2 11 40.0 150.0 
 461 1362629782     948636 2 11 40.0 150.0 
 462 1362629782     958597 2 11 40.0 150.0 
 461 1362629782     968619 2 11 40.0 150.0 
 462 1362629782     978630 2 11 40.0 150.0 
 461 1362629782     988632 2 11 40.0 150.0 
 461 1362629782     998638 2 11 40.0 150.0 
 461 1362629783       8666 2 11 40.0 150.0 
 461 1362629783      18638 2 11 40.0 150.0 
 462 1362629783      28688 2 11 40.0 150.0 
 461 1362629783      38635 2 11 40.0 150.0 
 461 1362629783      48689 2 11 40.0 150.0 
 461 1362629783      58713 2 11 40.0 150.0 
 462 1362629783      68682 2 11 40.0 150.0 
 461 1362629783      78714 2 11 40.0 150.0 
 461 1362629783      88715 2 11 40.0 150.0 
 462 1362629783      98704 2 11 40.0 150.0 
