 431 1362625165     864210 1 10 40.0 100.0 
 432 1362625165     874332 1 10 40.0 100.0 
 431 1362625165     884343 1 10 40.0 100.0 
 431 1362625165     894359 1 10 40.0 100.0 
 431 1362625165     904367 1 10 40.0 100.0 
 430 1362625165     914309 1 10 40.0 100.0 
 431 1362625165     924289 1 10 40.0 100.0 
 431 1362625165     934371 1 10 40.0 100.0 
 431 1362625165     944350 1 10 40.0 100.0 
 430 1362625165     954287 1 10 40.0 100.0 
 431 1362625165     964337 1 10 40.0 100.0 
 431 1362625165     974305 1 10 40.0 100.0 
 430 1362625165     984238 1 10 40.0 100.0 
 431 1362625165     994270 1 10 40.0 100.0 
 430 1362625166       4283 1 10 40.0 100.0 
 430 1362625166      14296 1 10 40.0 100.0 
 431 1362625166      24260 1 10 40.0 100.0 
 431 1362625166      34276 1 10 40.0 100.0 
 431 1362625166      44302 1 10 40.0 100.0 
 431 1362625166      54311 1 10 40.0 100.0 
 431 1362625166      64338 1 10 40.0 100.0 
 431 1362625166      74293 1 10 40.0 100.0 
 431 1362625166      84307 1 10 40.0 100.0 
 430 1362625166      94338 1 10 40.0 100.0 
 431 1362625166     104368 1 10 40.0 100.0 
 431 1362625166     114329 1 10 40.0 100.0 
 430 1362625166     124348 1 10 40.0 100.0 
 431 1362625166     134368 1 10 40.0 100.0 
 431 1362625166     144394 1 10 40.0 100.0 
 431 1362625166     154340 1 10 40.0 100.0 
 431 1362625166     164366 1 10 40.0 100.0 
 430 1362625166     174395 1 10 40.0 100.0 
 431 1362625166     184410 1 10 40.0 100.0 
 431 1362625166     194424 1 10 40.0 100.0 
 431 1362625166     204381 1 10 40.0 100.0 
 430 1362625166     214403 1 10 40.0 100.0 
 430 1362625166     224449 1 10 40.0 100.0 
 432 1362625166     234402 1 10 40.0 100.0 
 430 1362625166     244450 1 10 40.0 100.0 
 430 1362625166     254450 1 10 40.0 100.0 
 431 1362625166     264476 1 10 40.0 100.0 
 430 1362625166     274425 1 10 40.0 100.0 
 430 1362625166     284460 1 10 40.0 100.0 
 431 1362625166     294488 1 10 40.0 100.0 
 430 1362625166     304452 1 10 40.0 100.0 
 432 1362625166     314464 1 10 40.0 100.0 
 431 1362625166     324485 1 10 40.0 100.0 
 431 1362625166     334525 1 10 40.0 100.0 
 431 1362625166     344500 1 10 40.0 100.0 
 430 1362625166     354480 1 10 40.0 100.0 
 432 1362625166     364496 1 10 40.0 100.0 
 430 1362625166     374519 1 10 40.0 100.0 
 430 1362625166     384534 1 10 40.0 100.0 
 431 1362625166     394499 1 10 40.0 100.0 
 430 1362625166     404536 1 10 40.0 100.0 
 432 1362625166     414574 1 10 40.0 100.0 
 430 1362625166     424540 1 10 40.0 100.0 
 430 1362625166     434589 1 10 40.0 100.0 
 432 1362625166     444551 1 10 40.0 100.0 
 431 1362625166     454581 1 10 40.0 100.0 
 430 1362625166     464593 1 10 40.0 100.0 
 431 1362625166     474613 1 10 40.0 100.0 
 430 1362625166     484573 1 10 40.0 100.0 
 431 1362625166     494590 1 10 40.0 100.0 
 431 1362625166     504619 1 10 40.0 100.0 
 430 1362625166     514643 1 10 40.0 100.0 
 431 1362625166     524596 1 10 40.0 100.0 
 431 1362625166     534620 1 10 40.0 100.0 
 431 1362625166     544653 1 10 40.0 100.0 
 430 1362625166     554665 1 10 40.0 100.0 
 431 1362625166     564665 1 10 40.0 100.0 
 431 1362625166     574636 1 10 40.0 100.0 
 430 1362625166     584683 1 10 40.0 100.0 
 431 1362625166     594639 1 10 40.0 100.0 
 431 1362625166     604659 1 10 40.0 100.0 
 431 1362625166     614685 1 10 40.0 100.0 
 431 1362625166     624720 1 10 40.0 100.0 
 430 1362625166     634685 1 10 40.0 100.0 
 430 1362625166     644712 1 10 40.0 100.0 
 432 1362625166     654675 1 10 40.0 100.0 
 431 1362625166     664686 1 10 40.0 100.0 
 430 1362625166     674717 1 10 40.0 100.0 
 431 1362625166     684691 1 10 40.0 100.0 
 431 1362625166     694733 1 10 40.0 100.0 
 431 1362625166     704711 1 10 40.0 100.0 
 431 1362625166     714727 1 10 40.0 100.0 
 431 1362625166     724756 1 10 40.0 100.0 
 431 1362625166     734725 1 10 40.0 100.0 
 430 1362625166     744759 1 10 40.0 100.0 
 431 1362625166     754777 1 10 40.0 100.0 
 430 1362625166     764796 1 10 40.0 100.0 
 431 1362625166     774754 1 10 40.0 100.0 
 430 1362625166     784819 1 10 40.0 100.0 
 430 1362625166     794785 1 10 40.0 100.0 
 432 1362625166     804830 1 10 40.0 100.0 
 431 1362625166     814776 1 10 40.0 100.0 
 431 1362625166     824799 1 10 40.0 100.0 
 432 1362625166     834834 1 10 40.0 100.0 
 430 1362625166     844851 1 10 40.0 100.0 
 432 1362625166     854806 1 10 40.0 100.0 
