 144 1362622738     370206 0 4 40.0 50.0 
 143 1362622738     380105 0 4 40.0 50.0 
 144 1362622738     390205 0 4 40.0 50.0 
 143 1362622738     400238 0 4 40.0 50.0 
 143 1362622738     410221 0 4 40.0 50.0 
 143 1362622738     420215 0 4 40.0 50.0 
 143 1362622738     430242 0 4 40.0 50.0 
 143 1362622738     440349 0 4 40.0 50.0 
 144 1362622738     450173 0 4 40.0 50.0 
 143 1362622738     460124 0 4 40.0 50.0 
 144 1362622738     470148 0 4 40.0 50.0 
 144 1362622738     480139 0 4 40.0 50.0 
 143 1362622738     490180 0 4 40.0 50.0 
 143 1362622738     500144 0 4 40.0 50.0 
 143 1362622738     510192 0 4 40.0 50.0 
 143 1362622738     520199 0 4 40.0 50.0 
 144 1362622738     530154 0 4 40.0 50.0 
 143 1362622738     540196 0 4 40.0 50.0 
 143 1362622738     550166 0 4 40.0 50.0 
 144 1362622738     560215 0 4 40.0 50.0 
 144 1362622738     570209 0 4 40.0 50.0 
 143 1362622738     580237 0 4 40.0 50.0 
 143 1362622738     590202 0 4 40.0 50.0 
 143 1362622738     600245 0 4 40.0 50.0 
 143 1362622738     610231 0 4 40.0 50.0 
 144 1362622738     620235 0 4 40.0 50.0 
 143 1362622738     630277 0 4 40.0 50.0 
 144 1362622738     640258 0 4 40.0 50.0 
 143 1362622738     650286 0 4 40.0 50.0 
 143 1362622738     660278 0 4 40.0 50.0 
 143 1362622738     670268 0 4 40.0 50.0 
 144 1362622738     680300 0 4 40.0 50.0 
 143 1362622738     690293 0 4 40.0 50.0 
 144 1362622738     700330 0 4 40.0 50.0 
 142 1362622738     710298 0 4 40.0 50.0 
 144 1362622738     720292 0 4 40.0 50.0 
 143 1362622738     730331 0 4 40.0 50.0 
 144 1362622738     740314 0 4 40.0 50.0 
 143 1362622738     750298 0 4 40.0 50.0 
 144 1362622738     760353 0 4 40.0 50.0 
 143 1362622738     770361 0 4 40.0 50.0 
 144 1362622738     780334 0 4 40.0 50.0 
 143 1362622738     790393 0 4 40.0 50.0 
 144 1362622738     800356 0 4 40.0 50.0 
 143 1362622738     810402 0 4 40.0 50.0 
 143 1362622738     820347 0 4 40.0 50.0 
 143 1362622738     830396 0 4 40.0 50.0 
 144 1362622738     840368 0 4 40.0 50.0 
 143 1362622738     850405 0 4 40.0 50.0 
 144 1362622738     860378 0 4 40.0 50.0 
 143 1362622738     870388 0 4 40.0 50.0 
 144 1362622738     880437 0 4 40.0 50.0 
 143 1362622738     890423 0 4 40.0 50.0 
 143 1362622738     900464 0 4 40.0 50.0 
 144 1362622738     910431 0 4 40.0 50.0 
 143 1362622738     920436 0 4 40.0 50.0 
 144 1362622738     930480 0 4 40.0 50.0 
 144 1362622738     940452 0 4 40.0 50.0 
 144 1362622738     950490 0 4 40.0 50.0 
 143 1362622738     960452 0 4 40.0 50.0 
 143 1362622738     970500 0 4 40.0 50.0 
 144 1362622738     980484 0 4 40.0 50.0 
 143 1362622738     990515 0 4 40.0 50.0 
 143 1362622739        487 0 4 40.0 50.0 
 144 1362622739      10506 0 4 40.0 50.0 
 143 1362622739      20502 0 4 40.0 50.0 
 143 1362622739      30484 0 4 40.0 50.0 
 143 1362622739      40558 0 4 40.0 50.0 
 144 1362622739      50549 0 4 40.0 50.0 
 143 1362622739      60544 0 4 40.0 50.0 
 144 1362622739      70527 0 4 40.0 50.0 
 143 1362622739      80517 0 4 40.0 50.0 
 143 1362622739      90582 0 4 40.0 50.0 
 143 1362622739     100574 0 4 40.0 50.0 
 143 1362622739     110580 0 4 40.0 50.0 
 143 1362622739     120542 0 4 40.0 50.0 
 144 1362622739     130562 0 4 40.0 50.0 
 143 1362622739     140597 0 4 40.0 50.0 
 144 1362622739     150615 0 4 40.0 50.0 
 143 1362622739     160636 0 4 40.0 50.0 
 144 1362622739     170610 0 4 40.0 50.0 
 143 1362622739     180631 0 4 40.0 50.0 
 143 1362622739     190657 0 4 40.0 50.0 
 143 1362622739     200624 0 4 40.0 50.0 
 144 1362622739     210663 0 4 40.0 50.0 
 143 1362622739     220629 0 4 40.0 50.0 
 144 1362622739     230684 0 4 40.0 50.0 
 143 1362622739     240659 0 4 40.0 50.0 
 143 1362622739     250642 0 4 40.0 50.0 
 143 1362622739     260654 0 4 40.0 50.0 
 143 1362622739     270703 0 4 40.0 50.0 
 143 1362622739     280682 0 4 40.0 50.0 
 143 1362622739     290724 0 4 40.0 50.0 
 144 1362622739     300690 0 4 40.0 50.0 
 143 1362622739     310726 0 4 40.0 50.0 
 144 1362622739     320693 0 4 40.0 50.0 
 144 1362622739     330730 0 4 40.0 50.0 
 143 1362622739     340697 0 4 40.0 50.0 
 143 1362622739     350738 0 4 40.0 50.0 
 144 1362622739     360713 0 4 40.0 50.0 
 143 1362622739     370742 0 4 40.0 50.0 
 144 1362622739     380782 0 4 40.0 50.0 
 144 1362622739     390766 0 4 40.0 50.0 
 144 1362622739     400757 0 4 40.0 50.0 
 143 1362622739     410740 0 4 40.0 50.0 
 144 1362622739     420782 0 4 40.0 50.0 
 143 1362622739     430809 0 4 40.0 50.0 
 143 1362622739     440757 0 4 40.0 50.0 
 144 1362622739     450819 0 4 40.0 50.0 
 143 1362622739     460811 0 4 40.0 50.0 
 143 1362622739     470772 0 4 40.0 50.0 
 143 1362622739     480816 0 4 40.0 50.0 
 144 1362622739     490827 0 4 40.0 50.0 
 143 1362622739     500794 0 4 40.0 50.0 
 143 1362622739     510842 0 4 40.0 50.0 
 144 1362622739     520814 0 4 40.0 50.0 
 143 1362622739     530870 0 4 40.0 50.0 
 144 1362622739     540843 0 4 40.0 50.0 
 143 1362622739     550834 0 4 40.0 50.0 
 144 1362622739     560893 0 4 40.0 50.0 
 143 1362622739     570876 0 4 40.0 50.0 
 144 1362622739     580855 0 4 40.0 50.0 
 143 1362622739     590900 0 4 40.0 50.0 
 144 1362622739     600887 0 4 40.0 50.0 
 143 1362622739     610935 0 4 40.0 50.0 
 144 1362622739     620890 0 4 40.0 50.0 
 143 1362622739     630940 0 4 40.0 50.0 
 144 1362622739     640904 0 4 40.0 50.0 
 143 1362622739     650938 0 4 40.0 50.0 
 143 1362622739     660955 0 4 40.0 50.0 
 144 1362622739     670950 0 4 40.0 50.0 
 143 1362622739     680911 0 4 40.0 50.0 
 143 1362622739     690948 0 4 40.0 50.0 
 143 1362622739     700972 0 4 40.0 50.0 
 143 1362622739     711002 0 4 40.0 50.0 
 143 1362622739     720957 0 4 40.0 50.0 
 143 1362622739     730997 0 4 40.0 50.0 
 143 1362622739     740968 0 4 40.0 50.0 
 143 1362622739     751007 0 4 40.0 50.0 
 144 1362622739     760978 0 4 40.0 50.0 
 143 1362622739     770992 0 4 40.0 50.0 
 143 1362622739     781017 0 4 40.0 50.0 
 144 1362622739     790984 0 4 40.0 50.0 
 143 1362622739     801016 0 4 40.0 50.0 
 143 1362622739     811031 0 4 40.0 50.0 
 143 1362622739     821049 0 4 40.0 50.0 
 143 1362622739     831080 0 4 40.0 50.0 
 143 1362622739     841032 0 4 40.0 50.0 
 144 1362622739     851056 0 4 40.0 50.0 
 143 1362622739     861076 0 4 40.0 50.0 
 143 1362622739     871037 0 4 40.0 50.0 
 144 1362622739     881074 0 4 40.0 50.0 
 143 1362622739     891093 0 4 40.0 50.0 
 143 1362622739     901116 0 4 40.0 50.0 
 144 1362622739     911128 0 4 40.0 50.0 
 143 1362622739     921139 0 4 40.0 50.0 
 143 1362622739     931086 0 4 40.0 50.0 
 143 1362622739     941118 0 4 40.0 50.0 
 143 1362622739     951128 0 4 40.0 50.0 
 143 1362622739     961156 0 4 40.0 50.0 
 144 1362622739     971114 0 4 40.0 50.0 
 143 1362622739     981132 0 4 40.0 50.0 
 144 1362622739     991144 0 4 40.0 50.0 
 143 1362622740       1183 0 4 40.0 50.0 
 144 1362622740      11179 0 4 40.0 50.0 
 143 1362622740      21194 0 4 40.0 50.0 
 144 1362622740      31154 0 4 40.0 50.0 
 143 1362622740      41175 0 4 40.0 50.0 
 144 1362622740      51206 0 4 40.0 50.0 
 143 1362622740      61224 0 4 40.0 50.0 
 143 1362622740      71178 0 4 40.0 50.0 
 143 1362622740      81208 0 4 40.0 50.0 
 143 1362622740      91237 0 4 40.0 50.0 
 143 1362622740     101223 0 4 40.0 50.0 
 143 1362622740     111248 0 4 40.0 50.0 
 143 1362622740     121205 0 4 40.0 50.0 
 144 1362622740     131217 0 4 40.0 50.0 
 143 1362622740     141237 0 4 40.0 50.0 
 144 1362622740     151263 0 4 40.0 50.0 
 143 1362622740     161283 0 4 40.0 50.0 
 143 1362622740     171282 0 4 40.0 50.0 
 144 1362622740     181258 0 4 40.0 50.0 
 143 1362622740     191270 0 4 40.0 50.0 
 144 1362622740     201817 0 4 40.0 50.0 
 143 1362622740     211268 0 4 40.0 50.0 
 143 1362622740     221279 0 4 40.0 50.0 
 144 1362622740     231303 0 4 40.0 50.0 
 143 1362622740     241337 0 4 40.0 50.0 
 144 1362622740     251346 0 4 40.0 50.0 
 143 1362622740     261298 0 4 40.0 50.0 
 143 1362622740     271335 0 4 40.0 50.0 
 143 1362622740     281354 0 4 40.0 50.0 
 143 1362622740     291369 0 4 40.0 50.0 
 143 1362622740     301347 0 4 40.0 50.0 
 143 1362622740     311365 0 4 40.0 50.0 
 143 1362622740     321392 0 4 40.0 50.0 
 143 1362622740     331356 0 4 40.0 50.0 
 143 1362622740     341382 0 4 40.0 50.0 
 143 1362622740     351405 0 4 40.0 50.0 
 144 1362622740     361421 0 4 40.0 50.0 
 143 1362622740     371378 0 4 40.0 50.0 
 144 1362622740     381399 0 4 40.0 50.0 
 143 1362622740     391415 0 4 40.0 50.0 
 144 1362622740     401425 0 4 40.0 50.0 
 143 1362622740     411421 0 4 40.0 50.0 
 144 1362622740     421459 0 4 40.0 50.0 
 143 1362622740     431460 0 4 40.0 50.0 
 144 1362622740     441416 0 4 40.0 50.0 
 143 1362622740     451426 0 4 40.0 50.0 
 143 1362622740     461449 0 4 40.0 50.0 
 143 1362622740     471471 0 4 40.0 50.0 
 144 1362622740     481500 0 4 40.0 50.0 
 143 1362622740     491486 0 4 40.0 50.0 
 144 1362622740     501481 0 4 40.0 50.0 
 143 1362622740     511480 0 4 40.0 50.0 
 144 1362622740     521514 0 4 40.0 50.0 
 143 1362622740     531475 0 4 40.0 50.0 
 144 1362622740     541509 0 4 40.0 50.0 
 143 1362622740     551536 0 4 40.0 50.0 
 143 1362622740     561563 0 4 40.0 50.0 
 143 1362622740     571571 0 4 40.0 50.0 
 143 1362622740     581511 0 4 40.0 50.0 
 144 1362622740     591536 0 4 40.0 50.0 
 143 1362622740     601559 0 4 40.0 50.0 
 143 1362622740     611585 0 4 40.0 50.0 
 144 1362622740     621549 0 4 40.0 50.0 
 144 1362622740     631565 0 4 40.0 50.0 
 143 1362622740     641574 0 4 40.0 50.0 
 143 1362622740     651602 0 4 40.0 50.0 
 143 1362622740     661615 0 4 40.0 50.0 
 144 1362622740     671635 0 4 40.0 50.0 
 143 1362622740     681591 0 4 40.0 50.0 
 144 1362622740     691640 0 4 40.0 50.0 
 143 1362622740     701593 0 4 40.0 50.0 
 144 1362622740     711609 0 4 40.0 50.0 
 143 1362622740     721656 0 4 40.0 50.0 
 143 1362622740     731612 0 4 40.0 50.0 
 144 1362622740     741638 0 4 40.0 50.0 
 143 1362622740     751654 0 4 40.0 50.0 
 143 1362622740     761656 0 4 40.0 50.0 
 144 1362622740     771677 0 4 40.0 50.0 
 143 1362622740     781696 0 4 40.0 50.0 
 144 1362622740     791652 0 4 40.0 50.0 
 143 1362622740     801679 0 4 40.0 50.0 
 144 1362622740     811692 0 4 40.0 50.0 
 143 1362622740     821708 0 4 40.0 50.0 
 144 1362622740     831699 0 4 40.0 50.0 
 143 1362622740     841673 0 4 40.0 50.0 
 144 1362622740     851692 0 4 40.0 50.0 
 143 1362622740     861688 0 4 40.0 50.0 
 143 1362622740     871692 0 4 40.0 50.0 
 143 1362622740     881701 0 4 40.0 50.0 
 143 1362622740     891757 0 4 40.0 50.0 
 144 1362622740     901707 0 4 40.0 50.0 
 144 1362622740     911765 0 4 40.0 50.0 
 143 1362622740     921739 0 4 40.0 50.0 
 143 1362622740     931738 0 4 40.0 50.0 
 143 1362622740     941740 0 4 40.0 50.0 
 144 1362622740     951756 0 4 40.0 50.0 
 143 1362622740     961754 0 4 40.0 50.0 
 144 1362622740     971810 0 4 40.0 50.0 
 143 1362622740     981760 0 4 40.0 50.0 
 143 1362622740     991787 0 4 40.0 50.0 
 144 1362622741       1829 0 4 40.0 50.0 
 143 1362622741      11815 0 4 40.0 50.0 
 143 1362622741      21794 0 4 40.0 50.0 
 144 1362622741      31812 0 4 40.0 50.0 
 143 1362622741      41819 0 4 40.0 50.0 
 144 1362622741      51809 0 4 40.0 50.0 
 143 1362622741      61855 0 4 40.0 50.0 
 144 1362622741      71841 0 4 40.0 50.0 
 143 1362622741      81863 0 4 40.0 50.0 
 144 1362622741      91843 0 4 40.0 50.0 
 144 1362622741     101887 0 4 40.0 50.0 
 143 1362622741     111878 0 4 40.0 50.0 
 143 1362622741     121899 0 4 40.0 50.0 
 143 1362622741     131898 0 4 40.0 50.0 
 143 1362622741     141880 0 4 40.0 50.0 
 143 1362622741     151917 0 4 40.0 50.0 
 144 1362622741     161899 0 4 40.0 50.0 
 143 1362622741     171940 0 4 40.0 50.0 
 143 1362622741     181907 0 4 40.0 50.0 
 143 1362622741     191906 0 4 40.0 50.0 
 144 1362622741     201928 0 4 40.0 50.0 
 143 1362622741     211965 0 4 40.0 50.0 
 144 1362622741     221958 0 4 40.0 50.0 
 143 1362622741     231948 0 4 40.0 50.0 
 144 1362622741     241983 0 4 40.0 50.0 
 143 1362622741     251998 0 4 40.0 50.0 
 144 1362622741     261983 0 4 40.0 50.0 
 143 1362622741     271952 0 4 40.0 50.0 
 144 1362622741     281983 0 4 40.0 50.0 
 143 1362622741     291974 0 4 40.0 50.0 
 143 1362622741     301994 0 4 40.0 50.0 
 143 1362622741     311985 0 4 40.0 50.0 
 143 1362622741     321989 0 4 40.0 50.0 
 143 1362622741     332039 0 4 40.0 50.0 
 143 1362622741     342047 0 4 40.0 50.0 
 143 1362622741     352022 0 4 40.0 50.0 
 144 1362622741     362040 0 4 40.0 50.0 
 144 1362622741     372068 0 4 40.0 50.0 
 144 1362622741     382065 0 4 40.0 50.0 
 144 1362622741     392063 0 4 40.0 50.0 
 143 1362622741     402063 0 4 40.0 50.0 
 144 1362622741     412055 0 4 40.0 50.0 
 143 1362622741     422098 0 4 40.0 50.0 
 143 1362622741     432067 0 4 40.0 50.0 
 144 1362622741     442111 0 4 40.0 50.0 
 143 1362622741     452110 0 4 40.0 50.0 
 143 1362622741     462104 0 4 40.0 50.0 
 144 1362622741     472093 0 4 40.0 50.0 
 143 1362622741     482136 0 4 40.0 50.0 
 144 1362622741     492110 0 4 40.0 50.0 
 143 1362622741     502147 0 4 40.0 50.0 
 143 1362622741     512137 0 4 40.0 50.0 
 143 1362622741     522148 0 4 40.0 50.0 
 144 1362622741     532126 0 4 40.0 50.0 
 143 1362622741     542134 0 4 40.0 50.0 
 143 1362622741     552140 0 4 40.0 50.0 
 144 1362622741     562190 0 4 40.0 50.0 
 143 1362622741     572190 0 4 40.0 50.0 
 143 1362622741     582202 0 4 40.0 50.0 
 144 1362622741     592198 0 4 40.0 50.0 
 143 1362622741     602227 0 4 40.0 50.0 
 144 1362622741     612230 0 4 40.0 50.0 
 143 1362622741     622246 0 4 40.0 50.0 
 144 1362622741     632225 0 4 40.0 50.0 
 144 1362622741     642214 0 4 40.0 50.0 
 143 1362622741     652201 0 4 40.0 50.0 
 143 1362622741     662220 0 4 40.0 50.0 
 144 1362622741     672230 0 4 40.0 50.0 
 143 1362622741     682257 0 4 40.0 50.0 
 144 1362622741     692283 0 4 40.0 50.0 
 143 1362622741     702240 0 4 40.0 50.0 
 144 1362622741     712250 0 4 40.0 50.0 
 143 1362622741     722300 0 4 40.0 50.0 
 144 1362622741     732276 0 4 40.0 50.0 
 143 1362622741     742262 0 4 40.0 50.0 
 143 1362622741     752306 0 4 40.0 50.0 
 143 1362622741     762275 0 4 40.0 50.0 
 144 1362622741     772339 0 4 40.0 50.0 
 143 1362622741     782336 0 4 40.0 50.0 
 144 1362622741     792322 0 4 40.0 50.0 
 143 1362622741     802313 0 4 40.0 50.0 
 143 1362622741     812316 0 4 40.0 50.0 
 143 1362622741     822368 0 4 40.0 50.0 
 143 1362622741     832342 0 4 40.0 50.0 
 144 1362622741     842353 0 4 40.0 50.0 
 143 1362622741     852387 0 4 40.0 50.0 
 144 1362622741     862392 0 4 40.0 50.0 
 143 1362622741     872390 0 4 40.0 50.0 
 143 1362622741     882381 0 4 40.0 50.0 
 143 1362622741     892415 0 4 40.0 50.0 
 143 1362622741     902370 0 4 40.0 50.0 
 143 1362622741     912392 0 4 40.0 50.0 
 143 1362622741     922404 0 4 40.0 50.0 
 143 1362622741     932395 0 4 40.0 50.0 
 143 1362622741     942438 0 4 40.0 50.0 
 143 1362622741     952426 0 4 40.0 50.0 
 143 1362622741     962428 0 4 40.0 50.0 
 144 1362622741     972413 0 4 40.0 50.0 
 143 1362622741     982454 0 4 40.0 50.0 
 143 1362622741     992435 0 4 40.0 50.0 
 144 1362622742       2461 0 4 40.0 50.0 
 143 1362622742      12457 0 4 40.0 50.0 
 144 1362622742      22506 0 4 40.0 50.0 
 143 1362622742      32495 0 4 40.0 50.0 
 144 1362622742      42487 0 4 40.0 50.0 
 143 1362622742      52518 0 4 40.0 50.0 
 144 1362622742      62512 0 4 40.0 50.0 
 143 1362622742      72485 0 4 40.0 50.0 
 143 1362622742      82487 0 4 40.0 50.0 
 144 1362622742      92495 0 4 40.0 50.0 
 144 1362622742     102541 0 4 40.0 50.0 
 143 1362622742     112554 0 4 40.0 50.0 
 144 1362622742     122573 0 4 40.0 50.0 
 143 1362622742     132579 0 4 40.0 50.0 
 144 1362622742     142555 0 4 40.0 50.0 
 143 1362622742     152550 0 4 40.0 50.0 
 144 1362622742     162570 0 4 40.0 50.0 
 144 1362622742     172576 0 4 40.0 50.0 
 143 1362622742     182550 0 4 40.0 50.0 
 143 1362622742     192616 0 4 40.0 50.0 
 143 1362622742     202596 0 4 40.0 50.0 
 143 1362622742     212578 0 4 40.0 50.0 
 143 1362622742     222580 0 4 40.0 50.0 
 143 1362622742     232636 0 4 40.0 50.0 
 143 1362622742     242618 0 4 40.0 50.0 
 144 1362622742     252604 0 4 40.0 50.0 
 143 1362622742     262618 0 4 40.0 50.0 
 144 1362622742     272651 0 4 40.0 50.0 
 143 1362622742     282661 0 4 40.0 50.0 
 144 1362622742     292662 0 4 40.0 50.0 
 143 1362622742     302677 0 4 40.0 50.0 
 143 1362622742     312669 0 4 40.0 50.0 
 143 1362622742     322694 0 4 40.0 50.0 
 144 1362622742     332658 0 4 40.0 50.0 
 144 1362622742     342658 0 4 40.0 50.0 
 143 1362622742     352720 0 4 40.0 50.0 
 143 1362622742     362721 0 4 40.0 50.0 
 144 1362622742     372696 0 4 40.0 50.0 
 143 1362622742     382697 0 4 40.0 50.0 
 144 1362622742     392748 0 4 40.0 50.0 
 143 1362622742     402729 0 4 40.0 50.0 
 144 1362622742     412704 0 4 40.0 50.0 
 143 1362622742     422715 0 4 40.0 50.0 
 144 1362622742     432765 0 4 40.0 50.0 
 143 1362622742     442766 0 4 40.0 50.0 
 144 1362622742     452754 0 4 40.0 50.0 
 143 1362622742     462772 0 4 40.0 50.0 
 144 1362622742     472759 0 4 40.0 50.0 
 143 1362622742     482766 0 4 40.0 50.0 
 143 1362622742     492776 0 4 40.0 50.0 
 143 1362622742     502808 0 4 40.0 50.0 
 144 1362622742     512827 0 4 40.0 50.0 
 143 1362622742     522792 0 4 40.0 50.0 
 144 1362622742     532820 0 4 40.0 50.0 
 143 1362622742     542852 0 4 40.0 50.0 
 144 1362622742     552803 0 4 40.0 50.0 
 143 1362622742     562814 0 4 40.0 50.0 
 143 1362622742     572855 0 4 40.0 50.0 
 144 1362622742     582868 0 4 40.0 50.0 
 143 1362622742     592872 0 4 40.0 50.0 
 144 1362622742     602868 0 4 40.0 50.0 
 143 1362622742     612884 0 4 40.0 50.0 
 143 1362622742     622900 0 4 40.0 50.0 
 143 1362622742     632895 0 4 40.0 50.0 
 143 1362622742     642899 0 4 40.0 50.0 
 143 1362622742     652911 0 4 40.0 50.0 
 144 1362622742     662923 0 4 40.0 50.0 
 143 1362622742     672931 0 4 40.0 50.0 
 143 1362622742     682906 0 4 40.0 50.0 
 143 1362622742     692949 0 4 40.0 50.0 
 144 1362622742     702956 0 4 40.0 50.0 
 143 1362622742     712937 0 4 40.0 50.0 
 144 1362622742     722959 0 4 40.0 50.0 
 143 1362622742     732934 0 4 40.0 50.0 
 143 1362622742     742925 0 4 40.0 50.0 
 143 1362622742     752986 0 4 40.0 50.0 
 143 1362622742     762961 0 4 40.0 50.0 
 143 1362622742     773004 0 4 40.0 50.0 
 144 1362622742     782997 0 4 40.0 50.0 
 143 1362622742     792971 0 4 40.0 50.0 
 144 1362622742     803015 0 4 40.0 50.0 
 143 1362622742     812988 0 4 40.0 50.0 
 143 1362622742     822994 0 4 40.0 50.0 
 143 1362622742     832982 0 4 40.0 50.0 
 143 1362622742     843005 0 4 40.0 50.0 
 143 1362622742     853040 0 4 40.0 50.0 
 144 1362622742     863004 0 4 40.0 50.0 
 143 1362622742     873010 0 4 40.0 50.0 
 143 1362622742     883055 0 4 40.0 50.0 
 144 1362622742     893071 0 4 40.0 50.0 
 144 1362622742     903027 0 4 40.0 50.0 
 143 1362622742     913050 0 4 40.0 50.0 
 144 1362622742     923061 0 4 40.0 50.0 
 143 1362622742     933061 0 4 40.0 50.0 
 143 1362622742     943116 0 4 40.0 50.0 
 144 1362622742     953097 0 4 40.0 50.0 
 143 1362622742     963117 0 4 40.0 50.0 
 144 1362622742     973080 0 4 40.0 50.0 
 143 1362622742     983143 0 4 40.0 50.0 
 144 1362622742     993143 0 4 40.0 50.0 
 143 1362622743       3108 0 4 40.0 50.0 
 144 1362622743      13137 0 4 40.0 50.0 
 143 1362622743      23108 0 4 40.0 50.0 
 143 1362622743      33172 0 4 40.0 50.0 
 143 1362622743      43136 0 4 40.0 50.0 
 144 1362622743      53164 0 4 40.0 50.0 
 143 1362622743      63183 0 4 40.0 50.0 
 144 1362622743      73157 0 4 40.0 50.0 
 143 1362622743      83200 0 4 40.0 50.0 
 143 1362622743      93159 0 4 40.0 50.0 
 143 1362622743     103175 0 4 40.0 50.0 
 144 1362622743     113174 0 4 40.0 50.0 
 143 1362622743     123198 0 4 40.0 50.0 
 143 1362622743     133238 0 4 40.0 50.0 
 144 1362622743     143188 0 4 40.0 50.0 
 143 1362622743     153237 0 4 40.0 50.0 
 143 1362622743     163205 0 4 40.0 50.0 
 143 1362622743     173236 0 4 40.0 50.0 
 144 1362622743     183222 0 4 40.0 50.0 
 143 1362622743     193257 0 4 40.0 50.0 
 143 1362622743     203231 0 4 40.0 50.0 
 143 1362622743     213290 0 4 40.0 50.0 
 143 1362622743     223297 0 4 40.0 50.0 
 143 1362622743     233245 0 4 40.0 50.0 
 143 1362622743     243304 0 4 40.0 50.0 
 144 1362622743     253304 0 4 40.0 50.0 
 143 1362622743     263270 0 4 40.0 50.0 
 143 1362622743     273278 0 4 40.0 50.0 
 144 1362622743     283334 0 4 40.0 50.0 
 143 1362622743     293304 0 4 40.0 50.0 
 143 1362622743     303293 0 4 40.0 50.0 
 144 1362622743     313314 0 4 40.0 50.0 
 143 1362622743     323346 0 4 40.0 50.0 
 143 1362622743     333349 0 4 40.0 50.0 
 143 1362622743     343369 0 4 40.0 50.0 
 143 1362622743     353346 0 4 40.0 50.0 
 144 1362622743     363386 0 4 40.0 50.0 
 144 1362622743     373362 0 4 40.0 50.0 
 144 1362622743     383362 0 4 40.0 50.0 
 143 1362622743     393385 0 4 40.0 50.0 
 144 1362622743     403409 0 4 40.0 50.0 
 143 1362622743     413423 0 4 40.0 50.0 
 144 1362622743     423388 0 4 40.0 50.0 
 143 1362622743     433412 0 4 40.0 50.0 
 144 1362622743     443415 0 4 40.0 50.0 
 143 1362622743     453427 0 4 40.0 50.0 
 143 1362622743     463438 0 4 40.0 50.0 
 144 1362622743     473448 0 4 40.0 50.0 
 143 1362622743     483412 0 4 40.0 50.0 
 143 1362622743     493427 0 4 40.0 50.0 
 143 1362622743     503474 0 4 40.0 50.0 
 144 1362622743     513456 0 4 40.0 50.0 
 143 1362622743     523485 0 4 40.0 50.0 
 144 1362622743     533504 0 4 40.0 50.0 
 144 1362622743     543453 0 4 40.0 50.0 
 143 1362622743     553466 0 4 40.0 50.0 
 143 1362622743     563511 0 4 40.0 50.0 
 144 1362622743     573468 0 4 40.0 50.0 
 143 1362622743     583533 0 4 40.0 50.0 
 143 1362622743     593503 0 4 40.0 50.0 
 143 1362622743     603547 0 4 40.0 50.0 
 144 1362622743     613508 0 4 40.0 50.0 
 143 1362622743     623562 0 4 40.0 50.0 
 144 1362622743     633521 0 4 40.0 50.0 
 143 1362622743     643570 0 4 40.0 50.0 
 143 1362622743     653582 0 4 40.0 50.0 
 143 1362622743     663554 0 4 40.0 50.0 
 143 1362622743     673562 0 4 40.0 50.0 
 144 1362622743     683561 0 4 40.0 50.0 
 144 1362622743     693585 0 4 40.0 50.0 
 143 1362622743     703563 0 4 40.0 50.0 
 144 1362622743     713614 0 4 40.0 50.0 
 143 1362622743     723575 0 4 40.0 50.0 
 144 1362622743     733631 0 4 40.0 50.0 
 143 1362622743     743619 0 4 40.0 50.0 
 144 1362622743     753638 0 4 40.0 50.0 
 143 1362622743     763617 0 4 40.0 50.0 
 143 1362622743     773638 0 4 40.0 50.0 
 143 1362622743     783656 0 4 40.0 50.0 
 144 1362622743     793659 0 4 40.0 50.0 
 143 1362622743     803672 0 4 40.0 50.0 
 143 1362622743     813669 0 4 40.0 50.0 
 144 1362622743     823648 0 4 40.0 50.0 
 143 1362622743     833678 0 4 40.0 50.0 
 144 1362622743     843655 0 4 40.0 50.0 
 143 1362622743     853715 0 4 40.0 50.0 
 144 1362622743     863675 0 4 40.0 50.0 
 143 1362622743     873693 0 4 40.0 50.0 
 143 1362622743     883685 0 4 40.0 50.0 
 144 1362622743     893704 0 4 40.0 50.0 
 144 1362622743     903724 0 4 40.0 50.0 
 143 1362622743     913750 0 4 40.0 50.0 
 143 1362622743     923700 0 4 40.0 50.0 
 143 1362622743     933735 0 4 40.0 50.0 
 144 1362622743     943731 0 4 40.0 50.0 
 144 1362622743     953731 0 4 40.0 50.0 
 143 1362622743     963777 0 4 40.0 50.0 
 143 1362622743     973771 0 4 40.0 50.0 
 144 1362622743     983796 0 4 40.0 50.0 
 143 1362622743     993800 0 4 40.0 50.0 
 144 1362622744       3759 0 4 40.0 50.0 
 143 1362622744      13802 0 4 40.0 50.0 
 144 1362622744      23791 0 4 40.0 50.0 
 144 1362622744      33795 0 4 40.0 50.0 
 143 1362622744      43801 0 4 40.0 50.0 
 143 1362622744      53826 0 4 40.0 50.0 
 144 1362622744      63849 0 4 40.0 50.0 
 143 1362622744      73828 0 4 40.0 50.0 
 144 1362622744      83851 0 4 40.0 50.0 
 143 1362622744      93814 0 4 40.0 50.0 
 144 1362622744     103820 0 4 40.0 50.0 
 144 1362622744     113879 0 4 40.0 50.0 
 144 1362622744     123848 0 4 40.0 50.0 
 143 1362622744     133843 0 4 40.0 50.0 
 144 1362622744     143867 0 4 40.0 50.0 
 143 1362622744     153860 0 4 40.0 50.0 
 144 1362622744     163896 0 4 40.0 50.0 
 143 1362622744     173919 0 4 40.0 50.0 
 143 1362622744     183912 0 4 40.0 50.0 
 143 1362622744     193935 0 4 40.0 50.0 
 144 1362622744     203952 0 4 40.0 50.0 
 144 1362622744     213917 0 4 40.0 50.0 
 143 1362622744     223936 0 4 40.0 50.0 
 144 1362622744     233920 0 4 40.0 50.0 
 143 1362622744     243944 0 4 40.0 50.0 
 144 1362622744     253954 0 4 40.0 50.0 
 143 1362622744     263929 0 4 40.0 50.0 
 143 1362622744     273973 0 4 40.0 50.0 
 143 1362622744     283942 0 4 40.0 50.0 
 144 1362622744     294008 0 4 40.0 50.0 
 143 1362622744     303956 0 4 40.0 50.0 
 144 1362622744     314008 0 4 40.0 50.0 
 143 1362622744     323996 0 4 40.0 50.0 
 143 1362622744     333975 0 4 40.0 50.0 
 143 1362622744     344024 0 4 40.0 50.0 
 144 1362622744     353992 0 4 40.0 50.0 
 143 1362622744     364051 0 4 40.0 50.0 
 143 1362622744     374009 0 4 40.0 50.0 
 143 1362622744     384034 0 4 40.0 50.0 
 144 1362622744     394052 0 4 40.0 50.0 
 143 1362622744     404061 0 4 40.0 50.0 
 144 1362622744     414056 0 4 40.0 50.0 
 143 1362622744     424086 0 4 40.0 50.0 
 143 1362622744     434057 0 4 40.0 50.0 
 143 1362622744     444051 0 4 40.0 50.0 
 144 1362622744     454073 0 4 40.0 50.0 
 143 1362622744     464058 0 4 40.0 50.0 
 144 1362622744     474082 0 4 40.0 50.0 
 143 1362622744     484123 0 4 40.0 50.0 
 143 1362622744     494096 0 4 40.0 50.0 
 143 1362622744     504147 0 4 40.0 50.0 
 144 1362622744     514105 0 4 40.0 50.0 
 143 1362622744     524143 0 4 40.0 50.0 
 143 1362622744     534164 0 4 40.0 50.0 
 143 1362622744     544143 0 4 40.0 50.0 
 143 1362622744     554175 0 4 40.0 50.0 
 144 1362622744     564160 0 4 40.0 50.0 
 143 1362622744     574189 0 4 40.0 50.0 
 143 1362622744     584159 0 4 40.0 50.0 
 143 1362622744     594156 0 4 40.0 50.0 
 143 1362622744     604177 0 4 40.0 50.0 
 143 1362622744     614183 0 4 40.0 50.0 
 143 1362622744     624177 0 4 40.0 50.0 
 143 1362622744     634227 0 4 40.0 50.0 
 143 1362622744     644183 0 4 40.0 50.0 
 143 1362622744     654216 0 4 40.0 50.0 
 144 1362622744     664219 0 4 40.0 50.0 
 143 1362622744     674243 0 4 40.0 50.0 
 144 1362622744     684216 0 4 40.0 50.0 
 143 1362622744     694215 0 4 40.0 50.0 
 144 1362622744     704248 0 4 40.0 50.0 
 143 1362622744     714268 0 4 40.0 50.0 
 144 1362622744     724259 0 4 40.0 50.0 
 143 1362622744     734234 0 4 40.0 50.0 
 144 1362622744     744300 0 4 40.0 50.0 
 143 1362622744     754252 0 4 40.0 50.0 
 144 1362622744     764272 0 4 40.0 50.0 
 143 1362622744     774325 0 4 40.0 50.0 
 143 1362622744     784286 0 4 40.0 50.0 
 143 1362622744     794310 0 4 40.0 50.0 
 144 1362622744     804290 0 4 40.0 50.0 
 143 1362622744     814320 0 4 40.0 50.0 
 143 1362622744     824357 0 4 40.0 50.0 
 143 1362622744     834326 0 4 40.0 50.0 
 144 1362622744     844351 0 4 40.0 50.0 
 144 1362622744     854370 0 4 40.0 50.0 
 143 1362622744     864378 0 4 40.0 50.0 
 143 1362622744     874372 0 4 40.0 50.0 
 143 1362622744     884340 0 4 40.0 50.0 
 144 1362622744     894362 0 4 40.0 50.0 
 143 1362622744     904405 0 4 40.0 50.0 
 143 1362622744     914357 0 4 40.0 50.0 
 143 1362622744     924395 0 4 40.0 50.0 
 143 1362622744     934409 0 4 40.0 50.0 
 144 1362622744     944400 0 4 40.0 50.0 
 144 1362622744     954417 0 4 40.0 50.0 
 143 1362622744     964448 0 4 40.0 50.0 
 144 1362622744     974449 0 4 40.0 50.0 
 143 1362622744     984452 0 4 40.0 50.0 
 144 1362622744     994474 0 4 40.0 50.0 
 144 1362622745       4447 0 4 40.0 50.0 
 144 1362622745      14438 0 4 40.0 50.0 
 143 1362622745      24428 0 4 40.0 50.0 
 144 1362622745      34445 0 4 40.0 50.0 
 143 1362622745      44445 0 4 40.0 50.0 
 144 1362622745      54494 0 4 40.0 50.0 
 143 1362622745      64467 0 4 40.0 50.0 
 143 1362622745      74475 0 4 40.0 50.0 
 143 1362622745      84504 0 4 40.0 50.0 
 144 1362622745      94495 0 4 40.0 50.0 
 143 1362622745     104492 0 4 40.0 50.0 
 144 1362622745     114509 0 4 40.0 50.0 
 143 1362622745     124555 0 4 40.0 50.0 
 144 1362622745     134543 0 4 40.0 50.0 
 143 1362622745     144539 0 4 40.0 50.0 
 143 1362622745     154572 0 4 40.0 50.0 
 143 1362622745     164554 0 4 40.0 50.0 
 144 1362622745     174541 0 4 40.0 50.0 
 144 1362622745     184588 0 4 40.0 50.0 
 143 1362622745     194557 0 4 40.0 50.0 
 144 1362622745     204550 0 4 40.0 50.0 
 143 1362622745     214588 0 4 40.0 50.0 
 144 1362622745     224616 0 4 40.0 50.0 
 144 1362622745     234574 0 4 40.0 50.0 
 144 1362622745     244602 0 4 40.0 50.0 
 143 1362622745     254600 0 4 40.0 50.0 
 144 1362622745     264620 0 4 40.0 50.0 
 144 1362622745     274653 0 4 40.0 50.0 
 144 1362622745     284630 0 4 40.0 50.0 
 143 1362622745     294628 0 4 40.0 50.0 
 143 1362622745     304629 0 4 40.0 50.0 
 143 1362622745     314634 0 4 40.0 50.0 
 144 1362622745     324648 0 4 40.0 50.0 
 143 1362622745     334665 0 4 40.0 50.0 
 144 1362622745     344686 0 4 40.0 50.0 
 143 1362622745     354657 0 4 40.0 50.0 
 144 1362622745     364698 0 4 40.0 50.0 
 143 1362622745     374707 0 4 40.0 50.0 
 144 1362622745     384676 0 4 40.0 50.0 
 144 1362622745     394701 0 4 40.0 50.0 
 143 1362622745     404735 0 4 40.0 50.0 
 143 1362622745     414743 0 4 40.0 50.0 
 143 1362622745     424761 0 4 40.0 50.0 
 143 1362622745     434710 0 4 40.0 50.0 
 144 1362622745     444714 0 4 40.0 50.0 
 144 1362622745     454719 0 4 40.0 50.0 
 143 1362622745     464728 0 4 40.0 50.0 
 143 1362622745     474761 0 4 40.0 50.0 
 144 1362622745     484794 0 4 40.0 50.0 
 144 1362622745     494799 0 4 40.0 50.0 
 143 1362622745     504800 0 4 40.0 50.0 
 143 1362622745     514812 0 4 40.0 50.0 
 143 1362622745     524796 0 4 40.0 50.0 
 144 1362622745     534820 0 4 40.0 50.0 
 143 1362622745     544784 0 4 40.0 50.0 
 143 1362622745     554831 0 4 40.0 50.0 
 143 1362622745     564840 0 4 40.0 50.0 
 144 1362622745     574838 0 4 40.0 50.0 
 143 1362622745     584842 0 4 40.0 50.0 
 144 1362622745     594862 0 4 40.0 50.0 
 143 1362622745     604852 0 4 40.0 50.0 
 143 1362622745     614837 0 4 40.0 50.0 
 143 1362622745     624860 0 4 40.0 50.0 
 144 1362622745     634881 0 4 40.0 50.0 
 144 1362622745     644882 0 4 40.0 50.0 
 144 1362622745     654893 0 4 40.0 50.0 
 143 1362622745     664862 0 4 40.0 50.0 
 143 1362622745     674903 0 4 40.0 50.0 
 144 1362622745     684912 0 4 40.0 50.0 
 143 1362622745     694926 0 4 40.0 50.0 
 143 1362622745     704925 0 4 40.0 50.0 
 143 1362622745     714914 0 4 40.0 50.0 
 144 1362622745     724954 0 4 40.0 50.0 
 144 1362622745     734912 0 4 40.0 50.0 
 144 1362622745     744917 0 4 40.0 50.0 
 144 1362622745     754912 0 4 40.0 50.0 
 143 1362622745     764946 0 4 40.0 50.0 
 143 1362622745     774946 0 4 40.0 50.0 
 144 1362622745     784963 0 4 40.0 50.0 
 144 1362622745     794974 0 4 40.0 50.0 
 143 1362622745     804997 0 4 40.0 50.0 
 143 1362622745     814950 0 4 40.0 50.0 
 143 1362622745     824957 0 4 40.0 50.0 
 143 1362622745     834980 0 4 40.0 50.0 
 144 1362622745     845009 0 4 40.0 50.0 
 143 1362622745     855013 0 4 40.0 50.0 
 144 1362622745     865003 0 4 40.0 50.0 
 143 1362622745     875007 0 4 40.0 50.0 
 144 1362622745     885056 0 4 40.0 50.0 
 143 1362622745     895016 0 4 40.0 50.0 
 144 1362622745     905068 0 4 40.0 50.0 
 143 1362622745     915043 0 4 40.0 50.0 
 144 1362622745     925050 0 4 40.0 50.0 
 143 1362622745     935076 0 4 40.0 50.0 
 144 1362622745     945048 0 4 40.0 50.0 
 143 1362622745     955056 0 4 40.0 50.0 
 144 1362622745     965103 0 4 40.0 50.0 
 143 1362622745     975113 0 4 40.0 50.0 
 143 1362622745     985093 0 4 40.0 50.0 
 143 1362622745     995081 0 4 40.0 50.0 
 144 1362622746       5079 0 4 40.0 50.0 
 143 1362622746      15109 0 4 40.0 50.0 
 143 1362622746      25129 0 4 40.0 50.0 
 143 1362622746      35105 0 4 40.0 50.0 
 144 1362622746      45110 0 4 40.0 50.0 
 144 1362622746      55150 0 4 40.0 50.0 
 144 1362622746      65118 0 4 40.0 50.0 
 143 1362622746      75177 0 4 40.0 50.0 
 143 1362622746      85186 0 4 40.0 50.0 
 144 1362622746      95144 0 4 40.0 50.0 
 143 1362622746     105183 0 4 40.0 50.0 
 144 1362622746     115205 0 4 40.0 50.0 
 143 1362622746     125189 0 4 40.0 50.0 
 143 1362622746     135222 0 4 40.0 50.0 
 143 1362622746     145224 0 4 40.0 50.0 
 144 1362622746     155195 0 4 40.0 50.0 
 143 1362622746     165212 0 4 40.0 50.0 
 143 1362622746     175210 0 4 40.0 50.0 
 143 1362622746     185220 0 4 40.0 50.0 
 143 1362622746     195248 0 4 40.0 50.0 
 144 1362622746     205261 0 4 40.0 50.0 
 144 1362622746     215249 0 4 40.0 50.0 
 143 1362622746     225267 0 4 40.0 50.0 
 143 1362622746     235243 0 4 40.0 50.0 
 143 1362622746     245256 0 4 40.0 50.0 
 143 1362622746     255284 0 4 40.0 50.0 
 144 1362622746     265249 0 4 40.0 50.0 
 144 1362622746     275268 0 4 40.0 50.0 
 144 1362622746     285322 0 4 40.0 50.0 
 143 1362622746     295321 0 4 40.0 50.0 
 144 1362622746     305288 0 4 40.0 50.0 
 144 1362622746     315294 0 4 40.0 50.0 
 144 1362622746     325330 0 4 40.0 50.0 
 143 1362622746     335335 0 4 40.0 50.0 
 143 1362622746     345336 0 4 40.0 50.0 
 143 1362622746     355362 0 4 40.0 50.0 
 143 1362622746     365352 0 4 40.0 50.0 
 144 1362622746     375357 0 4 40.0 50.0 
 144 1362622746     385361 0 4 40.0 50.0 
 143 1362622746     395372 0 4 40.0 50.0 
 144 1362622746     405394 0 4 40.0 50.0 
 143 1362622746     415371 0 4 40.0 50.0 
 144 1362622746     425360 0 4 40.0 50.0 
 144 1362622746     435368 0 4 40.0 50.0 
 143 1362622746     445399 0 4 40.0 50.0 
 143 1362622746     455403 0 4 40.0 50.0 
 143 1362622746     465415 0 4 40.0 50.0 
 143 1362622746     475399 0 4 40.0 50.0 
 144 1362622746     485433 0 4 40.0 50.0 
 144 1362622746     495446 0 4 40.0 50.0 
 144 1362622746     505456 0 4 40.0 50.0 
 143 1362622746     515453 0 4 40.0 50.0 
 143 1362622746     525422 0 4 40.0 50.0 
 144 1362622746     535473 0 4 40.0 50.0 
 143 1362622746     545434 0 4 40.0 50.0 
 144 1362622746     555502 0 4 40.0 50.0 
 143 1362622746     565504 0 4 40.0 50.0 
 143 1362622746     575498 0 4 40.0 50.0 
 144 1362622746     585520 0 4 40.0 50.0 
 144 1362622746     595514 0 4 40.0 50.0 
 143 1362622746     605538 0 4 40.0 50.0 
 144 1362622746     615524 0 4 40.0 50.0 
 143 1362622746     625534 0 4 40.0 50.0 
 144 1362622746     635502 0 4 40.0 50.0 
 143 1362622746     645533 0 4 40.0 50.0 
 144 1362622746     655520 0 4 40.0 50.0 
 143 1362622746     665529 0 4 40.0 50.0 
 144 1362622746     675581 0 4 40.0 50.0 
 143 1362622746     685541 0 4 40.0 50.0 
 144 1362622746     695551 0 4 40.0 50.0 
 144 1362622746     705559 0 4 40.0 50.0 
 143 1362622746     715559 0 4 40.0 50.0 
 144 1362622746     725570 0 4 40.0 50.0 
 144 1362622746     735559 0 4 40.0 50.0 
 143 1362622746     745606 0 4 40.0 50.0 
 143 1362622746     755632 0 4 40.0 50.0 
 144 1362622746     765626 0 4 40.0 50.0 
 143 1362622746     775630 0 4 40.0 50.0 
 144 1362622746     785622 0 4 40.0 50.0 
 143 1362622746     795606 0 4 40.0 50.0 
 143 1362622746     805604 0 4 40.0 50.0 
 144 1362622746     815639 0 4 40.0 50.0 
 144 1362622746     825658 0 4 40.0 50.0 
 143 1362622746     835646 0 4 40.0 50.0 
 144 1362622746     845646 0 4 40.0 50.0 
 143 1362622746     855648 0 4 40.0 50.0 
 144 1362622746     865696 0 4 40.0 50.0 
 143 1362622746     875692 0 4 40.0 50.0 
 143 1362622746     885705 0 4 40.0 50.0 
 144 1362622746     895699 0 4 40.0 50.0 
 144 1362622746     905715 0 4 40.0 50.0 
 143 1362622746     915736 0 4 40.0 50.0 
 144 1362622746     925717 0 4 40.0 50.0 
 143 1362622746     935710 0 4 40.0 50.0 
 144 1362622746     945741 0 4 40.0 50.0 
 143 1362622746     955730 0 4 40.0 50.0 
 143 1362622746     965742 0 4 40.0 50.0 
 144 1362622746     975753 0 4 40.0 50.0 
 143 1362622746     985734 0 4 40.0 50.0 
 143 1362622746     995739 0 4 40.0 50.0 
 143 1362622747       5739 0 4 40.0 50.0 
 143 1362622747      15797 0 4 40.0 50.0 
 143 1362622747      25804 0 4 40.0 50.0 
 144 1362622747      35754 0 4 40.0 50.0 
 143 1362622747      45805 0 4 40.0 50.0 
 144 1362622747      55775 0 4 40.0 50.0 
 143 1362622747      65800 0 4 40.0 50.0 
 143 1362622747      75791 0 4 40.0 50.0 
 143 1362622747      85827 0 4 40.0 50.0 
 143 1362622747      95843 0 4 40.0 50.0 
 144 1362622747     105822 0 4 40.0 50.0 
 144 1362622747     115841 0 4 40.0 50.0 
 143 1362622747     125847 0 4 40.0 50.0 
 144 1362622747     135828 0 4 40.0 50.0 
 143 1362622747     145837 0 4 40.0 50.0 
 143 1362622747     155895 0 4 40.0 50.0 
 143 1362622747     165870 0 4 40.0 50.0 
 144 1362622747     175848 0 4 40.0 50.0 
 143 1362622747     185910 0 4 40.0 50.0 
 144 1362622747     195868 0 4 40.0 50.0 
 143 1362622747     205929 0 4 40.0 50.0 
 144 1362622747     215884 0 4 40.0 50.0 
 144 1362622747     225912 0 4 40.0 50.0 
 143 1362622747     235890 0 4 40.0 50.0 
 143 1362622747     245908 0 4 40.0 50.0 
 143 1362622747     255951 0 4 40.0 50.0 
 144 1362622747     265918 0 4 40.0 50.0 
 143 1362622747     275976 0 4 40.0 50.0 
 143 1362622747     285984 0 4 40.0 50.0 
 144 1362622747     295985 0 4 40.0 50.0 
 144 1362622747     305942 0 4 40.0 50.0 
 143 1362622747     315987 0 4 40.0 50.0 
 143 1362622747     325976 0 4 40.0 50.0 
 143 1362622747     335979 0 4 40.0 50.0 
 144 1362622747     346021 0 4 40.0 50.0 
 143 1362622747     356007 0 4 40.0 50.0 
 144 1362622747     366033 0 4 40.0 50.0 
 144 1362622747     376022 0 4 40.0 50.0 
 144 1362622747     386019 0 4 40.0 50.0 
 143 1362622747     396044 0 4 40.0 50.0 
 144 1362622747     406046 0 4 40.0 50.0 
 143 1362622747     416023 0 4 40.0 50.0 
 144 1362622747     426038 0 4 40.0 50.0 
 143 1362622747     436080 0 4 40.0 50.0 
 144 1362622747     446045 0 4 40.0 50.0 
 143 1362622747     456084 0 4 40.0 50.0 
 143 1362622747     466063 0 4 40.0 50.0 
 143 1362622747     476051 0 4 40.0 50.0 
 143 1362622747     486061 0 4 40.0 50.0 
 144 1362622747     496073 0 4 40.0 50.0 
 144 1362622747     506081 0 4 40.0 50.0 
 143 1362622747     516098 0 4 40.0 50.0 
 144 1362622747     526121 0 4 40.0 50.0 
 144 1362622747     536139 0 4 40.0 50.0 
 144 1362622747     546149 0 4 40.0 50.0 
 143 1362622747     556163 0 4 40.0 50.0 
 144 1362622747     566118 0 4 40.0 50.0 
 144 1362622747     576118 0 4 40.0 50.0 
 143 1362622747     586124 0 4 40.0 50.0 
 144 1362622747     596156 0 4 40.0 50.0 
 144 1362622747     606187 0 4 40.0 50.0 
 144 1362622747     616170 0 4 40.0 50.0 
 143 1362622747     626180 0 4 40.0 50.0 
 144 1362622747     636156 0 4 40.0 50.0 
 143 1362622747     646178 0 4 40.0 50.0 
 143 1362622747     656185 0 4 40.0 50.0 
 143 1362622747     666187 0 4 40.0 50.0 
 143 1362622747     676223 0 4 40.0 50.0 
 144 1362622747     686245 0 4 40.0 50.0 
 144 1362622747     696204 0 4 40.0 50.0 
 143 1362622747     706206 0 4 40.0 50.0 
 143 1362622747     716251 0 4 40.0 50.0 
 143 1362622747     726261 0 4 40.0 50.0 
 143 1362622747     736265 0 4 40.0 50.0 
 144 1362622747     746224 0 4 40.0 50.0 
 144 1362622747     756284 0 4 40.0 50.0 
 144 1362622747     766255 0 4 40.0 50.0 
 143 1362622747     776307 0 4 40.0 50.0 
 144 1362622747     786255 0 4 40.0 50.0 
 143 1362622747     796265 0 4 40.0 50.0 
 143 1362622747     806318 0 4 40.0 50.0 
 144 1362622747     816280 0 4 40.0 50.0 
 144 1362622747     826308 0 4 40.0 50.0 
 144 1362622747     836326 0 4 40.0 50.0 
 144 1362622747     846336 0 4 40.0 50.0 
 143 1362622747     856306 0 4 40.0 50.0 
 144 1362622747     866346 0 4 40.0 50.0 
 143 1362622747     876331 0 4 40.0 50.0 
 144 1362622747     886333 0 4 40.0 50.0 
 143 1362622747     896374 0 4 40.0 50.0 
 144 1362622747     906382 0 4 40.0 50.0 
 143 1362622747     916389 0 4 40.0 50.0 
 143 1362622747     926406 0 4 40.0 50.0 
 143 1362622747     936356 0 4 40.0 50.0 
 143 1362622747     946415 0 4 40.0 50.0 
 143 1362622747     956422 0 4 40.0 50.0 
 143 1362622747     966391 0 4 40.0 50.0 
 144 1362622747     976430 0 4 40.0 50.0 
 143 1362622747     986421 0 4 40.0 50.0 
 143 1362622747     996417 0 4 40.0 50.0 
 143 1362622748       6452 0 4 40.0 50.0 
 143 1362622748      16459 0 4 40.0 50.0 
 143 1362622748      26466 0 4 40.0 50.0 
 144 1362622748      36431 0 4 40.0 50.0 
 143 1362622748      46445 0 4 40.0 50.0 
 143 1362622748      56478 0 4 40.0 50.0 
 144 1362622748      66493 0 4 40.0 50.0 
 144 1362622748      76462 0 4 40.0 50.0 
 143 1362622748      86457 0 4 40.0 50.0 
 143 1362622748      96458 0 4 40.0 50.0 
 144 1362622748     106513 0 4 40.0 50.0 
 143 1362622748     116482 0 4 40.0 50.0 
 143 1362622748     126484 0 4 40.0 50.0 
 144 1362622748     136509 0 4 40.0 50.0 
 143 1362622748     146497 0 4 40.0 50.0 
 144 1362622748     156518 0 4 40.0 50.0 
 143 1362622748     166516 0 4 40.0 50.0 
 144 1362622748     176560 0 4 40.0 50.0 
 143 1362622748     186521 0 4 40.0 50.0 
 144 1362622748     196544 0 4 40.0 50.0 
 144 1362622748     206559 0 4 40.0 50.0 
 143 1362622748     216555 0 4 40.0 50.0 
 144 1362622748     226598 0 4 40.0 50.0 
 144 1362622748     236582 0 4 40.0 50.0 
 143 1362622748     246603 0 4 40.0 50.0 
 143 1362622748     256564 0 4 40.0 50.0 
 143 1362622748     266598 0 4 40.0 50.0 
 143 1362622748     276586 0 4 40.0 50.0 
 143 1362622748     286638 0 4 40.0 50.0 
 144 1362622748     296596 0 4 40.0 50.0 
 144 1362622748     306602 0 4 40.0 50.0 
 143 1362622748     316617 0 4 40.0 50.0 
 144 1362622748     326621 0 4 40.0 50.0 
 143 1362622748     336616 0 4 40.0 50.0 
 143 1362622748     346635 0 4 40.0 50.0 
 143 1362622748     356653 0 4 40.0 50.0 
 144 1362622748     366655 0 4 40.0 50.0 
