 308 1362622923     922669 0 6 40.0 100 
 308 1362622923     932674 0 6 40.0 100 
 308 1362622923     942700 0 6 40.0 100 
 308 1362622923     952638 0 6 40.0 100 
 308 1362622923     962667 0 6 40.0 100 
 308 1362622923     972666 0 6 40.0 100 
 308 1362622923     982693 0 6 40.0 100 
 307 1362622923     992663 0 6 40.0 100 
 308 1362622924       2679 0 6 40.0 100 
 308 1362622924      12707 0 6 40.0 100 
 308 1362622924      22740 0 6 40.0 100 
 308 1362622924      32750 0 6 40.0 100 
 308 1362622924      42696 0 6 40.0 100 
 308 1362622924      52696 0 6 40.0 100 
 307 1362622924      62756 0 6 40.0 100 
 308 1362622924      72760 0 6 40.0 100 
 308 1362622924      82762 0 6 40.0 100 
 308 1362622924      92777 0 6 40.0 100 
 308 1362622924     102733 0 6 40.0 100 
 308 1362622924     112780 0 6 40.0 100 
 308 1362622924     122803 0 6 40.0 100 
 308 1362622924     132808 0 6 40.0 100 
 308 1362622924     142814 0 6 40.0 100 
 308 1362622924     152821 0 6 40.0 100 
 308 1362622924     162771 0 6 40.0 100 
 308 1362622924     172789 0 6 40.0 100 
 307 1362622924     182792 0 6 40.0 100 
 308 1362622924     192800 0 6 40.0 100 
 308 1362622924     202818 0 6 40.0 100 
 308 1362622924     212813 0 6 40.0 100 
 307 1362622924     222835 0 6 40.0 100 
 308 1362622924     232852 0 6 40.0 100 
 308 1362622924     242873 0 6 40.0 100 
 308 1362622924     252884 0 6 40.0 100 
 308 1362622924     262900 0 6 40.0 100 
 307 1362622924     272849 0 6 40.0 100 
 309 1362622924     282860 0 6 40.0 100 
 307 1362622924     292863 0 6 40.0 100 
 308 1362622924     302876 0 6 40.0 100 
 308 1362622924     312884 0 6 40.0 100 
 308 1362622924     322889 0 6 40.0 100 
 308 1362622924     332913 0 6 40.0 100 
 308 1362622924     342942 0 6 40.0 100 
 307 1362622924     352957 0 6 40.0 100 
 308 1362622924     362949 0 6 40.0 100 
 307 1362622924     372956 0 6 40.0 100 
 307 1362622924     382954 0 6 40.0 100 
 308 1362622924     392966 0 6 40.0 100 
 307 1362622924     402987 0 6 40.0 100 
 308 1362622924     413000 0 6 40.0 100 
 308 1362622924     422995 0 6 40.0 100 
 308 1362622924     433009 0 6 40.0 100 
 307 1362622924     443007 0 6 40.0 100 
 308 1362622924     453014 0 6 40.0 100 
 308 1362622924     463013 0 6 40.0 100 
 308 1362622924     473003 0 6 40.0 100 
 307 1362622924     483022 0 6 40.0 100 
 308 1362622924     493040 0 6 40.0 100 
 307 1362622924     503051 0 6 40.0 100 
 309 1362622924     513058 0 6 40.0 100 
 307 1362622924     523005 0 6 40.0 100 
 308 1362622924     533034 0 6 40.0 100 
 308 1362622924     543041 0 6 40.0 100 
 309 1362622924     553067 0 6 40.0 100 
 308 1362622924     563070 0 6 40.0 100 
 308 1362622924     573099 0 6 40.0 100 
 308 1362622924     583049 0 6 40.0 100 
 308 1362622924     593086 0 6 40.0 100 
 309 1362622924     603100 0 6 40.0 100 
 307 1362622924     613111 0 6 40.0 100 
 308 1362622924     623131 0 6 40.0 100 
 307 1362622924     633124 0 6 40.0 100 
 308 1362622924     643149 0 6 40.0 100 
 307 1362622924     653144 0 6 40.0 100 
 308 1362622924     663148 0 6 40.0 100 
 307 1362622924     673157 0 6 40.0 100 
 308 1362622924     683158 0 6 40.0 100 
 309 1362622924     693175 0 6 40.0 100 
 308 1362622924     703135 0 6 40.0 100 
 308 1362622924     713156 0 6 40.0 100 
 308 1362622924     723147 0 6 40.0 100 
 308 1362622924     733151 0 6 40.0 100 
 307 1362622924     743171 0 6 40.0 100 
 308 1362622924     753196 0 6 40.0 100 
 308 1362622924     763202 0 6 40.0 100 
 308 1362622924     773213 0 6 40.0 100 
 307 1362622924     783229 0 6 40.0 100 
 308 1362622924     793229 0 6 40.0 100 
 307 1362622924     803249 0 6 40.0 100 
 308 1362622924     813243 0 6 40.0 100 
 308 1362622924     823266 0 6 40.0 100 
 308 1362622924     833211 0 6 40.0 100 
 309 1362622924     843239 0 6 40.0 100 
 307 1362622924     853251 0 6 40.0 100 
 308 1362622924     863236 0 6 40.0 100 
 308 1362622924     873250 0 6 40.0 100 
 308 1362622924     883269 0 6 40.0 100 
 307 1362622924     893274 0 6 40.0 100 
 308 1362622924     903302 0 6 40.0 100 
 308 1362622924     913304 0 6 40.0 100 
 307 1362622924     923337 0 6 40.0 100 
 308 1362622924     933332 0 6 40.0 100 
 308 1362622924     943340 0 6 40.0 100 
 308 1362622924     953340 0 6 40.0 100 
 308 1362622924     963343 0 6 40.0 100 
 308 1362622924     973351 0 6 40.0 100 
 308 1362622924     983379 0 6 40.0 100 
 308 1362622924     993378 0 6 40.0 100 
 308 1362622925       3394 0 6 40.0 100 
 308 1362622925      13377 0 6 40.0 100 
 308 1362622925      23396 0 6 40.0 100 
 308 1362622925      33356 0 6 40.0 100 
 308 1362622925      43377 0 6 40.0 100 
 309 1362622925      53411 0 6 40.0 100 
 308 1362622925      63432 0 6 40.0 100 
 308 1362622925      73395 0 6 40.0 100 
 307 1362622925      83377 0 6 40.0 100 
 309 1362622925      93398 0 6 40.0 100 
 308 1362622925     103436 0 6 40.0 100 
 308 1362622925     113461 0 6 40.0 100 
 307 1362622925     123439 0 6 40.0 100 
 308 1362622925     133478 0 6 40.0 100 
 308 1362622925     143465 0 6 40.0 100 
 307 1362622925     153455 0 6 40.0 100 
 309 1362622925     163434 0 6 40.0 100 
 307 1362622925     173495 0 6 40.0 100 
 309 1362622925     183484 0 6 40.0 100 
 307 1362622925     193468 0 6 40.0 100 
 308 1362622925     203497 0 6 40.0 100 
 308 1362622925     213481 0 6 40.0 100 
 308 1362622925     223469 0 6 40.0 100 
 307 1362622925     233481 0 6 40.0 100 
 308 1362622925     243502 0 6 40.0 100 
 307 1362622925     253516 0 6 40.0 100 
 308 1362622925     263510 0 6 40.0 100 
 308 1362622925     273529 0 6 40.0 100 
 308 1362622925     283530 0 6 40.0 100 
 307 1362622925     293542 0 6 40.0 100 
 308 1362622925     303572 0 6 40.0 100 
 308 1362622925     313545 0 6 40.0 100 
 308 1362622925     323543 0 6 40.0 100 
 308 1362622925     333547 0 6 40.0 100 
 308 1362622925     343562 0 6 40.0 100 
 308 1362622925     353576 0 6 40.0 100 
 307 1362622925     363607 0 6 40.0 100 
 308 1362622925     373619 0 6 40.0 100 
 307 1362622925     383619 0 6 40.0 100 
 308 1362622925     393612 0 6 40.0 100 
 307 1362622925     403621 0 6 40.0 100 
 308 1362622925     413607 0 6 40.0 100 
 307 1362622925     423602 0 6 40.0 100 
 308 1362622925     433612 0 6 40.0 100 
 308 1362622925     443614 0 6 40.0 100 
 308 1362622925     453634 0 6 40.0 100 
 308 1362622925     463645 0 6 40.0 100 
 308 1362622925     473689 0 6 40.0 100 
 309 1362622925     483643 0 6 40.0 100 
 308 1362622925     493676 0 6 40.0 100 
 308 1362622925     503687 0 6 40.0 100 
 308 1362622925     513704 0 6 40.0 100 
 308 1362622925     523710 0 6 40.0 100 
 308 1362622925     533727 0 6 40.0 100 
 308 1362622925     543683 0 6 40.0 100 
 307 1362622925     553754 0 6 40.0 100 
 309 1362622925     563743 0 6 40.0 100 
 308 1362622925     573753 0 6 40.0 100 
 308 1362622925     583769 0 6 40.0 100 
 308 1362622925     593718 0 6 40.0 100 
 308 1362622925     603733 0 6 40.0 100 
 308 1362622925     613738 0 6 40.0 100 
 308 1362622925     623754 0 6 40.0 100 
 308 1362622925     633762 0 6 40.0 100 
 308 1362622925     643782 0 6 40.0 100 
 307 1362622925     653804 0 6 40.0 100 
 307 1362622925     663823 0 6 40.0 100 
 308 1362622925     673767 0 6 40.0 100 
 308 1362622925     683772 0 6 40.0 100 
 308 1362622925     693790 0 6 40.0 100 
 307 1362622925     703808 0 6 40.0 100 
 308 1362622925     713819 0 6 40.0 100 
 307 1362622925     723808 0 6 40.0 100 
 308 1362622925     733820 0 6 40.0 100 
 308 1362622925     743817 0 6 40.0 100 
 308 1362622925     753834 0 6 40.0 100 
 308 1362622925     763840 0 6 40.0 100 
 307 1362622925     773833 0 6 40.0 100 
 308 1362622925     783907 0 6 40.0 100 
 308 1362622925     793878 0 6 40.0 100 
 308 1362622925     803879 0 6 40.0 100 
 307 1362622925     813867 0 6 40.0 100 
 308 1362622925     823892 0 6 40.0 100 
 308 1362622925     833903 0 6 40.0 100 
 309 1362622925     843912 0 6 40.0 100 
 307 1362622925     853899 0 6 40.0 100 
 308 1362622925     863935 0 6 40.0 100 
 307 1362622925     873952 0 6 40.0 100 
 308 1362622925     883962 0 6 40.0 100 
 307 1362622925     893971 0 6 40.0 100 
 308 1362622925     903969 0 6 40.0 100 
 307 1362622925     913976 0 6 40.0 100 
 308 1362622925     923984 0 6 40.0 100 
 308 1362622925     934002 0 6 40.0 100 
 307 1362622925     943957 0 6 40.0 100 
 308 1362622925     953975 0 6 40.0 100 
 307 1362622925     963986 0 6 40.0 100 
 308 1362622925     973982 0 6 40.0 100 
 308 1362622925     983994 0 6 40.0 100 
 308 1362622925     994008 0 6 40.0 100 
 307 1362622926       4015 0 6 40.0 100 
 308 1362622926      14030 0 6 40.0 100 
 308 1362622926      24044 0 6 40.0 100 
 308 1362622926      34058 0 6 40.0 100 
 308 1362622926      44050 0 6 40.0 100 
 308 1362622926      54055 0 6 40.0 100 
 308 1362622926      64067 0 6 40.0 100 
 308 1362622926      74069 0 6 40.0 100 
 308 1362622926      84080 0 6 40.0 100 
 309 1362622926      94067 0 6 40.0 100 
 308 1362622926     104096 0 6 40.0 100 
 307 1362622926     114088 0 6 40.0 100 
 308 1362622926     124087 0 6 40.0 100 
 308 1362622926     134097 0 6 40.0 100 
 308 1362622926     144100 0 6 40.0 100 
 307 1362622926     154114 0 6 40.0 100 
 308 1362622926     164149 0 6 40.0 100 
 307 1362622926     174141 0 6 40.0 100 
 308 1362622926     184138 0 6 40.0 100 
 308 1362622926     194162 0 6 40.0 100 
 308 1362622926     204134 0 6 40.0 100 
 307 1362622926     214178 0 6 40.0 100 
 308 1362622926     224172 0 6 40.0 100 
 308 1362622926     234137 0 6 40.0 100 
 308 1362622926     244142 0 6 40.0 100 
 308 1362622926     254144 0 6 40.0 100 
 308 1362622926     264167 0 6 40.0 100 
 308 1362622926     274213 0 6 40.0 100 
 308 1362622926     284197 0 6 40.0 100 
 308 1362622926     294178 0 6 40.0 100 
 307 1362622926     304189 0 6 40.0 100 
 308 1362622926     314192 0 6 40.0 100 
 307 1362622926     324196 0 6 40.0 100 
 308 1362622926     334207 0 6 40.0 100 
 308 1362622926     344230 0 6 40.0 100 
 308 1362622926     354243 0 6 40.0 100 
 308 1362622926     364224 0 6 40.0 100 
 307 1362622926     374224 0 6 40.0 100 
 308 1362622926     384272 0 6 40.0 100 
 308 1362622926     394250 0 6 40.0 100 
 309 1362622926     404269 0 6 40.0 100 
 308 1362622926     414248 0 6 40.0 100 
 308 1362622926     424275 0 6 40.0 100 
 308 1362622926     434283 0 6 40.0 100 
 308 1362622926     444324 0 6 40.0 100 
 308 1362622926     454279 0 6 40.0 100 
 308 1362622926     464284 0 6 40.0 100 
 307 1362622926     474323 0 6 40.0 100 
 308 1362622926     484306 0 6 40.0 100 
 308 1362622926     494300 0 6 40.0 100 
 308 1362622926     504342 0 6 40.0 100 
 308 1362622926     514346 0 6 40.0 100 
 308 1362622926     524338 0 6 40.0 100 
 308 1362622926     534340 0 6 40.0 100 
 308 1362622926     544361 0 6 40.0 100 
 309 1362622926     554372 0 6 40.0 100 
 307 1362622926     564386 0 6 40.0 100 
 309 1362622926     574399 0 6 40.0 100 
 307 1362622926     584405 0 6 40.0 100 
 309 1362622926     594359 0 6 40.0 100 
 307 1362622926     604410 0 6 40.0 100 
 309 1362622926     614384 0 6 40.0 100 
 308 1362622926     624412 0 6 40.0 100 
 308 1362622926     634425 0 6 40.0 100 
 308 1362622926     644421 0 6 40.0 100 
 308 1362622926     654428 0 6 40.0 100 
 308 1362622926     664457 0 6 40.0 100 
 308 1362622926     674437 0 6 40.0 100 
 307 1362622926     684434 0 6 40.0 100 
 309 1362622926     694431 0 6 40.0 100 
 308 1362622926     704480 0 6 40.0 100 
 308 1362622926     714461 0 6 40.0 100 
 308 1362622926     724465 0 6 40.0 100 
 309 1362622926     734454 0 6 40.0 100 
 307 1362622926     744468 0 6 40.0 100 
 308 1362622926     754478 0 6 40.0 100 
 308 1362622926     764500 0 6 40.0 100 
 308 1362622926     774501 0 6 40.0 100 
 309 1362622926     784546 0 6 40.0 100 
 307 1362622926     794533 0 6 40.0 100 
 309 1362622926     804527 0 6 40.0 100 
 307 1362622926     814521 0 6 40.0 100 
 308 1362622926     824561 0 6 40.0 100 
 307 1362622926     834555 0 6 40.0 100 
 308 1362622926     844540 0 6 40.0 100 
 308 1362622926     854555 0 6 40.0 100 
 308 1362622926     864585 0 6 40.0 100 
 308 1362622926     874600 0 6 40.0 100 
 308 1362622926     884604 0 6 40.0 100 
 308 1362622926     894570 0 6 40.0 100 
 308 1362622926     904619 0 6 40.0 100 
 308 1362622926     914608 0 6 40.0 100 
 308 1362622926     924600 0 6 40.0 100 
 308 1362622926     934599 0 6 40.0 100 
 307 1362622926     944631 0 6 40.0 100 
 308 1362622926     954621 0 6 40.0 100 
 308 1362622926     964656 0 6 40.0 100 
 308 1362622926     974637 0 6 40.0 100 
 308 1362622926     984635 0 6 40.0 100 
 308 1362622926     994664 0 6 40.0 100 
 308 1362622927       4674 0 6 40.0 100 
 308 1362622927      14696 0 6 40.0 100 
 308 1362622927      24646 0 6 40.0 100 
 309 1362622927      34650 0 6 40.0 100 
 307 1362622927      44711 0 6 40.0 100 
 308 1362622927      54691 0 6 40.0 100 
 308 1362622927      64716 0 6 40.0 100 
 308 1362622927      74704 0 6 40.0 100 
 308 1362622927      84698 0 6 40.0 100 
 308 1362622927      94692 0 6 40.0 100 
 308 1362622927     104705 0 6 40.0 100 
 307 1362622927     114712 0 6 40.0 100 
 308 1362622927     124769 0 6 40.0 100 
 307 1362622927     134733 0 6 40.0 100 
 308 1362622927     144724 0 6 40.0 100 
 308 1362622927     154729 0 6 40.0 100 
 308 1362622927     164742 0 6 40.0 100 
 308 1362622927     174778 0 6 40.0 100 
 308 1362622927     184785 0 6 40.0 100 
 307 1362622927     194804 0 6 40.0 100 
 308 1362622927     204807 0 6 40.0 100 
 308 1362622927     214787 0 6 40.0 100 
 307 1362622927     224803 0 6 40.0 100 
 308 1362622927     234786 0 6 40.0 100 
 308 1362622927     244815 0 6 40.0 100 
 308 1362622927     254851 0 6 40.0 100 
 308 1362622927     264812 0 6 40.0 100 
 308 1362622927     274834 0 6 40.0 100 
 308 1362622927     284878 0 6 40.0 100 
 308 1362622927     294883 0 6 40.0 100 
 307 1362622927     304875 0 6 40.0 100 
 308 1362622927     314861 0 6 40.0 100 
 307 1362622927     324905 0 6 40.0 100 
 308 1362622927     334876 0 6 40.0 100 
 308 1362622927     344876 0 6 40.0 100 
 308 1362622927     354905 0 6 40.0 100 
 308 1362622927     364928 0 6 40.0 100 
 308 1362622927     374927 0 6 40.0 100 
 308 1362622927     384915 0 6 40.0 100 
 307 1362622927     394895 0 6 40.0 100 
 308 1362622927     404935 0 6 40.0 100 
 307 1362622927     414951 0 6 40.0 100 
 308 1362622927     424950 0 6 40.0 100 
 308 1362622927     434966 0 6 40.0 100 
 308 1362622927     444980 0 6 40.0 100 
 308 1362622927     454970 0 6 40.0 100 
 308 1362622927     464974 0 6 40.0 100 
 307 1362622927     474960 0 6 40.0 100 
 308 1362622927     484953 0 6 40.0 100 
 308 1362622927     494972 0 6 40.0 100 
 308 1362622927     504963 0 6 40.0 100 
 308 1362622927     515006 0 6 40.0 100 
 308 1362622927     525035 0 6 40.0 100 
 308 1362622927     534999 0 6 40.0 100 
 307 1362622927     545018 0 6 40.0 100 
 308 1362622927     555046 0 6 40.0 100 
 307 1362622927     565039 0 6 40.0 100 
 309 1362622927     575046 0 6 40.0 100 
 308 1362622927     585022 0 6 40.0 100 
 308 1362622927     595078 0 6 40.0 100 
 308 1362622927     605054 0 6 40.0 100 
 308 1362622927     615053 0 6 40.0 100 
 308 1362622927     625101 0 6 40.0 100 
 307 1362622927     635065 0 6 40.0 100 
 308 1362622927     645058 0 6 40.0 100 
 307 1362622927     655079 0 6 40.0 100 
 309 1362622927     665130 0 6 40.0 100 
 307 1362622927     675128 0 6 40.0 100 
 309 1362622927     685137 0 6 40.0 100 
 308 1362622927     695143 0 6 40.0 100 
 308 1362622927     705131 0 6 40.0 100 
 308 1362622927     715150 0 6 40.0 100 
 308 1362622927     725121 0 6 40.0 100 
 308 1362622927     735129 0 6 40.0 100 
 308 1362622927     745128 0 6 40.0 100 
 308 1362622927     755186 0 6 40.0 100 
 308 1362622927     765180 0 6 40.0 100 
 308 1362622927     775182 0 6 40.0 100 
 307 1362622927     785178 0 6 40.0 100 
 309 1362622927     795183 0 6 40.0 100 
 307 1362622927     805189 0 6 40.0 100 
 309 1362622927     815182 0 6 40.0 100 
 308 1362622927     825233 0 6 40.0 100 
 308 1362622927     835206 0 6 40.0 100 
 307 1362622927     845210 0 6 40.0 100 
 308 1362622927     855207 0 6 40.0 100 
 307 1362622927     865242 0 6 40.0 100 
 308 1362622927     875242 0 6 40.0 100 
 308 1362622927     885226 0 6 40.0 100 
 307 1362622927     895237 0 6 40.0 100 
 308 1362622927     905274 0 6 40.0 100 
 307 1362622927     915235 0 6 40.0 100 
 308 1362622927     925284 0 6 40.0 100 
 308 1362622927     935290 0 6 40.0 100 
 308 1362622927     945279 0 6 40.0 100 
 307 1362622927     955288 0 6 40.0 100 
 309 1362622927     965311 0 6 40.0 100 
 307 1362622927     975274 0 6 40.0 100 
 308 1362622927     985317 0 6 40.0 100 
 308 1362622927     995334 0 6 40.0 100 
 308 1362622928       5350 0 6 40.0 100 
 308 1362622928      15341 0 6 40.0 100 
 308 1362622928      25366 0 6 40.0 100 
 308 1362622928      35362 0 6 40.0 100 
 308 1362622928      45370 0 6 40.0 100 
 308 1362622928      55340 0 6 40.0 100 
 308 1362622928      65382 0 6 40.0 100 
 308 1362622928      75387 0 6 40.0 100 
 308 1362622928      85381 0 6 40.0 100 
 308 1362622928      95398 0 6 40.0 100 
 308 1362622928     105391 0 6 40.0 100 
 308 1362622928     115420 0 6 40.0 100 
 308 1362622928     125378 0 6 40.0 100 
 308 1362622928     135412 0 6 40.0 100 
 308 1362622928     145386 0 6 40.0 100 
 308 1362622928     155440 0 6 40.0 100 
 308 1362622928     165398 0 6 40.0 100 
 308 1362622928     175457 0 6 40.0 100 
 308 1362622928     185465 0 6 40.0 100 
 308 1362622928     195427 0 6 40.0 100 
 308 1362622928     205458 0 6 40.0 100 
 308 1362622928     215472 0 6 40.0 100 
 308 1362622928     225474 0 6 40.0 100 
 308 1362622928     235475 0 6 40.0 100 
 308 1362622928     245513 0 6 40.0 100 
 308 1362622928     255492 0 6 40.0 100 
 308 1362622928     265497 0 6 40.0 100 
 308 1362622928     275504 0 6 40.0 100 
 308 1362622928     285599 0 6 40.0 100 
 308 1362622928     295507 0 6 40.0 100 
 307 1362622928     305525 0 6 40.0 100 
 309 1362622928     315542 0 6 40.0 100 
 308 1362622928     325553 0 6 40.0 100 
 308 1362622928     335551 0 6 40.0 100 
 308 1362622928     345573 0 6 40.0 100 
 308 1362622928     355573 0 6 40.0 100 
 307 1362622928     365546 0 6 40.0 100 
 308 1362622928     375549 0 6 40.0 100 
 307 1362622928     385576 0 6 40.0 100 
 309 1362622928     395568 0 6 40.0 100 
 307 1362622928     405565 0 6 40.0 100 
 308 1362622928     415604 0 6 40.0 100 
 308 1362622928     425615 0 6 40.0 100 
 308 1362622928     435615 0 6 40.0 100 
 308 1362622928     445638 0 6 40.0 100 
 308 1362622928     455587 0 6 40.0 100 
 307 1362622928     465621 0 6 40.0 100 
 308 1362622928     475612 0 6 40.0 100 
 308 1362622928     485624 0 6 40.0 100 
 308 1362622928     495662 0 6 40.0 100 
 308 1362622928     505664 0 6 40.0 100 
 308 1362622928     515664 0 6 40.0 100 
 309 1362622928     525695 0 6 40.0 100 
 307 1362622928     535644 0 6 40.0 100 
 308 1362622928     545701 0 6 40.0 100 
 307 1362622928     555692 0 6 40.0 100 
 308 1362622928     565692 0 6 40.0 100 
 307 1362622928     575667 0 6 40.0 100 
 308 1362622928     585732 0 6 40.0 100 
 308 1362622928     595701 0 6 40.0 100 
 309 1362622928     605695 0 6 40.0 100 
 308 1362622928     615757 0 6 40.0 100 
 309 1362622928     625750 0 6 40.0 100 
 308 1362622928     635718 0 6 40.0 100 
 308 1362622928     645720 0 6 40.0 100 
 308 1362622928     655722 0 6 40.0 100 
 308 1362622928     665764 0 6 40.0 100 
 308 1362622928     675736 0 6 40.0 100 
 307 1362622928     685785 0 6 40.0 100 
 308 1362622928     695809 0 6 40.0 100 
 308 1362622928     705788 0 6 40.0 100 
 308 1362622928     715811 0 6 40.0 100 
 308 1362622928     725816 0 6 40.0 100 
 308 1362622928     735790 0 6 40.0 100 
 308 1362622928     745820 0 6 40.0 100 
 308 1362622928     755817 0 6 40.0 100 
 308 1362622928     765837 0 6 40.0 100 
 308 1362622928     775849 0 6 40.0 100 
 308 1362622928     785852 0 6 40.0 100 
 308 1362622928     795872 0 6 40.0 100 
 308 1362622928     805842 0 6 40.0 100 
 308 1362622928     815838 0 6 40.0 100 
 308 1362622928     825882 0 6 40.0 100 
 307 1362622928     835841 0 6 40.0 100 
 308 1362622928     845862 0 6 40.0 100 
 308 1362622928     855860 0 6 40.0 100 
 308 1362622928     865896 0 6 40.0 100 
 308 1362622928     875906 0 6 40.0 100 
 309 1362622928     885878 0 6 40.0 100 
 307 1362622928     895905 0 6 40.0 100 
 308 1362622928     905924 0 6 40.0 100 
 307 1362622928     915917 0 6 40.0 100 
 307 1362622928     925949 0 6 40.0 100 
 308 1362622928     935924 0 6 40.0 100 
 308 1362622928     945933 0 6 40.0 100 
 308 1362622928     955957 0 6 40.0 100 
 307 1362622928     965957 0 6 40.0 100 
 308 1362622928     975943 0 6 40.0 100 
 308 1362622928     985977 0 6 40.0 100 
 308 1362622928     995994 0 6 40.0 100 
 308 1362622929       6008 0 6 40.0 100 
 308 1362622929      15960 0 6 40.0 100 
 308 1362622929      26012 0 6 40.0 100 
 308 1362622929      35970 0 6 40.0 100 
 308 1362622929      46011 0 6 40.0 100 
 308 1362622929      55995 0 6 40.0 100 
 308 1362622929      65995 0 6 40.0 100 
 307 1362622929      76058 0 6 40.0 100 
 308 1362622929      86031 0 6 40.0 100 
 308 1362622929      96048 0 6 40.0 100 
 309 1362622929     106073 0 6 40.0 100 
 307 1362622929     116087 0 6 40.0 100 
 309 1362622929     126058 0 6 40.0 100 
 308 1362622929     136091 0 6 40.0 100 
 308 1362622929     146053 0 6 40.0 100 
 308 1362622929     156100 0 6 40.0 100 
 308 1362622929     166091 0 6 40.0 100 
 308 1362622929     176126 0 6 40.0 100 
 308 1362622929     186094 0 6 40.0 100 
 308 1362622929     196120 0 6 40.0 100 
 307 1362622929     206091 0 6 40.0 100 
 308 1362622929     216122 0 6 40.0 100 
 308 1362622929     226143 0 6 40.0 100 
 309 1362622929     236123 0 6 40.0 100 
 308 1362622929     246130 0 6 40.0 100 
 309 1362622929     256147 0 6 40.0 100 
 307 1362622929     266160 0 6 40.0 100 
 307 1362622929     276175 0 6 40.0 100 
 308 1362622929     286176 0 6 40.0 100 
 308 1362622929     296183 0 6 40.0 100 
 308 1362622929     306165 0 6 40.0 100 
 308 1362622929     316188 0 6 40.0 100 
 308 1362622929     326189 0 6 40.0 100 
 308 1362622929     336201 0 6 40.0 100 
 308 1362622929     346238 0 6 40.0 100 
 307 1362622929     356189 0 6 40.0 100 
 308 1362622929     366222 0 6 40.0 100 
 308 1362622929     376233 0 6 40.0 100 
 308 1362622929     386261 0 6 40.0 100 
 308 1362622929     396210 0 6 40.0 100 
 308 1362622929     406240 0 6 40.0 100 
 308 1362622929     416226 0 6 40.0 100 
 309 1362622929     426243 0 6 40.0 100 
 307 1362622929     436277 0 6 40.0 100 
 308 1362622929     446271 0 6 40.0 100 
 308 1362622929     456305 0 6 40.0 100 
 308 1362622929     466258 0 6 40.0 100 
 308 1362622929     476321 0 6 40.0 100 
 308 1362622929     486296 0 6 40.0 100 
 308 1362622929     496295 0 6 40.0 100 
 308 1362622929     506315 0 6 40.0 100 
 308 1362622929     516331 0 6 40.0 100 
 308 1362622929     526343 0 6 40.0 100 
 308 1362622929     536360 0 6 40.0 100 
 308 1362622929     546369 0 6 40.0 100 
 308 1362622929     556325 0 6 40.0 100 
 308 1362622929     566357 0 6 40.0 100 
 308 1362622929     576336 0 6 40.0 100 
 308 1362622929     586342 0 6 40.0 100 
 307 1362622929     596379 0 6 40.0 100 
 309 1362622929     606380 0 6 40.0 100 
 308 1362622929     616399 0 6 40.0 100 
 308 1362622929     626376 0 6 40.0 100 
 308 1362622929     636431 0 6 40.0 100 
 308 1362622929     646432 0 6 40.0 100 
 308 1362622929     656432 0 6 40.0 100 
 308 1362622929     666397 0 6 40.0 100 
 308 1362622929     676449 0 6 40.0 100 
 308 1362622929     686457 0 6 40.0 100 
 308 1362622929     696413 0 6 40.0 100 
 308 1362622929     706455 0 6 40.0 100 
 308 1362622929     716459 0 6 40.0 100 
 308 1362622929     726475 0 6 40.0 100 
 308 1362622929     736467 0 6 40.0 100 
 308 1362622929     746481 0 6 40.0 100 
 308 1362622929     756500 0 6 40.0 100 
 309 1362622929     766466 0 6 40.0 100 
 307 1362622929     776475 0 6 40.0 100 
 307 1362622929     786491 0 6 40.0 100 
 308 1362622929     796517 0 6 40.0 100 
 308 1362622929     806523 0 6 40.0 100 
 308 1362622929     816497 0 6 40.0 100 
 308 1362622929     826520 0 6 40.0 100 
 308 1362622929     836501 0 6 40.0 100 
 309 1362622929     846550 0 6 40.0 100 
 308 1362622929     856533 0 6 40.0 100 
 308 1362622929     866561 0 6 40.0 100 
 308 1362622929     876560 0 6 40.0 100 
 308 1362622929     886563 0 6 40.0 100 
 308 1362622929     896547 0 6 40.0 100 
 308 1362622929     906562 0 6 40.0 100 
 308 1362622929     916564 0 6 40.0 100 
 308 1362622929     926594 0 6 40.0 100 
 308 1362622929     936583 0 6 40.0 100 
 308 1362622929     946590 0 6 40.0 100 
 308 1362622929     956631 0 6 40.0 100 
 308 1362622929     966631 0 6 40.0 100 
 308 1362622929     976608 0 6 40.0 100 
 308 1362622929     986648 0 6 40.0 100 
 308 1362622929     996672 0 6 40.0 100 
 308 1362622930       6674 0 6 40.0 100 
 308 1362622930      16654 0 6 40.0 100 
 308 1362622930      26634 0 6 40.0 100 
 308 1362622930      36677 0 6 40.0 100 
 308 1362622930      46657 0 6 40.0 100 
 308 1362622930      56654 0 6 40.0 100 
 308 1362622930      66669 0 6 40.0 100 
 308 1362622930      76673 0 6 40.0 100 
 308 1362622930      86669 0 6 40.0 100 
 308 1362622930      96721 0 6 40.0 100 
 308 1362622930     106678 0 6 40.0 100 
 308 1362622930     116693 0 6 40.0 100 
 308 1362622930     126701 0 6 40.0 100 
 308 1362622930     136730 0 6 40.0 100 
 308 1362622930     146764 0 6 40.0 100 
 308 1362622930     156728 0 6 40.0 100 
 307 1362622930     166745 0 6 40.0 100 
 308 1362622930     176760 0 6 40.0 100 
 308 1362622930     186782 0 6 40.0 100 
 308 1362622930     196801 0 6 40.0 100 
 308 1362622930     206755 0 6 40.0 100 
 308 1362622930     216756 0 6 40.0 100 
 308 1362622930     226822 0 6 40.0 100 
 308 1362622930     236812 0 6 40.0 100 
 308 1362622930     246826 0 6 40.0 100 
 308 1362622930     256796 0 6 40.0 100 
 308 1362622930     266791 0 6 40.0 100 
 308 1362622930     276852 0 6 40.0 100 
 308 1362622930     286871 0 6 40.0 100 
 308 1362622930     296840 0 6 40.0 100 
 308 1362622930     306830 0 6 40.0 100 
 308 1362622930     316852 0 6 40.0 100 
 308 1362622930     326874 0 6 40.0 100 
 308 1362622930     336889 0 6 40.0 100 
 308 1362622930     346885 0 6 40.0 100 
 308 1362622930     356851 0 6 40.0 100 
 307 1362622930     366864 0 6 40.0 100 
 308 1362622930     376894 0 6 40.0 100 
 308 1362622930     386911 0 6 40.0 100 
 308 1362622930     396931 0 6 40.0 100 
 307 1362622930     406926 0 6 40.0 100 
 308 1362622930     416925 0 6 40.0 100 
 308 1362622930     426912 0 6 40.0 100 
 308 1362622930     436959 0 6 40.0 100 
 308 1362622930     446954 0 6 40.0 100 
 308 1362622930     456955 0 6 40.0 100 
 308 1362622930     466958 0 6 40.0 100 
 308 1362622930     476934 0 6 40.0 100 
 307 1362622930     486965 0 6 40.0 100 
 308 1362622930     496969 0 6 40.0 100 
 308 1362622930     506969 0 6 40.0 100 
 309 1362622930     516952 0 6 40.0 100 
 308 1362622930     526973 0 6 40.0 100 
 308 1362622930     536998 0 6 40.0 100 
 308 1362622930     546978 0 6 40.0 100 
 308 1362622930     557011 0 6 40.0 100 
 308 1362622930     567000 0 6 40.0 100 
 308 1362622930     576996 0 6 40.0 100 
 308 1362622930     587044 0 6 40.0 100 
 308 1362622930     597014 0 6 40.0 100 
 308 1362622930     607035 0 6 40.0 100 
 308 1362622930     617055 0 6 40.0 100 
 308 1362622930     627032 0 6 40.0 100 
 308 1362622930     637075 0 6 40.0 100 
 308 1362622930     647051 0 6 40.0 100 
 308 1362622930     657086 0 6 40.0 100 
 308 1362622930     667056 0 6 40.0 100 
 308 1362622930     677068 0 6 40.0 100 
 308 1362622930     687117 0 6 40.0 100 
 308 1362622930     697091 0 6 40.0 100 
 308 1362622930     707108 0 6 40.0 100 
 308 1362622930     717113 0 6 40.0 100 
 308 1362622930     727147 0 6 40.0 100 
 307 1362622930     737102 0 6 40.0 100 
 307 1362622930     747139 0 6 40.0 100 
 309 1362622930     757111 0 6 40.0 100 
 308 1362622930     767169 0 6 40.0 100 
 308 1362622930     777151 0 6 40.0 100 
 308 1362622930     787151 0 6 40.0 100 
 308 1362622930     797191 0 6 40.0 100 
 308 1362622930     807146 0 6 40.0 100 
 308 1362622930     817208 0 6 40.0 100 
 307 1362622930     827174 0 6 40.0 100 
 308 1362622930     837192 0 6 40.0 100 
 308 1362622930     847200 0 6 40.0 100 
 308 1362622930     857186 0 6 40.0 100 
 308 1362622930     867238 0 6 40.0 100 
 308 1362622930     877234 0 6 40.0 100 
 308 1362622930     887212 0 6 40.0 100 
 308 1362622930     897225 0 6 40.0 100 
 308 1362622930     907248 0 6 40.0 100 
 308 1362622930     917252 0 6 40.0 100 
 308 1362622930     927271 0 6 40.0 100 
 308 1362622930     937272 0 6 40.0 100 
 308 1362622930     947243 0 6 40.0 100 
 308 1362622930     957246 0 6 40.0 100 
 308 1362622930     967263 0 6 40.0 100 
 307 1362622930     977315 0 6 40.0 100 
 308 1362622930     987320 0 6 40.0 100 
 308 1362622930     997317 0 6 40.0 100 
 308 1362622931       7312 0 6 40.0 100 
 307 1362622931      17318 0 6 40.0 100 
 309 1362622931      27291 0 6 40.0 100 
 308 1362622931      37320 0 6 40.0 100 
 309 1362622931      47306 0 6 40.0 100 
 308 1362622931      57340 0 6 40.0 100 
 308 1362622931      67356 0 6 40.0 100 
 308 1362622931      77328 0 6 40.0 100 
 309 1362622931      87343 0 6 40.0 100 
 308 1362622931      97348 0 6 40.0 100 
 308 1362622931     107340 0 6 40.0 100 
 308 1362622931     117365 0 6 40.0 100 
 308 1362622931     127383 0 6 40.0 100 
 308 1362622931     137401 0 6 40.0 100 
 308 1362622931     147370 0 6 40.0 100 
 308 1362622931     157397 0 6 40.0 100 
 308 1362622931     167385 0 6 40.0 100 
 308 1362622931     177398 0 6 40.0 100 
 308 1362622931     187401 0 6 40.0 100 
 307 1362622931     197440 0 6 40.0 100 
 307 1362622931     207423 0 6 40.0 100 
 308 1362622931     217464 0 6 40.0 100 
 309 1362622931     227441 0 6 40.0 100 
 308 1362622931     237431 0 6 40.0 100 
 308 1362622931     247456 0 6 40.0 100 
 308 1362622931     257446 0 6 40.0 100 
 307 1362622931     267453 0 6 40.0 100 
 308 1362622931     277514 0 6 40.0 100 
 307 1362622931     287496 0 6 40.0 100 
 308 1362622931     297521 0 6 40.0 100 
 308 1362622931     307527 0 6 40.0 100 
 308 1362622931     317509 0 6 40.0 100 
 308 1362622931     327511 0 6 40.0 100 
 308 1362622931     337512 0 6 40.0 100 
 308 1362622931     347546 0 6 40.0 100 
 308 1362622931     357550 0 6 40.0 100 
 308 1362622931     367575 0 6 40.0 100 
 308 1362622931     377583 0 6 40.0 100 
 307 1362622931     387589 0 6 40.0 100 
 309 1362622931     397577 0 6 40.0 100 
 308 1362622931     407551 0 6 40.0 100 
 308 1362622931     417594 0 6 40.0 100 
 308 1362622931     427594 0 6 40.0 100 
 307 1362622931     437595 0 6 40.0 100 
 307 1362622931     447570 0 6 40.0 100 
 308 1362622931     457597 0 6 40.0 100 
 308 1362622931     467614 0 6 40.0 100 
 308 1362622931     477629 0 6 40.0 100 
 307 1362622931     487624 0 6 40.0 100 
 308 1362622931     497646 0 6 40.0 100 
 307 1362622931     507612 0 6 40.0 100 
 309 1362622931     517660 0 6 40.0 100 
 308 1362622931     527658 0 6 40.0 100 
 308 1362622931     537643 0 6 40.0 100 
 308 1362622931     547664 0 6 40.0 100 
 308 1362622931     557698 0 6 40.0 100 
 308 1362622931     567682 0 6 40.0 100 
 308 1362622931     577708 0 6 40.0 100 
 308 1362622931     587715 0 6 40.0 100 
 308 1362622931     597708 0 6 40.0 100 
 308 1362622931     607678 0 6 40.0 100 
 308 1362622931     617732 0 6 40.0 100 
 308 1362622931     627747 0 6 40.0 100 
 308 1362622931     637698 0 6 40.0 100 
 308 1362622931     647743 0 6 40.0 100 
 308 1362622931     657759 0 6 40.0 100 
 308 1362622931     667726 0 6 40.0 100 
 308 1362622931     677739 0 6 40.0 100 
 308 1362622931     687740 0 6 40.0 100 
 308 1362622931     697782 0 6 40.0 100 
 308 1362622931     707768 0 6 40.0 100 
 308 1362622931     717790 0 6 40.0 100 
 308 1362622931     727808 0 6 40.0 100 
 308 1362622931     737772 0 6 40.0 100 
 308 1362622931     747810 0 6 40.0 100 
 308 1362622931     757774 0 6 40.0 100 
 308 1362622931     767808 0 6 40.0 100 
 308 1362622931     777791 0 6 40.0 100 
 308 1362622931     787811 0 6 40.0 100 
 308 1362622931     797804 0 6 40.0 100 
 308 1362622931     807865 0 6 40.0 100 
 308 1362622931     817868 0 6 40.0 100 
 307 1362622931     827827 0 6 40.0 100 
 308 1362622931     837880 0 6 40.0 100 
 308 1362622931     847886 0 6 40.0 100 
 308 1362622931     857886 0 6 40.0 100 
 308 1362622931     867869 0 6 40.0 100 
 308 1362622931     877905 0 6 40.0 100 
 307 1362622931     887892 0 6 40.0 100 
 308 1362622931     897882 0 6 40.0 100 
 308 1362622931     907885 0 6 40.0 100 
 308 1362622931     917885 0 6 40.0 100 
 308 1362622931     927925 0 6 40.0 100 
 308 1362622931     937951 0 6 40.0 100 
 307 1362622931     947908 0 6 40.0 100 
 307 1362622931     957952 0 6 40.0 100 
 308 1362622931     967942 0 6 40.0 100 
 308 1362622931     977924 0 6 40.0 100 
 308 1362622931     987978 0 6 40.0 100 
 308 1362622931     997943 0 6 40.0 100 
 308 1362622932       7986 0 6 40.0 100 
 308 1362622932      17957 0 6 40.0 100 
 308 1362622932      27962 0 6 40.0 100 
 308 1362622932      38006 0 6 40.0 100 
 308 1362622932      47990 0 6 40.0 100 
 308 1362622932      58018 0 6 40.0 100 
 308 1362622932      67981 0 6 40.0 100 
 308 1362622932      78025 0 6 40.0 100 
 308 1362622932      88046 0 6 40.0 100 
 307 1362622932      98024 0 6 40.0 100 
 308 1362622932     108025 0 6 40.0 100 
 308 1362622932     118058 0 6 40.0 100 
 308 1362622932     128071 0 6 40.0 100 
 308 1362622932     138026 0 6 40.0 100 
 307 1362622932     148046 0 6 40.0 100 
 308 1362622932     158080 0 6 40.0 100 
 308 1362622932     168103 0 6 40.0 100 
 308 1362622932     178099 0 6 40.0 100 
 308 1362622932     188066 0 6 40.0 100 
 308 1362622932     198108 0 6 40.0 100 
 308 1362622932     208113 0 6 40.0 100 
 308 1362622932     218107 0 6 40.0 100 
 308 1362622932     228102 0 6 40.0 100 
 308 1362622932     238092 0 6 40.0 100 
 308 1362622932     248155 0 6 40.0 100 
 307 1362622932     258128 0 6 40.0 100 
 308 1362622932     268113 0 6 40.0 100 
 307 1362622932     278149 0 6 40.0 100 
 309 1362622932     288146 0 6 40.0 100 
 307 1362622932     298127 0 6 40.0 100 
 308 1362622932     308139 0 6 40.0 100 
 308 1362622932     318152 0 6 40.0 100 
 308 1362622932     328211 0 6 40.0 100 
 308 1362622932     338176 0 6 40.0 100 
 307 1362622932     348201 0 6 40.0 100 
 309 1362622932     358181 0 6 40.0 100 
 308 1362622932     368192 0 6 40.0 100 
 309 1362622932     378182 0 6 40.0 100 
 307 1362622932     388197 0 6 40.0 100 
 308 1362622932     398210 0 6 40.0 100 
 307 1362622932     408224 0 6 40.0 100 
 308 1362622932     418235 0 6 40.0 100 
 308 1362622932     428239 0 6 40.0 100 
 309 1362622932     438248 0 6 40.0 100 
 307 1362622932     448279 0 6 40.0 100 
 309 1362622932     458249 0 6 40.0 100 
 307 1362622932     468284 0 6 40.0 100 
 308 1362622932     478310 0 6 40.0 100 
 308 1362622932     488307 0 6 40.0 100 
 308 1362622932     498322 0 6 40.0 100 
 308 1362622932     508272 0 6 40.0 100 
 308 1362622932     518304 0 6 40.0 100 
 308 1362622932     528302 0 6 40.0 100 
 308 1362622932     538309 0 6 40.0 100 
 308 1362622932     548355 0 6 40.0 100 
 308 1362622932     558315 0 6 40.0 100 
 309 1362622932     568326 0 6 40.0 100 
 307 1362622932     578369 0 6 40.0 100 
 309 1362622932     588336 0 6 40.0 100 
 307 1362622932     598347 0 6 40.0 100 
 309 1362622932     608360 0 6 40.0 100 
 308 1362622932     618341 0 6 40.0 100 
 308 1362622932     628400 0 6 40.0 100 
 308 1362622932     638398 0 6 40.0 100 
 308 1362622932     648416 0 6 40.0 100 
 308 1362622932     658405 0 6 40.0 100 
 308 1362622932     668404 0 6 40.0 100 
 308 1362622932     678431 0 6 40.0 100 
 308 1362622932     688420 0 6 40.0 100 
 308 1362622932     698443 0 6 40.0 100 
 308 1362622932     708453 0 6 40.0 100 
 309 1362622932     718423 0 6 40.0 100 
 307 1362622932     728442 0 6 40.0 100 
 309 1362622932     738438 0 6 40.0 100 
 308 1362622932     748465 0 6 40.0 100 
 308 1362622932     758434 0 6 40.0 100 
 307 1362622932     768454 0 6 40.0 100 
 309 1362622932     778471 0 6 40.0 100 
 308 1362622932     788459 0 6 40.0 100 
 308 1362622932     798506 0 6 40.0 100 
 308 1362622932     808492 0 6 40.0 100 
 309 1362622932     818500 0 6 40.0 100 
 308 1362622932     828516 0 6 40.0 100 
 308 1362622932     838519 0 6 40.0 100 
 308 1362622932     848514 0 6 40.0 100 
 308 1362622932     858559 0 6 40.0 100 
 308 1362622932     868525 0 6 40.0 100 
 308 1362622932     878548 0 6 40.0 100 
 308 1362622932     888522 0 6 40.0 100 
 308 1362622932     898543 0 6 40.0 100 
 309 1362622932     908530 0 6 40.0 100 
 308 1362622932     918590 0 6 40.0 100 
 308 1362622932     928554 0 6 40.0 100 
 309 1362622932     938599 0 6 40.0 100 
 308 1362622932     948576 0 6 40.0 100 
 308 1362622932     958615 0 6 40.0 100 
 307 1362622932     968625 0 6 40.0 100 
 308 1362622932     978592 0 6 40.0 100 
 307 1362622932     988612 0 6 40.0 100 
 308 1362622932     998625 0 6 40.0 100 
 307 1362622933       8613 0 6 40.0 100 
 308 1362622933      18625 0 6 40.0 100 
 307 1362622933      28608 0 6 40.0 100 
 308 1362622933      38646 0 6 40.0 100 
 308 1362622933      48680 0 6 40.0 100 
 308 1362622933      58637 0 6 40.0 100 
 308 1362622933      68694 0 6 40.0 100 
 308 1362622933      78700 0 6 40.0 100 
 307 1362622933      88657 0 6 40.0 100 
 308 1362622933      98703 0 6 40.0 100 
 307 1362622933     108726 0 6 40.0 100 
 308 1362622933     118718 0 6 40.0 100 
 308 1362622933     128737 0 6 40.0 100 
 308 1362622933     138737 0 6 40.0 100 
 308 1362622933     148749 0 6 40.0 100 
 308 1362622933     158715 0 6 40.0 100 
 308 1362622933     168712 0 6 40.0 100 
 308 1362622933     178727 0 6 40.0 100 
 308 1362622933     188775 0 6 40.0 100 
 308 1362622933     198728 0 6 40.0 100 
 308 1362622933     208778 0 6 40.0 100 
 308 1362622933     218768 0 6 40.0 100 
 308 1362622933     228789 0 6 40.0 100 
 308 1362622933     238807 0 6 40.0 100 
 308 1362622933     248810 0 6 40.0 100 
 307 1362622933     258791 0 6 40.0 100 
 308 1362622933     268831 0 6 40.0 100 
 308 1362622933     278824 0 6 40.0 100 
 308 1362622933     288823 0 6 40.0 100 
 308 1362622933     298812 0 6 40.0 100 
 308 1362622933     308808 0 6 40.0 100 
 308 1362622933     318837 0 6 40.0 100 
 308 1362622933     328823 0 6 40.0 100 
 308 1362622933     338842 0 6 40.0 100 
 307 1362622933     348839 0 6 40.0 100 
 308 1362622933     358829 0 6 40.0 100 
 308 1362622933     368883 0 6 40.0 100 
 308 1362622933     378847 0 6 40.0 100 
 308 1362622933     388884 0 6 40.0 100 
 309 1362622933     398896 0 6 40.0 100 
 308 1362622933     408909 0 6 40.0 100 
 308 1362622933     418897 0 6 40.0 100 
 307 1362622933     428936 0 6 40.0 100 
 309 1362622933     438926 0 6 40.0 100 
 308 1362622933     448910 0 6 40.0 100 
 308 1362622933     458907 0 6 40.0 100 
 308 1362622933     468951 0 6 40.0 100 
 308 1362622933     478937 0 6 40.0 100 
 308 1362622933     488946 0 6 40.0 100 
 308 1362622933     498978 0 6 40.0 100 
 308 1362622933     508949 0 6 40.0 100 
 308 1362622933     518960 0 6 40.0 100 
 308 1362622933     528952 0 6 40.0 100 
 308 1362622933     538985 0 6 40.0 100 
 309 1362622933     548985 0 6 40.0 100 
 307 1362622933     558978 0 6 40.0 100 
 308 1362622933     568971 0 6 40.0 100 
 307 1362622933     579019 0 6 40.0 100 
 309 1362622933     588999 0 6 40.0 100 
 308 1362622933     599008 0 6 40.0 100 
 308 1362622933     609040 0 6 40.0 100 
 308 1362622933     619011 0 6 40.0 100 
 308 1362622933     629010 0 6 40.0 100 
 308 1362622933     639018 0 6 40.0 100 
 308 1362622933     649048 0 6 40.0 100 
 309 1362622933     659061 0 6 40.0 100 
 307 1362622933     669040 0 6 40.0 100 
 308 1362622933     679089 0 6 40.0 100 
 307 1362622933     689065 0 6 40.0 100 
 309 1362622933     699084 0 6 40.0 100 
 308 1362622933     709124 0 6 40.0 100 
 308 1362622933     719125 0 6 40.0 100 
 309 1362622933     729100 0 6 40.0 100 
 308 1362622933     739083 0 6 40.0 100 
 308 1362622933     749093 0 6 40.0 100 
 308 1362622933     759105 0 6 40.0 100 
 308 1362622933     769102 0 6 40.0 100 
 308 1362622933     779171 0 6 40.0 100 
 309 1362622933     789164 0 6 40.0 100 
 308 1362622933     799135 0 6 40.0 100 
 308 1362622933     809129 0 6 40.0 100 
 308 1362622933     819133 0 6 40.0 100 
 308 1362622933     829174 0 6 40.0 100 
 308 1362622933     839207 0 6 40.0 100 
 309 1362622933     849200 0 6 40.0 100 
 308 1362622933     859167 0 6 40.0 100 
 308 1362622933     869167 0 6 40.0 100 
 308 1362622933     879186 0 6 40.0 100 
 308 1362622933     889199 0 6 40.0 100 
 308 1362622933     899205 0 6 40.0 100 
 308 1362622933     909243 0 6 40.0 100 
 308 1362622933     919212 0 6 40.0 100 
