 469 1362629187     924969 2 2 40.0 100.0 
 468 1362629187     934917 2 2 40.0 100.0 
 469 1362629187     944911 2 2 40.0 100.0 
 468 1362629187     954964 2 2 40.0 100.0 
 469 1362629187     964932 2 2 40.0 100.0 
 469 1362629187     974949 2 2 40.0 100.0 
 469 1362629187     984980 2 2 40.0 100.0 
 469 1362629187     994933 2 2 40.0 100.0 
 468 1362629188       4956 2 2 40.0 100.0 
 468 1362629188      14974 2 2 40.0 100.0 
 469 1362629188      25011 2 2 40.0 100.0 
 469 1362629188      35058 2 2 40.0 100.0 
 469 1362629188      45020 2 2 40.0 100.0 
 469 1362629188      54986 2 2 40.0 100.0 
 468 1362629188      65036 2 2 40.0 100.0 
 469 1362629188      75043 2 2 40.0 100.0 
 469 1362629188      85037 2 2 40.0 100.0 
 469 1362629188      95052 2 2 40.0 100.0 
 469 1362629188     105062 2 2 40.0 100.0 
 468 1362629188     115019 2 2 40.0 100.0 
 469 1362629188     125040 2 2 40.0 100.0 
 469 1362629188     135056 2 2 40.0 100.0 
 469 1362629188     145051 2 2 40.0 100.0 
 468 1362629188     155071 2 2 40.0 100.0 
 469 1362629188     165070 2 2 40.0 100.0 
 468 1362629188     175093 2 2 40.0 100.0 
 469 1362629188     185108 2 2 40.0 100.0 
 469 1362629188     195094 2 2 40.0 100.0 
 469 1362629188     205106 2 2 40.0 100.0 
 469 1362629188     215127 2 2 40.0 100.0 
 469 1362629188     225130 2 2 40.0 100.0 
 469 1362629188     235131 2 2 40.0 100.0 
 469 1362629188     245137 2 2 40.0 100.0 
 467 1362629188     255135 2 2 40.0 100.0 
 468 1362629188     265163 2 2 40.0 100.0 
 469 1362629188     275156 2 2 40.0 100.0 
 469 1362629188     285154 2 2 40.0 100.0 
 469 1362629188     295143 2 2 40.0 100.0 
 469 1362629188     305151 2 2 40.0 100.0 
 468 1362629188     315155 2 2 40.0 100.0 
 468 1362629188     325170 2 2 40.0 100.0 
 468 1362629188     335164 2 2 40.0 100.0 
 469 1362629188     345197 2 2 40.0 100.0 
 469 1362629188     355222 2 2 40.0 100.0 
 468 1362629188     365238 2 2 40.0 100.0 
 468 1362629188     375254 2 2 40.0 100.0 
 468 1362629188     385253 2 2 40.0 100.0 
 468 1362629188     395256 2 2 40.0 100.0 
 468 1362629188     405203 2 2 40.0 100.0 
 469 1362629188     415279 2 2 40.0 100.0 
 469 1362629188     425226 2 2 40.0 100.0 
 469 1362629188     435228 2 2 40.0 100.0 
 468 1362629188     445237 2 2 40.0 100.0 
 469 1362629188     455243 2 2 40.0 100.0 
 469 1362629188     465240 2 2 40.0 100.0 
 469 1362629188     475261 2 2 40.0 100.0 
 469 1362629188     485264 2 2 40.0 100.0 
 469 1362629188     495318 2 2 40.0 100.0 
 469 1362629188     505312 2 2 40.0 100.0 
 468 1362629188     515329 2 2 40.0 100.0 
 469 1362629188     525320 2 2 40.0 100.0 
 470 1362629188     535324 2 2 40.0 100.0 
 468 1362629188     545324 2 2 40.0 100.0 
 468 1362629188     555340 2 2 40.0 100.0 
 469 1362629188     565353 2 2 40.0 100.0 
 469 1362629188     575366 2 2 40.0 100.0 
 469 1362629188     585366 2 2 40.0 100.0 
 468 1362629188     595363 2 2 40.0 100.0 
 469 1362629188     605363 2 2 40.0 100.0 
 469 1362629188     615359 2 2 40.0 100.0 
 468 1362629188     625358 2 2 40.0 100.0 
 469 1362629188     635357 2 2 40.0 100.0 
 468 1362629188     645363 2 2 40.0 100.0 
 469 1362629188     655383 2 2 40.0 100.0 
 469 1362629188     665381 2 2 40.0 100.0 
 469 1362629188     675397 2 2 40.0 100.0 
 468 1362629188     685411 2 2 40.0 100.0 
 468 1362629188     695407 2 2 40.0 100.0 
 468 1362629188     705415 2 2 40.0 100.0 
 469 1362629188     715415 2 2 40.0 100.0 
 469 1362629188     725446 2 2 40.0 100.0 
 469 1362629188     735443 2 2 40.0 100.0 
 469 1362629188     745455 2 2 40.0 100.0 
 468 1362629188     755473 2 2 40.0 100.0 
 469 1362629188     765480 2 2 40.0 100.0 
 469 1362629188     775490 2 2 40.0 100.0 
 469 1362629188     785505 2 2 40.0 100.0 
 469 1362629188     795462 2 2 40.0 100.0 
 468 1362629188     805473 2 2 40.0 100.0 
 469 1362629188     815490 2 2 40.0 100.0 
 469 1362629188     825496 2 2 40.0 100.0 
 469 1362629188     835508 2 2 40.0 100.0 
 468 1362629188     845530 2 2 40.0 100.0 
 469 1362629188     855555 2 2 40.0 100.0 
 467 1362629188     865553 2 2 40.0 100.0 
 469 1362629188     875573 2 2 40.0 100.0 
 468 1362629188     885530 2 2 40.0 100.0 
 469 1362629188     895588 2 2 40.0 100.0 
 468 1362629188     905541 2 2 40.0 100.0 
 469 1362629188     915548 2 2 40.0 100.0 
