 431 1362629888     858673 3 1 40.0 100.0 
 431 1362629888     868681 3 1 40.0 100.0 
 431 1362629888     878675 3 1 40.0 100.0 
 430 1362629888     888665 3 1 40.0 100.0 
 431 1362629888     898697 3 1 40.0 100.0 
 431 1362629888     908709 3 1 40.0 100.0 
 431 1362629888     918732 3 1 40.0 100.0 
 431 1362629888     928742 3 1 40.0 100.0 
 431 1362629888     938755 3 1 40.0 100.0 
 431 1362629888     948711 3 1 40.0 100.0 
 431 1362629888     958730 3 1 40.0 100.0 
 431 1362629888     968747 3 1 40.0 100.0 
 431 1362629888     978776 3 1 40.0 100.0 
 431 1362629888     988746 3 1 40.0 100.0 
 431 1362629888     998807 3 1 40.0 100.0 
 431 1362629889       8802 3 1 40.0 100.0 
 431 1362629889      18784 3 1 40.0 100.0 
 431 1362629889      28767 3 1 40.0 100.0 
 431 1362629889      38831 3 1 40.0 100.0 
 430 1362629889      48811 3 1 40.0 100.0 
 431 1362629889      58780 3 1 40.0 100.0 
 431 1362629889      68846 3 1 40.0 100.0 
 431 1362629889      78828 3 1 40.0 100.0 
 430 1362629889      88860 3 1 40.0 100.0 
 431 1362629889      98845 3 1 40.0 100.0 
 431 1362629889     108841 3 1 40.0 100.0 
 431 1362629889     118850 3 1 40.0 100.0 
 430 1362629889     128861 3 1 40.0 100.0 
 431 1362629889     138879 3 1 40.0 100.0 
 431 1362629889     148887 3 1 40.0 100.0 
 431 1362629889     158876 3 1 40.0 100.0 
 430 1362629889     168883 3 1 40.0 100.0 
 431 1362629889     178874 3 1 40.0 100.0 
 431 1362629889     188893 3 1 40.0 100.0 
 431 1362629889     198902 3 1 40.0 100.0 
 430 1362629889     208929 3 1 40.0 100.0 
 431 1362629889     218886 3 1 40.0 100.0 
 430 1362629889     228941 3 1 40.0 100.0 
 431 1362629889     238918 3 1 40.0 100.0 
 431 1362629889     248939 3 1 40.0 100.0 
 430 1362629889     258949 3 1 40.0 100.0 
 431 1362629889     268974 3 1 40.0 100.0 
 431 1362629889     278937 3 1 40.0 100.0 
 431 1362629889     288938 3 1 40.0 100.0 
 430 1362629889     298962 3 1 40.0 100.0 
 431 1362629889     308985 3 1 40.0 100.0 
 431 1362629889     318950 3 1 40.0 100.0 
 431 1362629889     328980 3 1 40.0 100.0 
 430 1362629889     339007 3 1 40.0 100.0 
 430 1362629889     349028 3 1 40.0 100.0 
 431 1362629889     358992 3 1 40.0 100.0 
 431 1362629889     369016 3 1 40.0 100.0 
 430 1362629889     379039 3 1 40.0 100.0 
 431 1362629889     389000 3 1 40.0 100.0 
 430 1362629889     399029 3 1 40.0 100.0 
 431 1362629889     409064 3 1 40.0 100.0 
 431 1362629889     419041 3 1 40.0 100.0 
 431 1362629889     429082 3 1 40.0 100.0 
 431 1362629889     439041 3 1 40.0 100.0 
 431 1362629889     449065 3 1 40.0 100.0 
 430 1362629889     459076 3 1 40.0 100.0 
 432 1362629889     469044 3 1 40.0 100.0 
 431 1362629889     479079 3 1 40.0 100.0 
 431 1362629889     489099 3 1 40.0 100.0 
 430 1362629889     499135 3 1 40.0 100.0 
 431 1362629889     509076 3 1 40.0 100.0 
 431 1362629889     519096 3 1 40.0 100.0 
 431 1362629889     529124 3 1 40.0 100.0 
 431 1362629889     539107 3 1 40.0 100.0 
 430 1362629889     549140 3 1 40.0 100.0 
 430 1362629889     559161 3 1 40.0 100.0 
 431 1362629889     569133 3 1 40.0 100.0 
 431 1362629889     579160 3 1 40.0 100.0 
 431 1362629889     589127 3 1 40.0 100.0 
 430 1362629889     599160 3 1 40.0 100.0 
 431 1362629889     609176 3 1 40.0 100.0 
 431 1362629889     619211 3 1 40.0 100.0 
 431 1362629889     629176 3 1 40.0 100.0 
 430 1362629889     639223 3 1 40.0 100.0 
 431 1362629889     649177 3 1 40.0 100.0 
 430 1362629889     659187 3 1 40.0 100.0 
 431 1362629889     669231 3 1 40.0 100.0 
 431 1362629889     679214 3 1 40.0 100.0 
 430 1362629889     689242 3 1 40.0 100.0 
 431 1362629889     699201 3 1 40.0 100.0 
 431 1362629889     709208 3 1 40.0 100.0 
 431 1362629889     719239 3 1 40.0 100.0 
 430 1362629889     729224 3 1 40.0 100.0 
 430 1362629889     739271 3 1 40.0 100.0 
 431 1362629889     749239 3 1 40.0 100.0 
 430 1362629889     759245 3 1 40.0 100.0 
 431 1362629889     769271 3 1 40.0 100.0 
 431 1362629889     779301 3 1 40.0 100.0 
 431 1362629889     789296 3 1 40.0 100.0 
 431 1362629889     799329 3 1 40.0 100.0 
 431 1362629889     809294 3 1 40.0 100.0 
 430 1362629889     819334 3 1 40.0 100.0 
 431 1362629889     829333 3 1 40.0 100.0 
 431 1362629889     839298 3 1 40.0 100.0 
 430 1362629889     849320 3 1 40.0 100.0 
