 596 1362630515     323178 3 8 40.0 150.0 
 595 1362630515     333178 3 8 40.0 150.0 
 594 1362630515     343182 3 8 40.0 150.0 
 593 1362630515     353190 3 8 40.0 150.0 
 595 1362630515     363176 3 8 40.0 150.0 
 595 1362630515     373209 3 8 40.0 150.0 
 594 1362630515     383236 3 8 40.0 150.0 
 595 1362630515     393205 3 8 40.0 150.0 
 594 1362630515     403235 3 8 40.0 150.0 
 594 1362630515     413199 3 8 40.0 150.0 
 595 1362630515     423239 3 8 40.0 150.0 
 594 1362630515     433275 3 8 40.0 150.0 
 594 1362630515     443231 3 8 40.0 150.0 
 594 1362630515     453273 3 8 40.0 150.0 
 594 1362630515     463296 3 8 40.0 150.0 
 594 1362630515     473243 3 8 40.0 150.0 
 594 1362630515     483296 3 8 40.0 150.0 
 594 1362630515     493260 3 8 40.0 150.0 
 594 1362630515     503289 3 8 40.0 150.0 
 594 1362630515     513309 3 8 40.0 150.0 
 594 1362630515     523270 3 8 40.0 150.0 
 593 1362630515     533320 3 8 40.0 150.0 
 594 1362630515     543334 3 8 40.0 150.0 
 594 1362630515     553311 3 8 40.0 150.0 
 595 1362630515     563341 3 8 40.0 150.0 
 594 1362630515     573316 3 8 40.0 150.0 
 596 1362630515     583345 3 8 40.0 150.0 
 593 1362630515     593372 3 8 40.0 150.0 
 594 1362630515     603338 3 8 40.0 150.0 
 595 1362630515     613377 3 8 40.0 150.0 
 594 1362630515     623361 3 8 40.0 150.0 
 594 1362630515     633400 3 8 40.0 150.0 
 594 1362630515     643375 3 8 40.0 150.0 
 594 1362630515     653359 3 8 40.0 150.0 
 595 1362630515     663389 3 8 40.0 150.0 
 594 1362630515     673437 3 8 40.0 150.0 
 594 1362630515     683389 3 8 40.0 150.0 
 594 1362630515     693440 3 8 40.0 150.0 
 595 1362630515     703420 3 8 40.0 150.0 
 595 1362630515     713467 3 8 40.0 150.0 
 594 1362630515     723461 3 8 40.0 150.0 
 594 1362630515     733442 3 8 40.0 150.0 
 595 1362630515     743474 3 8 40.0 150.0 
 595 1362630515     753496 3 8 40.0 150.0 
 594 1362630515     763501 3 8 40.0 150.0 
 594 1362630515     773470 3 8 40.0 150.0 
 594 1362630515     783502 3 8 40.0 150.0 
 594 1362630515     793471 3 8 40.0 150.0 
 594 1362630515     803513 3 8 40.0 150.0 
 594 1362630515     813465 3 8 40.0 150.0 
 595 1362630515     823515 3 8 40.0 150.0 
 594 1362630515     833535 3 8 40.0 150.0 
 594 1362630515     843516 3 8 40.0 150.0 
 593 1362630515     853497 3 8 40.0 150.0 
 594 1362630515     863550 3 8 40.0 150.0 
 594 1362630515     873522 3 8 40.0 150.0 
 594 1362630515     883561 3 8 40.0 150.0 
 595 1362630515     893522 3 8 40.0 150.0 
 594 1362630515     903546 3 8 40.0 150.0 
 595 1362630515     913581 3 8 40.0 150.0 
 594 1362630515     923560 3 8 40.0 150.0 
 594 1362630515     933586 3 8 40.0 150.0 
 595 1362630515     943567 3 8 40.0 150.0 
 594 1362630515     953620 3 8 40.0 150.0 
 594 1362630515     963573 3 8 40.0 150.0 
 594 1362630515     973603 3 8 40.0 150.0 
 593 1362630515     983592 3 8 40.0 150.0 
 595 1362630515     993607 3 8 40.0 150.0 
 594 1362630516       3630 3 8 40.0 150.0 
 595 1362630516      13662 3 8 40.0 150.0 
 594 1362630516      23636 3 8 40.0 150.0 
 594 1362630516      33669 3 8 40.0 150.0 
 595 1362630516      43632 3 8 40.0 150.0 
 594 1362630516      53660 3 8 40.0 150.0 
 595 1362630516      63697 3 8 40.0 150.0 
 595 1362630516      73656 3 8 40.0 150.0 
 594 1362630516      83703 3 8 40.0 150.0 
 595 1362630516      93671 3 8 40.0 150.0 
 595 1362630516     103704 3 8 40.0 150.0 
 595 1362630516     113730 3 8 40.0 150.0 
 594 1362630516     123695 3 8 40.0 150.0 
 594 1362630516     133727 3 8 40.0 150.0 
 594 1362630516     143749 3 8 40.0 150.0 
 595 1362630516     153729 3 8 40.0 150.0 
 595 1362630516     163758 3 8 40.0 150.0 
 594 1362630516     173716 3 8 40.0 150.0 
 594 1362630516     183764 3 8 40.0 150.0 
 594 1362630516     193739 3 8 40.0 150.0 
 594 1362630516     203783 3 8 40.0 150.0 
 594 1362630516     213794 3 8 40.0 150.0 
 595 1362630516     223773 3 8 40.0 150.0 
 594 1362630516     233759 3 8 40.0 150.0 
 594 1362630516     243789 3 8 40.0 150.0 
 595 1362630516     253766 3 8 40.0 150.0 
 593 1362630516     263814 3 8 40.0 150.0 
 594 1362630516     273785 3 8 40.0 150.0 
 594 1362630516     283840 3 8 40.0 150.0 
 594 1362630516     293821 3 8 40.0 150.0 
 595 1362630516     303833 3 8 40.0 150.0 
 594 1362630516     313860 3 8 40.0 150.0 
