 464 1362629233      44827 2 3 40.0 100.0 
 464 1362629233      54846 2 3 40.0 100.0 
 463 1362629233      64858 2 3 40.0 100.0 
 464 1362629233      74838 2 3 40.0 100.0 
 464 1362629233      84915 2 3 40.0 100.0 
 463 1362629233      94832 2 3 40.0 100.0 
 463 1362629233     104864 2 3 40.0 100.0 
 464 1362629233     114851 2 3 40.0 100.0 
 464 1362629233     124828 2 3 40.0 100.0 
 463 1362629233     134913 2 3 40.0 100.0 
 463 1362629233     145287 2 3 40.0 100.0 
 463 1362629233     154824 2 3 40.0 100.0 
 464 1362629233     164826 2 3 40.0 100.0 
 463 1362629233     174854 2 3 40.0 100.0 
 463 1362629233     184853 2 3 40.0 100.0 
 463 1362629233     194857 2 3 40.0 100.0 
 463 1362629233     204899 2 3 40.0 100.0 
 463 1362629233     214851 2 3 40.0 100.0 
 464 1362629233     224924 2 3 40.0 100.0 
 463 1362629233     234864 2 3 40.0 100.0 
 463 1362629233     244923 2 3 40.0 100.0 
 464 1362629233     254897 2 3 40.0 100.0 
 463 1362629233     264916 2 3 40.0 100.0 
 465 1362629233     274909 2 3 40.0 100.0 
 464 1362629233     284950 2 3 40.0 100.0 
 463 1362629233     294970 2 3 40.0 100.0 
 463 1362629233     304951 2 3 40.0 100.0 
 463 1362629233     314984 2 3 40.0 100.0 
 463 1362629233     324959 2 3 40.0 100.0 
 463 1362629233     334985 2 3 40.0 100.0 
 464 1362629233     344951 2 3 40.0 100.0 
 463 1362629233     354980 2 3 40.0 100.0 
 462 1362629233     364949 2 3 40.0 100.0 
 463 1362629233     375023 2 3 40.0 100.0 
 463 1362629233     384982 2 3 40.0 100.0 
 464 1362629233     395023 2 3 40.0 100.0 
 464 1362629233     404987 2 3 40.0 100.0 
 463 1362629233     415025 2 3 40.0 100.0 
 464 1362629233     425039 2 3 40.0 100.0 
 463 1362629233     435066 2 3 40.0 100.0 
 463 1362629233     445013 2 3 40.0 100.0 
 463 1362629233     455036 2 3 40.0 100.0 
 464 1362629233     465049 2 3 40.0 100.0 
 464 1362629233     475063 2 3 40.0 100.0 
 464 1362629233     485082 2 3 40.0 100.0 
 464 1362629233     495048 2 3 40.0 100.0 
 464 1362629233     505095 2 3 40.0 100.0 
 464 1362629233     515114 2 3 40.0 100.0 
 464 1362629233     525055 2 3 40.0 100.0 
 464 1362629233     535082 2 3 40.0 100.0 
 463 1362629233     545108 2 3 40.0 100.0 
 462 1362629233     555141 2 3 40.0 100.0 
 463 1362629233     565105 2 3 40.0 100.0 
 464 1362629233     575103 2 3 40.0 100.0 
 464 1362629233     585134 2 3 40.0 100.0 
 464 1362629233     595102 2 3 40.0 100.0 
 462 1362629233     605144 2 3 40.0 100.0 
 464 1362629233     615116 2 3 40.0 100.0 
 463 1362629233     625150 2 3 40.0 100.0 
 463 1362629233     635196 2 3 40.0 100.0 
 463 1362629233     645139 2 3 40.0 100.0 
 463 1362629233     655169 2 3 40.0 100.0 
 464 1362629233     665205 2 3 40.0 100.0 
 463 1362629233     675162 2 3 40.0 100.0 
 463 1362629233     685184 2 3 40.0 100.0 
 464 1362629233     695210 2 3 40.0 100.0 
 463 1362629233     705231 2 3 40.0 100.0 
 463 1362629233     715204 2 3 40.0 100.0 
 463 1362629233     725251 2 3 40.0 100.0 
 463 1362629233     735205 2 3 40.0 100.0 
 463 1362629233     745235 2 3 40.0 100.0 
 463 1362629233     755251 2 3 40.0 100.0 
 463 1362629233     765218 2 3 40.0 100.0 
 463 1362629233     775247 2 3 40.0 100.0 
 463 1362629233     785236 2 3 40.0 100.0 
 462 1362629233     795285 2 3 40.0 100.0 
 464 1362629233     805243 2 3 40.0 100.0 
 464 1362629233     815284 2 3 40.0 100.0 
 464 1362629233     825317 2 3 40.0 100.0 
 462 1362629233     835278 2 3 40.0 100.0 
 463 1362629233     845320 2 3 40.0 100.0 
 464 1362629233     855318 2 3 40.0 100.0 
 464 1362629233     865290 2 3 40.0 100.0 
 463 1362629233     875332 2 3 40.0 100.0 
 463 1362629233     885314 2 3 40.0 100.0 
 463 1362629233     895349 2 3 40.0 100.0 
 464 1362629233     905326 2 3 40.0 100.0 
 462 1362629233     915343 2 3 40.0 100.0 
 463 1362629233     925370 2 3 40.0 100.0 
 463 1362629233     935359 2 3 40.0 100.0 
 462 1362629233     945388 2 3 40.0 100.0 
 463 1362629233     955359 2 3 40.0 100.0 
 464 1362629233     965387 2 3 40.0 100.0 
 463 1362629233     975427 2 3 40.0 100.0 
 463 1362629233     985398 2 3 40.0 100.0 
 462 1362629233     995415 2 3 40.0 100.0 
 463 1362629234       5395 2 3 40.0 100.0 
 464 1362629234      15440 2 3 40.0 100.0 
 464 1362629234      25411 2 3 40.0 100.0 
 463 1362629234      35442 2 3 40.0 100.0 
