 154 1362629722     138453 2 10 40.0 50.0 
 153 1362629722     148447 2 10 40.0 50.0 
 153 1362629722     158413 2 10 40.0 50.0 
 153 1362629722     168470 2 10 40.0 50.0 
 153 1362629722     178454 2 10 40.0 50.0 
 153 1362629722     188395 2 10 40.0 50.0 
 153 1362629722     198485 2 10 40.0 50.0 
 153 1362629722     208541 2 10 40.0 50.0 
 153 1362629722     218496 2 10 40.0 50.0 
 153 1362629722     228492 2 10 40.0 50.0 
 153 1362629722     238453 2 10 40.0 50.0 
 153 1362629722     248576 2 10 40.0 50.0 
 153 1362629722     258447 2 10 40.0 50.0 
 153 1362629722     268447 2 10 40.0 50.0 
 153 1362629722     278447 2 10 40.0 50.0 
 153 1362629722     288466 2 10 40.0 50.0 
 153 1362629722     298483 2 10 40.0 50.0 
 153 1362629722     308489 2 10 40.0 50.0 
 153 1362629722     318500 2 10 40.0 50.0 
 153 1362629722     328510 2 10 40.0 50.0 
 153 1362629722     338506 2 10 40.0 50.0 
 153 1362629722     348526 2 10 40.0 50.0 
 153 1362629722     358528 2 10 40.0 50.0 
 153 1362629722     368540 2 10 40.0 50.0 
 153 1362629722     378563 2 10 40.0 50.0 
 153 1362629722     388508 2 10 40.0 50.0 
 153 1362629722     398524 2 10 40.0 50.0 
 153 1362629722     408528 2 10 40.0 50.0 
 153 1362629722     418555 2 10 40.0 50.0 
 152 1362629722     428560 2 10 40.0 50.0 
 152 1362629722     438582 2 10 40.0 50.0 
 153 1362629722     448607 2 10 40.0 50.0 
 152 1362629722     458621 2 10 40.0 50.0 
 152 1362629722     468628 2 10 40.0 50.0 
 153 1362629722     478574 2 10 40.0 50.0 
 153 1362629722     488582 2 10 40.0 50.0 
 153 1362629722     498593 2 10 40.0 50.0 
 152 1362629722     508614 2 10 40.0 50.0 
 153 1362629722     518622 2 10 40.0 50.0 
 153 1362629722     528637 2 10 40.0 50.0 
 153 1362629722     538652 2 10 40.0 50.0 
 153 1362629722     548644 2 10 40.0 50.0 
 153 1362629722     558682 2 10 40.0 50.0 
 153 1362629722     568685 2 10 40.0 50.0 
 153 1362629722     578631 2 10 40.0 50.0 
 153 1362629722     588639 2 10 40.0 50.0 
 153 1362629722     598659 2 10 40.0 50.0 
 153 1362629722     608659 2 10 40.0 50.0 
 153 1362629722     618670 2 10 40.0 50.0 
 153 1362629722     628678 2 10 40.0 50.0 
 153 1362629722     638677 2 10 40.0 50.0 
 152 1362629722     648690 2 10 40.0 50.0 
 153 1362629722     658701 2 10 40.0 50.0 
 153 1362629722     668728 2 10 40.0 50.0 
 153 1362629722     678740 2 10 40.0 50.0 
 152 1362629722     688756 2 10 40.0 50.0 
 153 1362629722     698769 2 10 40.0 50.0 
 153 1362629722     708759 2 10 40.0 50.0 
 153 1362629722     718777 2 10 40.0 50.0 
 153 1362629722     728797 2 10 40.0 50.0 
 153 1362629722     738743 2 10 40.0 50.0 
 153 1362629722     748759 2 10 40.0 50.0 
 153 1362629722     758768 2 10 40.0 50.0 
 153 1362629722     768783 2 10 40.0 50.0 
 153 1362629722     778782 2 10 40.0 50.0 
 152 1362629722     788791 2 10 40.0 50.0 
 153 1362629722     798810 2 10 40.0 50.0 
 153 1362629722     808848 2 10 40.0 50.0 
 152 1362629722     818858 2 10 40.0 50.0 
 153 1362629722     828855 2 10 40.0 50.0 
 153 1362629722     838859 2 10 40.0 50.0 
 153 1362629722     848855 2 10 40.0 50.0 
 152 1362629722     858876 2 10 40.0 50.0 
 153 1362629722     868824 2 10 40.0 50.0 
 152 1362629722     878838 2 10 40.0 50.0 
 153 1362629722     888852 2 10 40.0 50.0 
 153 1362629722     898889 2 10 40.0 50.0 
 153 1362629722     908886 2 10 40.0 50.0 
 153 1362629722     918890 2 10 40.0 50.0 
 153 1362629722     928889 2 10 40.0 50.0 
 153 1362629722     938889 2 10 40.0 50.0 
 153 1362629722     948897 2 10 40.0 50.0 
 153 1362629722     958912 2 10 40.0 50.0 
 153 1362629722     968919 2 10 40.0 50.0 
 153 1362629722     978915 2 10 40.0 50.0 
 153 1362629722     988919 2 10 40.0 50.0 
 153 1362629722     998975 2 10 40.0 50.0 
 153 1362629723       8946 2 10 40.0 50.0 
 153 1362629723      18958 2 10 40.0 50.0 
 153 1362629723      28987 2 10 40.0 50.0 
 152 1362629723      38940 2 10 40.0 50.0 
 153 1362629723      48953 2 10 40.0 50.0 
 153 1362629723      58989 2 10 40.0 50.0 
 153 1362629723      69004 2 10 40.0 50.0 
 153 1362629723      79010 2 10 40.0 50.0 
 153 1362629723      88973 2 10 40.0 50.0 
 153 1362629723      99027 2 10 40.0 50.0 
 153 1362629723     109003 2 10 40.0 50.0 
 153 1362629723     119049 2 10 40.0 50.0 
 153 1362629723     129022 2 10 40.0 50.0 
