 151 1362622439     422702 0 2 40.0 50.0 
 150 1362622439     432681 0 2 40.0 50.0 
 150 1362622439     442756 0 2 40.0 50.0 
 150 1362622439     452773 0 2 40.0 50.0 
 151 1362622439     462680 0 2 40.0 50.0 
 150 1362622439     472809 0 2 40.0 50.0 
 150 1362622439     482808 0 2 40.0 50.0 
 150 1362622439     492628 0 2 40.0 50.0 
 150 1362622439     502635 0 2 40.0 50.0 
 151 1362622439     512646 0 2 40.0 50.0 
 150 1362622439     522680 0 2 40.0 50.0 
 150 1362622439     532687 0 2 40.0 50.0 
 150 1362622439     542708 0 2 40.0 50.0 
 150 1362622439     552660 0 2 40.0 50.0 
 150 1362622439     562687 0 2 40.0 50.0 
 150 1362622439     572697 0 2 40.0 50.0 
 151 1362622439     582727 0 2 40.0 50.0 
 150 1362622439     592744 0 2 40.0 50.0 
 151 1362622439     602757 0 2 40.0 50.0 
 150 1362622439     612762 0 2 40.0 50.0 
 151 1362622439     622745 0 2 40.0 50.0 
 150 1362622439     632756 0 2 40.0 50.0 
 150 1362622439     642758 0 2 40.0 50.0 
 151 1362622439     652774 0 2 40.0 50.0 
 150 1362622439     662786 0 2 40.0 50.0 
 151 1362622439     672803 0 2 40.0 50.0 
 150 1362622439     682802 0 2 40.0 50.0 
 151 1362622439     692794 0 2 40.0 50.0 
 151 1362622439     702815 0 2 40.0 50.0 
 150 1362622439     712821 0 2 40.0 50.0 
 151 1362622439     722825 0 2 40.0 50.0 
 150 1362622439     732828 0 2 40.0 50.0 
 151 1362622439     742839 0 2 40.0 50.0 
 150 1362622439     752841 0 2 40.0 50.0 
 151 1362622439     762840 0 2 40.0 50.0 
 151 1362622439     772870 0 2 40.0 50.0 
 151 1362622439     782828 0 2 40.0 50.0 
 150 1362622439     792862 0 2 40.0 50.0 
 150 1362622439     802865 0 2 40.0 50.0 
 151 1362622439     812861 0 2 40.0 50.0 
 150 1362622439     822865 0 2 40.0 50.0 
 150 1362622439     832872 0 2 40.0 50.0 
 150 1362622439     842901 0 2 40.0 50.0 
 150 1362622439     852898 0 2 40.0 50.0 
 150 1362622439     862916 0 2 40.0 50.0 
 150 1362622439     872908 0 2 40.0 50.0 
 150 1362622439     882909 0 2 40.0 50.0 
 150 1362622439     892923 0 2 40.0 50.0 
 150 1362622439     902935 0 2 40.0 50.0 
 150 1362622439     912941 0 2 40.0 50.0 
 150 1362622439     922933 0 2 40.0 50.0 
 150 1362622439     932942 0 2 40.0 50.0 
 150 1362622439     942949 0 2 40.0 50.0 
 151 1362622439     952952 0 2 40.0 50.0 
 150 1362622439     962973 0 2 40.0 50.0 
 150 1362622439     972940 0 2 40.0 50.0 
 150 1362622439     982940 0 2 40.0 50.0 
 150 1362622439     993013 0 2 40.0 50.0 
 151 1362622440       2989 0 2 40.0 50.0 
 150 1362622440      13007 0 2 40.0 50.0 
 151 1362622440      22987 0 2 40.0 50.0 
 151 1362622440      32998 0 2 40.0 50.0 
 151 1362622440      43014 0 2 40.0 50.0 
 150 1362622440      53037 0 2 40.0 50.0 
 151 1362622440      63045 0 2 40.0 50.0 
 151 1362622440      73022 0 2 40.0 50.0 
 150 1362622440      83022 0 2 40.0 50.0 
 151 1362622440      93039 0 2 40.0 50.0 
 151 1362622440     103029 0 2 40.0 50.0 
 151 1362622440     113043 0 2 40.0 50.0 
 150 1362622440     123085 0 2 40.0 50.0 
 151 1362622440     133097 0 2 40.0 50.0 
 151 1362622440     143094 0 2 40.0 50.0 
 150 1362622440     153114 0 2 40.0 50.0 
 151 1362622440     163108 0 2 40.0 50.0 
 150 1362622440     173101 0 2 40.0 50.0 
 151 1362622440     183113 0 2 40.0 50.0 
 150 1362622440     193106 0 2 40.0 50.0 
 150 1362622440     203120 0 2 40.0 50.0 
 150 1362622440     213123 0 2 40.0 50.0 
 150 1362622440     223123 0 2 40.0 50.0 
 151 1362622440     233128 0 2 40.0 50.0 
 151 1362622440     243126 0 2 40.0 50.0 
 151 1362622440     253150 0 2 40.0 50.0 
 151 1362622440     263167 0 2 40.0 50.0 
 151 1362622440     273150 0 2 40.0 50.0 
 151 1362622440     283299 0 2 40.0 50.0 
 151 1362622440     293192 0 2 40.0 50.0 
 151 1362622440     303217 0 2 40.0 50.0 
 151 1362622440     313212 0 2 40.0 50.0 
 150 1362622440     323209 0 2 40.0 50.0 
 151 1362622440     333185 0 2 40.0 50.0 
 151 1362622440     343194 0 2 40.0 50.0 
 150 1362622440     353192 0 2 40.0 50.0 
 151 1362622440     363209 0 2 40.0 50.0 
 151 1362622440     373260 0 2 40.0 50.0 
 150 1362622440     383269 0 2 40.0 50.0 
 151 1362622440     393269 0 2 40.0 50.0 
 151 1362622440     403231 0 2 40.0 50.0 
 151 1362622440     413237 0 2 40.0 50.0 
 150 1362622440     423242 0 2 40.0 50.0 
 151 1362622440     433263 0 2 40.0 50.0 
 151 1362622440     443257 0 2 40.0 50.0 
 151 1362622440     453277 0 2 40.0 50.0 
 151 1362622440     463258 0 2 40.0 50.0 
 151 1362622440     473303 0 2 40.0 50.0 
 151 1362622440     483303 0 2 40.0 50.0 
 150 1362622440     493320 0 2 40.0 50.0 
 151 1362622440     503330 0 2 40.0 50.0 
 150 1362622440     513336 0 2 40.0 50.0 
 151 1362622440     523345 0 2 40.0 50.0 
 151 1362622440     533348 0 2 40.0 50.0 
 150 1362622440     543365 0 2 40.0 50.0 
 151 1362622440     553380 0 2 40.0 50.0 
 151 1362622440     563392 0 2 40.0 50.0 
 151 1362622440     573360 0 2 40.0 50.0 
 150 1362622440     583354 0 2 40.0 50.0 
 151 1362622440     593363 0 2 40.0 50.0 
 151 1362622440     603379 0 2 40.0 50.0 
 151 1362622440     613373 0 2 40.0 50.0 
 151 1362622440     623426 0 2 40.0 50.0 
 151 1362622440     633422 0 2 40.0 50.0 
 151 1362622440     643425 0 2 40.0 50.0 
 150 1362622440     653431 0 2 40.0 50.0 
 151 1362622440     663420 0 2 40.0 50.0 
 151 1362622440     673417 0 2 40.0 50.0 
 151 1362622440     683437 0 2 40.0 50.0 
 151 1362622440     693441 0 2 40.0 50.0 
 150 1362622440     703450 0 2 40.0 50.0 
 151 1362622440     713444 0 2 40.0 50.0 
 150 1362622440     723431 0 2 40.0 50.0 
 151 1362622440     733451 0 2 40.0 50.0 
 150 1362622440     743452 0 2 40.0 50.0 
 150 1362622440     753467 0 2 40.0 50.0 
 151 1362622440     763474 0 2 40.0 50.0 
 150 1362622440     773474 0 2 40.0 50.0 
 151 1362622440     783488 0 2 40.0 50.0 
 150 1362622440     793505 0 2 40.0 50.0 
 151 1362622440     803530 0 2 40.0 50.0 
 150 1362622440     813528 0 2 40.0 50.0 
 151 1362622440     823509 0 2 40.0 50.0 
 151 1362622440     833507 0 2 40.0 50.0 
 150 1362622440     843534 0 2 40.0 50.0 
 150 1362622440     853540 0 2 40.0 50.0 
 150 1362622440     863524 0 2 40.0 50.0 
 150 1362622440     873587 0 2 40.0 50.0 
 150 1362622440     883588 0 2 40.0 50.0 
 150 1362622440     893589 0 2 40.0 50.0 
 150 1362622440     903587 0 2 40.0 50.0 
 150 1362622440     913584 0 2 40.0 50.0 
 150 1362622440     923564 0 2 40.0 50.0 
 150 1362622440     933634 0 2 40.0 50.0 
 150 1362622440     943575 0 2 40.0 50.0 
 150 1362622440     953647 0 2 40.0 50.0 
 150 1362622440     963649 0 2 40.0 50.0 
 150 1362622440     973651 0 2 40.0 50.0 
 150 1362622440     983639 0 2 40.0 50.0 
 150 1362622440     993643 0 2 40.0 50.0 
 150 1362622441       3667 0 2 40.0 50.0 
 150 1362622441      13630 0 2 40.0 50.0 
 150 1362622441      23656 0 2 40.0 50.0 
 150 1362622441      33673 0 2 40.0 50.0 
 150 1362622441      43702 0 2 40.0 50.0 
 151 1362622441      53657 0 2 40.0 50.0 
 150 1362622441      63673 0 2 40.0 50.0 
 150 1362622441      73699 0 2 40.0 50.0 
 150 1362622441      83712 0 2 40.0 50.0 
 150 1362622441      93746 0 2 40.0 50.0 
 151 1362622441     103700 0 2 40.0 50.0 
 150 1362622441     113704 0 2 40.0 50.0 
 150 1362622441     123746 0 2 40.0 50.0 
 150 1362622441     133729 0 2 40.0 50.0 
 150 1362622441     143769 0 2 40.0 50.0 
 151 1362622441     153748 0 2 40.0 50.0 
 151 1362622441     163733 0 2 40.0 50.0 
 150 1362622441     173768 0 2 40.0 50.0 
 150 1362622441     183737 0 2 40.0 50.0 
 150 1362622441     193794 0 2 40.0 50.0 
 150 1362622441     203781 0 2 40.0 50.0 
 150 1362622441     213789 0 2 40.0 50.0 
 151 1362622441     223776 0 2 40.0 50.0 
 150 1362622441     233768 0 2 40.0 50.0 
 150 1362622441     243829 0 2 40.0 50.0 
 150 1362622441     253837 0 2 40.0 50.0 
 151 1362622441     263854 0 2 40.0 50.0 
 150 1362622441     273847 0 2 40.0 50.0 
 151 1362622441     283801 0 2 40.0 50.0 
 150 1362622441     293823 0 2 40.0 50.0 
 151 1362622441     303837 0 2 40.0 50.0 
 150 1362622441     313849 0 2 40.0 50.0 
 150 1362622441     323844 0 2 40.0 50.0 
 151 1362622441     333838 0 2 40.0 50.0 
 150 1362622441     343860 0 2 40.0 50.0 
 151 1362622441     353876 0 2 40.0 50.0 
 150 1362622441     363866 0 2 40.0 50.0 
 151 1362622441     373920 0 2 40.0 50.0 
 150 1362622441     383871 0 2 40.0 50.0 
 150 1362622441     393879 0 2 40.0 50.0 
 150 1362622441     403895 0 2 40.0 50.0 
 150 1362622441     413906 0 2 40.0 50.0 
 151 1362622441     423948 0 2 40.0 50.0 
 150 1362622441     433966 0 2 40.0 50.0 
 151 1362622441     443978 0 2 40.0 50.0 
 151 1362622441     453977 0 2 40.0 50.0 
 151 1362622441     463978 0 2 40.0 50.0 
 151 1362622441     473976 0 2 40.0 50.0 
 151 1362622441     483970 0 2 40.0 50.0 
 151 1362622441     493973 0 2 40.0 50.0 
 151 1362622441     503982 0 2 40.0 50.0 
 151 1362622441     513992 0 2 40.0 50.0 
 151 1362622441     524013 0 2 40.0 50.0 
 150 1362622441     534019 0 2 40.0 50.0 
 151 1362622441     543999 0 2 40.0 50.0 
 150 1362622441     554025 0 2 40.0 50.0 
 151 1362622441     564014 0 2 40.0 50.0 
 150 1362622441     574061 0 2 40.0 50.0 
 151 1362622441     584016 0 2 40.0 50.0 
 150 1362622441     594020 0 2 40.0 50.0 
 151 1362622441     604027 0 2 40.0 50.0 
 151 1362622441     614042 0 2 40.0 50.0 
 151 1362622441     624031 0 2 40.0 50.0 
 151 1362622441     634093 0 2 40.0 50.0 
 151 1362622441     644071 0 2 40.0 50.0 
 151 1362622441     654068 0 2 40.0 50.0 
 151 1362622441     664089 0 2 40.0 50.0 
 151 1362622441     674065 0 2 40.0 50.0 
 151 1362622441     684070 0 2 40.0 50.0 
 150 1362622441     694131 0 2 40.0 50.0 
 151 1362622441     704077 0 2 40.0 50.0 
 151 1362622441     714093 0 2 40.0 50.0 
 151 1362622441     724160 0 2 40.0 50.0 
 150 1362622441     734111 0 2 40.0 50.0 
 150 1362622441     744112 0 2 40.0 50.0 
 151 1362622441     754126 0 2 40.0 50.0 
 150 1362622441     764138 0 2 40.0 50.0 
 150 1362622441     774191 0 2 40.0 50.0 
 150 1362622441     784140 0 2 40.0 50.0 
 150 1362622441     794153 0 2 40.0 50.0 
 150 1362622441     804188 0 2 40.0 50.0 
 150 1362622441     814203 0 2 40.0 50.0 
 150 1362622441     824191 0 2 40.0 50.0 
 150 1362622441     834197 0 2 40.0 50.0 
 151 1362622441     844190 0 2 40.0 50.0 
 150 1362622441     854210 0 2 40.0 50.0 
 150 1362622441     864223 0 2 40.0 50.0 
 150 1362622441     874214 0 2 40.0 50.0 
 151 1362622441     884207 0 2 40.0 50.0 
 150 1362622441     894210 0 2 40.0 50.0 
 150 1362622441     904223 0 2 40.0 50.0 
 150 1362622441     914240 0 2 40.0 50.0 
 150 1362622441     924293 0 2 40.0 50.0 
 150 1362622441     934279 0 2 40.0 50.0 
 150 1362622441     944283 0 2 40.0 50.0 
 151 1362622441     954308 0 2 40.0 50.0 
 150 1362622441     964316 0 2 40.0 50.0 
 150 1362622441     974318 0 2 40.0 50.0 
 151 1362622441     984322 0 2 40.0 50.0 
 150 1362622441     994332 0 2 40.0 50.0 
 151 1362622442       4335 0 2 40.0 50.0 
 150 1362622442      14340 0 2 40.0 50.0 
 151 1362622442      24332 0 2 40.0 50.0 
 150 1362622442      34346 0 2 40.0 50.0 
 150 1362622442      44303 0 2 40.0 50.0 
 150 1362622442      54316 0 2 40.0 50.0 
 151 1362622442      64331 0 2 40.0 50.0 
 150 1362622442      74338 0 2 40.0 50.0 
 150 1362622442      84358 0 2 40.0 50.0 
 150 1362622442      94377 0 2 40.0 50.0 
 150 1362622442     104393 0 2 40.0 50.0 
 150 1362622442     114397 0 2 40.0 50.0 
 150 1362622442     124386 0 2 40.0 50.0 
 150 1362622442     134384 0 2 40.0 50.0 
 150 1362622442     144388 0 2 40.0 50.0 
 150 1362622442     154403 0 2 40.0 50.0 
 151 1362622442     164422 0 2 40.0 50.0 
 150 1362622442     174419 0 2 40.0 50.0 
 150 1362622442     184413 0 2 40.0 50.0 
 150 1362622442     194421 0 2 40.0 50.0 
 150 1362622442     204434 0 2 40.0 50.0 
 150 1362622442     214417 0 2 40.0 50.0 
 150 1362622442     224468 0 2 40.0 50.0 
 150 1362622442     234477 0 2 40.0 50.0 
 150 1362622442     244483 0 2 40.0 50.0 
 150 1362622442     254484 0 2 40.0 50.0 
 150 1362622442     264490 0 2 40.0 50.0 
 150 1362622442     274476 0 2 40.0 50.0 
 150 1362622442     284474 0 2 40.0 50.0 
 150 1362622442     294513 0 2 40.0 50.0 
 150 1362622442     304526 0 2 40.0 50.0 
 150 1362622442     314478 0 2 40.0 50.0 
 150 1362622442     324537 0 2 40.0 50.0 
 150 1362622442     334484 0 2 40.0 50.0 
 150 1362622442     344498 0 2 40.0 50.0 
 150 1362622442     354553 0 2 40.0 50.0 
 150 1362622442     364504 0 2 40.0 50.0 
 150 1362622442     374564 0 2 40.0 50.0 
 150 1362622442     384554 0 2 40.0 50.0 
 151 1362622442     394579 0 2 40.0 50.0 
 150 1362622442     404555 0 2 40.0 50.0 
 150 1362622442     414545 0 2 40.0 50.0 
 150 1362622442     424550 0 2 40.0 50.0 
 151 1362622442     434597 0 2 40.0 50.0 
 151 1362622442     444577 0 2 40.0 50.0 
 151 1362622442     454575 0 2 40.0 50.0 
 151 1362622442     464608 0 2 40.0 50.0 
 151 1362622442     474636 0 2 40.0 50.0 
 151 1362622442     484641 0 2 40.0 50.0 
 151 1362622442     494618 0 2 40.0 50.0 
 151 1362622442     504622 0 2 40.0 50.0 
 151 1362622442     514627 0 2 40.0 50.0 
 151 1362622442     524617 0 2 40.0 50.0 
 151 1362622442     534664 0 2 40.0 50.0 
 151 1362622442     544655 0 2 40.0 50.0 
 151 1362622442     554660 0 2 40.0 50.0 
 150 1362622442     564650 0 2 40.0 50.0 
 151 1362622442     574677 0 2 40.0 50.0 
 151 1362622442     584672 0 2 40.0 50.0 
 151 1362622442     594657 0 2 40.0 50.0 
 151 1362622442     604720 0 2 40.0 50.0 
 151 1362622442     614725 0 2 40.0 50.0 
 151 1362622442     624702 0 2 40.0 50.0 
 151 1362622442     634711 0 2 40.0 50.0 
 151 1362622442     644700 0 2 40.0 50.0 
 151 1362622442     654735 0 2 40.0 50.0 
 151 1362622442     664737 0 2 40.0 50.0 
 151 1362622442     674755 0 2 40.0 50.0 
 151 1362622442     684771 0 2 40.0 50.0 
 151 1362622442     694721 0 2 40.0 50.0 
 151 1362622442     704768 0 2 40.0 50.0 
 151 1362622442     714744 0 2 40.0 50.0 
 151 1362622442     724796 0 2 40.0 50.0 
 151 1362622442     734779 0 2 40.0 50.0 
 151 1362622442     744770 0 2 40.0 50.0 
 151 1362622442     754785 0 2 40.0 50.0 
 151 1362622442     764796 0 2 40.0 50.0 
 151 1362622442     774823 0 2 40.0 50.0 
 151 1362622442     784832 0 2 40.0 50.0 
 150 1362622442     794784 0 2 40.0 50.0 
 151 1362622442     804791 0 2 40.0 50.0 
 150 1362622442     814799 0 2 40.0 50.0 
 151 1362622442     824841 0 2 40.0 50.0 
 150 1362622442     834843 0 2 40.0 50.0 
 150 1362622442     844832 0 2 40.0 50.0 
 150 1362622442     854857 0 2 40.0 50.0 
 150 1362622442     864843 0 2 40.0 50.0 
 150 1362622442     874862 0 2 40.0 50.0 
 150 1362622442     884885 0 2 40.0 50.0 
 150 1362622442     894876 0 2 40.0 50.0 
 151 1362622442     904894 0 2 40.0 50.0 
 150 1362622442     914865 0 2 40.0 50.0 
 150 1362622442     924890 0 2 40.0 50.0 
 150 1362622442     934922 0 2 40.0 50.0 
 150 1362622442     944930 0 2 40.0 50.0 
 150 1362622442     954930 0 2 40.0 50.0 
 150 1362622442     964939 0 2 40.0 50.0 
 150 1362622442     974932 0 2 40.0 50.0 
 150 1362622442     984942 0 2 40.0 50.0 
 150 1362622442     994943 0 2 40.0 50.0 
 150 1362622443       4970 0 2 40.0 50.0 
 151 1362622443      14974 0 2 40.0 50.0 
 150 1362622443      24952 0 2 40.0 50.0 
 151 1362622443      35004 0 2 40.0 50.0 
 150 1362622443      44973 0 2 40.0 50.0 
 151 1362622443      54993 0 2 40.0 50.0 
 151 1362622443      65020 0 2 40.0 50.0 
 151 1362622443      74983 0 2 40.0 50.0 
 151 1362622443      84987 0 2 40.0 50.0 
 150 1362622443      95004 0 2 40.0 50.0 
 151 1362622443     105031 0 2 40.0 50.0 
 150 1362622443     115048 0 2 40.0 50.0 
 151 1362622443     125064 0 2 40.0 50.0 
 151 1362622443     135018 0 2 40.0 50.0 
 151 1362622443     145072 0 2 40.0 50.0 
 151 1362622443     155059 0 2 40.0 50.0 
 150 1362622443     165080 0 2 40.0 50.0 
 151 1362622443     175070 0 2 40.0 50.0 
 150 1362622443     185045 0 2 40.0 50.0 
 151 1362622443     195064 0 2 40.0 50.0 
 150 1362622443     205076 0 2 40.0 50.0 
 150 1362622443     215099 0 2 40.0 50.0 
 151 1362622443     225096 0 2 40.0 50.0 
 150 1362622443     235121 0 2 40.0 50.0 
 150 1362622443     245094 0 2 40.0 50.0 
 150 1362622443     255095 0 2 40.0 50.0 
 151 1362622443     265100 0 2 40.0 50.0 
 150 1362622443     275154 0 2 40.0 50.0 
 150 1362622443     285155 0 2 40.0 50.0 
 150 1362622443     295158 0 2 40.0 50.0 
 150 1362622443     305154 0 2 40.0 50.0 
 150 1362622443     315159 0 2 40.0 50.0 
 150 1362622443     325154 0 2 40.0 50.0 
 151 1362622443     335147 0 2 40.0 50.0 
 150 1362622443     345159 0 2 40.0 50.0 
 150 1362622443     355214 0 2 40.0 50.0 
 150 1362622443     365166 0 2 40.0 50.0 
 151 1362622443     375197 0 2 40.0 50.0 
 150 1362622443     385228 0 2 40.0 50.0 
 150 1362622443     395214 0 2 40.0 50.0 
 151 1362622443     405198 0 2 40.0 50.0 
 150 1362622443     415209 0 2 40.0 50.0 
 151 1362622443     425235 0 2 40.0 50.0 
 150 1362622443     435222 0 2 40.0 50.0 
 151 1362622443     445230 0 2 40.0 50.0 
 151 1362622443     455245 0 2 40.0 50.0 
 151 1362622443     465236 0 2 40.0 50.0 
 151 1362622443     475235 0 2 40.0 50.0 
 151 1362622443     485252 0 2 40.0 50.0 
 151 1362622443     495258 0 2 40.0 50.0 
 151 1362622443     505280 0 2 40.0 50.0 
 151 1362622443     515322 0 2 40.0 50.0 
 151 1362622443     525276 0 2 40.0 50.0 
 151 1362622443     535301 0 2 40.0 50.0 
 151 1362622443     545316 0 2 40.0 50.0 
 151 1362622443     555337 0 2 40.0 50.0 
 151 1362622443     565346 0 2 40.0 50.0 
 150 1362622443     575304 0 2 40.0 50.0 
 151 1362622443     585316 0 2 40.0 50.0 
 151 1362622443     595331 0 2 40.0 50.0 
 151 1362622443     605380 0 2 40.0 50.0 
 151 1362622443     615389 0 2 40.0 50.0 
 150 1362622443     625369 0 2 40.0 50.0 
 151 1362622443     635342 0 2 40.0 50.0 
 150 1362622443     645404 0 2 40.0 50.0 
 151 1362622443     655404 0 2 40.0 50.0 
 150 1362622443     665412 0 2 40.0 50.0 
 150 1362622443     675428 0 2 40.0 50.0 
 151 1362622443     685408 0 2 40.0 50.0 
 150 1362622443     695410 0 2 40.0 50.0 
 150 1362622443     705408 0 2 40.0 50.0 
 151 1362622443     715450 0 2 40.0 50.0 
 151 1362622443     725412 0 2 40.0 50.0 
 150 1362622443     735462 0 2 40.0 50.0 
 150 1362622443     745443 0 2 40.0 50.0 
 150 1362622443     755473 0 2 40.0 50.0 
 150 1362622443     765486 0 2 40.0 50.0 
 150 1362622443     775481 0 2 40.0 50.0 
 150 1362622443     785463 0 2 40.0 50.0 
 150 1362622443     795482 0 2 40.0 50.0 
 150 1362622443     805485 0 2 40.0 50.0 
 151 1362622443     815476 0 2 40.0 50.0 
 150 1362622443     825478 0 2 40.0 50.0 
 150 1362622443     835507 0 2 40.0 50.0 
 150 1362622443     845482 0 2 40.0 50.0 
 150 1362622443     855535 0 2 40.0 50.0 
 150 1362622443     865495 0 2 40.0 50.0 
 150 1362622443     875551 0 2 40.0 50.0 
 150 1362622443     885555 0 2 40.0 50.0 
 150 1362622443     895528 0 2 40.0 50.0 
 150 1362622443     905558 0 2 40.0 50.0 
 150 1362622443     915580 0 2 40.0 50.0 
 150 1362622443     925552 0 2 40.0 50.0 
 150 1362622443     935583 0 2 40.0 50.0 
 150 1362622443     945586 0 2 40.0 50.0 
 150 1362622443     955568 0 2 40.0 50.0 
 150 1362622443     965617 0 2 40.0 50.0 
 151 1362622443     975619 0 2 40.0 50.0 
 150 1362622443     985626 0 2 40.0 50.0 
 151 1362622443     995635 0 2 40.0 50.0 
 150 1362622444       5647 0 2 40.0 50.0 
 150 1362622444      15599 0 2 40.0 50.0 
 150 1362622444      25637 0 2 40.0 50.0 
 150 1362622444      35654 0 2 40.0 50.0 
 150 1362622444      45656 0 2 40.0 50.0 
 150 1362622444      55652 0 2 40.0 50.0 
 150 1362622444      65648 0 2 40.0 50.0 
 150 1362622444      75642 0 2 40.0 50.0 
 150 1362622444      85640 0 2 40.0 50.0 
 150 1362622444      95649 0 2 40.0 50.0 
 150 1362622444     105654 0 2 40.0 50.0 
 150 1362622444     115662 0 2 40.0 50.0 
 150 1362622444     125665 0 2 40.0 50.0 
 150 1362622444     135712 0 2 40.0 50.0 
 150 1362622444     145731 0 2 40.0 50.0 
 150 1362622444     155733 0 2 40.0 50.0 
 150 1362622444     165710 0 2 40.0 50.0 
 150 1362622444     175740 0 2 40.0 50.0 
 150 1362622444     185708 0 2 40.0 50.0 
 150 1362622444     195728 0 2 40.0 50.0 
 151 1362622444     205755 0 2 40.0 50.0 
 150 1362622444     215747 0 2 40.0 50.0 
 150 1362622444     225745 0 2 40.0 50.0 
 150 1362622444     235755 0 2 40.0 50.0 
 150 1362622444     245776 0 2 40.0 50.0 
 150 1362622444     255808 0 2 40.0 50.0 
 150 1362622444     265789 0 2 40.0 50.0 
 150 1362622444     275777 0 2 40.0 50.0 
 150 1362622444     285810 0 2 40.0 50.0 
 150 1362622444     295801 0 2 40.0 50.0 
 150 1362622444     305830 0 2 40.0 50.0 
 150 1362622444     315807 0 2 40.0 50.0 
 150 1362622444     325824 0 2 40.0 50.0 
 150 1362622444     335834 0 2 40.0 50.0 
 150 1362622444     345842 0 2 40.0 50.0 
 150 1362622444     355863 0 2 40.0 50.0 
 150 1362622444     365879 0 2 40.0 50.0 
 150 1362622444     375862 0 2 40.0 50.0 
 150 1362622444     385898 0 2 40.0 50.0 
 150 1362622444     395892 0 2 40.0 50.0 
 151 1362622444     405909 0 2 40.0 50.0 
 150 1362622444     415860 0 2 40.0 50.0 
 150 1362622444     425909 0 2 40.0 50.0 
 150 1362622444     435889 0 2 40.0 50.0 
 150 1362622444     445910 0 2 40.0 50.0 
 150 1362622444     455925 0 2 40.0 50.0 
 150 1362622444     465895 0 2 40.0 50.0 
 151 1362622444     475898 0 2 40.0 50.0 
 151 1362622444     485920 0 2 40.0 50.0 
 150 1362622444     495921 0 2 40.0 50.0 
 151 1362622444     505963 0 2 40.0 50.0 
 150 1362622444     515927 0 2 40.0 50.0 
 151 1362622444     525972 0 2 40.0 50.0 
 150 1362622444     535993 0 2 40.0 50.0 
 151 1362622444     545988 0 2 40.0 50.0 
 150 1362622444     556006 0 2 40.0 50.0 
 151 1362622444     566006 0 2 40.0 50.0 
 151 1362622444     575972 0 2 40.0 50.0 
 151 1362622444     585984 0 2 40.0 50.0 
 151 1362622444     596006 0 2 40.0 50.0 
 151 1362622444     606017 0 2 40.0 50.0 
 151 1362622444     616031 0 2 40.0 50.0 
 150 1362622444     626051 0 2 40.0 50.0 
 151 1362622444     636025 0 2 40.0 50.0 
 150 1362622444     646041 0 2 40.0 50.0 
 151 1362622444     656038 0 2 40.0 50.0 
 151 1362622444     666062 0 2 40.0 50.0 
 151 1362622444     676063 0 2 40.0 50.0 
 151 1362622444     686059 0 2 40.0 50.0 
 151 1362622444     696063 0 2 40.0 50.0 
 151 1362622444     706059 0 2 40.0 50.0 
 150 1362622444     716064 0 2 40.0 50.0 
 151 1362622444     726110 0 2 40.0 50.0 
 150 1362622444     736075 0 2 40.0 50.0 
 150 1362622444     746082 0 2 40.0 50.0 
 150 1362622444     756087 0 2 40.0 50.0 
 150 1362622444     766089 0 2 40.0 50.0 
 150 1362622444     776152 0 2 40.0 50.0 
 150 1362622444     786147 0 2 40.0 50.0 
 151 1362622444     796123 0 2 40.0 50.0 
 150 1362622444     806142 0 2 40.0 50.0 
 150 1362622444     816174 0 2 40.0 50.0 
 150 1362622444     826146 0 2 40.0 50.0 
 149 1362622444     836164 0 2 40.0 50.0 
 151 1362622444     846169 0 2 40.0 50.0 
 150 1362622444     856205 0 2 40.0 50.0 
 150 1362622444     866192 0 2 40.0 50.0 
 149 1362622444     876193 0 2 40.0 50.0 
 151 1362622444     886183 0 2 40.0 50.0 
 150 1362622444     896224 0 2 40.0 50.0 
 150 1362622444     906193 0 2 40.0 50.0 
 150 1362622444     916228 0 2 40.0 50.0 
 150 1362622444     926245 0 2 40.0 50.0 
 150 1362622444     936232 0 2 40.0 50.0 
 150 1362622444     946249 0 2 40.0 50.0 
 150 1362622444     956260 0 2 40.0 50.0 
 150 1362622444     966276 0 2 40.0 50.0 
 150 1362622444     976227 0 2 40.0 50.0 
 150 1362622444     986250 0 2 40.0 50.0 
 150 1362622444     996277 0 2 40.0 50.0 
 150 1362622445       6287 0 2 40.0 50.0 
 150 1362622445      16295 0 2 40.0 50.0 
 150 1362622445      26261 0 2 40.0 50.0 
 150 1362622445      36279 0 2 40.0 50.0 
 150 1362622445      46330 0 2 40.0 50.0 
 150 1362622445      56310 0 2 40.0 50.0 
 150 1362622445      66344 0 2 40.0 50.0 
 150 1362622445      76338 0 2 40.0 50.0 
 150 1362622445      86323 0 2 40.0 50.0 
 150 1362622445      96316 0 2 40.0 50.0 
 150 1362622445     106339 0 2 40.0 50.0 
 150 1362622445     116362 0 2 40.0 50.0 
 150 1362622445     126380 0 2 40.0 50.0 
 150 1362622445     136391 0 2 40.0 50.0 
 150 1362622445     146368 0 2 40.0 50.0 
 150 1362622445     156360 0 2 40.0 50.0 
 150 1362622445     166387 0 2 40.0 50.0 
 150 1362622445     176411 0 2 40.0 50.0 
 150 1362622445     186392 0 2 40.0 50.0 
 150 1362622445     196435 0 2 40.0 50.0 
 150 1362622445     206422 0 2 40.0 50.0 
 150 1362622445     216447 0 2 40.0 50.0 
 150 1362622445     226413 0 2 40.0 50.0 
 150 1362622445     236418 0 2 40.0 50.0 
 150 1362622445     246407 0 2 40.0 50.0 
 150 1362622445     256471 0 2 40.0 50.0 
 150 1362622445     266433 0 2 40.0 50.0 
 150 1362622445     276480 0 2 40.0 50.0 
 150 1362622445     286446 0 2 40.0 50.0 
 151 1362622445     296445 0 2 40.0 50.0 
 150 1362622445     306463 0 2 40.0 50.0 
 151 1362622445     316470 0 2 40.0 50.0 
 150 1362622445     326516 0 2 40.0 50.0 
 150 1362622445     336522 0 2 40.0 50.0 
 151 1362622445     346520 0 2 40.0 50.0 
 150 1362622445     356488 0 2 40.0 50.0 
 151 1362622445     366530 0 2 40.0 50.0 
 150 1362622445     376526 0 2 40.0 50.0 
 151 1362622445     386528 0 2 40.0 50.0 
 150 1362622445     396559 0 2 40.0 50.0 
 151 1362622445     406547 0 2 40.0 50.0 
 151 1362622445     416556 0 2 40.0 50.0 
 150 1362622445     426571 0 2 40.0 50.0 
 151 1362622445     436589 0 2 40.0 50.0 
 150 1362622445     446575 0 2 40.0 50.0 
 151 1362622445     456552 0 2 40.0 50.0 
 150 1362622445     466611 0 2 40.0 50.0 
 151 1362622445     476616 0 2 40.0 50.0 
 151 1362622445     486616 0 2 40.0 50.0 
 151 1362622445     496630 0 2 40.0 50.0 
 151 1362622445     506593 0 2 40.0 50.0 
 150 1362622445     516636 0 2 40.0 50.0 
 151 1362622445     526622 0 2 40.0 50.0 
 150 1362622445     536610 0 2 40.0 50.0 
 151 1362622445     546661 0 2 40.0 50.0 
 150 1362622445     556661 0 2 40.0 50.0 
 151 1362622445     566672 0 2 40.0 50.0 
 150 1362622445     576671 0 2 40.0 50.0 
 151 1362622445     586690 0 2 40.0 50.0 
 151 1362622445     596672 0 2 40.0 50.0 
 151 1362622445     606652 0 2 40.0 50.0 
 151 1362622445     616680 0 2 40.0 50.0 
 150 1362622445     626677 0 2 40.0 50.0 
 151 1362622445     636676 0 2 40.0 50.0 
 150 1362622445     646675 0 2 40.0 50.0 
 151 1362622445     656697 0 2 40.0 50.0 
 150 1362622445     666732 0 2 40.0 50.0 
 150 1362622445     676718 0 2 40.0 50.0 
 150 1362622445     686722 0 2 40.0 50.0 
 150 1362622445     696725 0 2 40.0 50.0 
 151 1362622445     706715 0 2 40.0 50.0 
 150 1362622445     716741 0 2 40.0 50.0 
 151 1362622445     726763 0 2 40.0 50.0 
 151 1362622445     736746 0 2 40.0 50.0 
 150 1362622445     746773 0 2 40.0 50.0 
 151 1362622445     756789 0 2 40.0 50.0 
 150 1362622445     766750 0 2 40.0 50.0 
 150 1362622445     776785 0 2 40.0 50.0 
 150 1362622445     786792 0 2 40.0 50.0 
 151 1362622445     796773 0 2 40.0 50.0 
 150 1362622445     806820 0 2 40.0 50.0 
 151 1362622445     816831 0 2 40.0 50.0 
 150 1362622445     826828 0 2 40.0 50.0 
 151 1362622445     836842 0 2 40.0 50.0 
 150 1362622445     846828 0 2 40.0 50.0 
 150 1362622445     856823 0 2 40.0 50.0 
 150 1362622445     866817 0 2 40.0 50.0 
 150 1362622445     876863 0 2 40.0 50.0 
 150 1362622445     886878 0 2 40.0 50.0 
 150 1362622445     896887 0 2 40.0 50.0 
 150 1362622445     906884 0 2 40.0 50.0 
 151 1362622445     916854 0 2 40.0 50.0 
 150 1362622445     926916 0 2 40.0 50.0 
 151 1362622445     936874 0 2 40.0 50.0 
 150 1362622445     946917 0 2 40.0 50.0 
 150 1362622445     956908 0 2 40.0 50.0 
 150 1362622445     966891 0 2 40.0 50.0 
 151 1362622445     976905 0 2 40.0 50.0 
 150 1362622445     986937 0 2 40.0 50.0 
 151 1362622445     996902 0 2 40.0 50.0 
 150 1362622446       6932 0 2 40.0 50.0 
 150 1362622446      16916 0 2 40.0 50.0 
 150 1362622446      26942 0 2 40.0 50.0 
 150 1362622446      36951 0 2 40.0 50.0 
 151 1362622446      46972 0 2 40.0 50.0 
 150 1362622446      56964 0 2 40.0 50.0 
 151 1362622446      66983 0 2 40.0 50.0 
 150 1362622446      76981 0 2 40.0 50.0 
 150 1362622446      86997 0 2 40.0 50.0 
 150 1362622446      97017 0 2 40.0 50.0 
 150 1362622446     107013 0 2 40.0 50.0 
 150 1362622446     117028 0 2 40.0 50.0 
 150 1362622446     126985 0 2 40.0 50.0 
 150 1362622446     137049 0 2 40.0 50.0 
 150 1362622446     147041 0 2 40.0 50.0 
 150 1362622446     157039 0 2 40.0 50.0 
 150 1362622446     167040 0 2 40.0 50.0 
 150 1362622446     177079 0 2 40.0 50.0 
 150 1362622446     187031 0 2 40.0 50.0 
 150 1362622446     197055 0 2 40.0 50.0 
 151 1362622446     207079 0 2 40.0 50.0 
 150 1362622446     217071 0 2 40.0 50.0 
 151 1362622446     227055 0 2 40.0 50.0 
 150 1362622446     237084 0 2 40.0 50.0 
 151 1362622446     247117 0 2 40.0 50.0 
 150 1362622446     257117 0 2 40.0 50.0 
 150 1362622446     267129 0 2 40.0 50.0 
 150 1362622446     277140 0 2 40.0 50.0 
 150 1362622446     287146 0 2 40.0 50.0 
 150 1362622446     297125 0 2 40.0 50.0 
 150 1362622446     307163 0 2 40.0 50.0 
 151 1362622446     317165 0 2 40.0 50.0 
 150 1362622446     327128 0 2 40.0 50.0 
 151 1362622446     337132 0 2 40.0 50.0 
 150 1362622446     347190 0 2 40.0 50.0 
 150 1362622446     357184 0 2 40.0 50.0 
 151 1362622446     367147 0 2 40.0 50.0 
 151 1362622446     377192 0 2 40.0 50.0 
 150 1362622446     387190 0 2 40.0 50.0 
 150 1362622446     397179 0 2 40.0 50.0 
 151 1362622446     407234 0 2 40.0 50.0 
 150 1362622446     417214 0 2 40.0 50.0 
 151 1362622446     427192 0 2 40.0 50.0 
 151 1362622446     437203 0 2 40.0 50.0 
 151 1362622446     447213 0 2 40.0 50.0 
 151 1362622446     457261 0 2 40.0 50.0 
 151 1362622446     467272 0 2 40.0 50.0 
 151 1362622446     477249 0 2 40.0 50.0 
 151 1362622446     487262 0 2 40.0 50.0 
 151 1362622446     497270 0 2 40.0 50.0 
 150 1362622446     507294 0 2 40.0 50.0 
 151 1362622446     517303 0 2 40.0 50.0 
 150 1362622446     527265 0 2 40.0 50.0 
 151 1362622446     537277 0 2 40.0 50.0 
 150 1362622446     547294 0 2 40.0 50.0 
 150 1362622446     557291 0 2 40.0 50.0 
 150 1362622446     567336 0 2 40.0 50.0 
 150 1362622446     577308 0 2 40.0 50.0 
 150 1362622446     587323 0 2 40.0 50.0 
 150 1362622446     597354 0 2 40.0 50.0 
 150 1362622446     607315 0 2 40.0 50.0 
 150 1362622446     617315 0 2 40.0 50.0 
 150 1362622446     627366 0 2 40.0 50.0 
 150 1362622446     637352 0 2 40.0 50.0 
 150 1362622446     647365 0 2 40.0 50.0 
 150 1362622446     657364 0 2 40.0 50.0 
 150 1362622446     667392 0 2 40.0 50.0 
 151 1362622446     677348 0 2 40.0 50.0 
 150 1362622446     687417 0 2 40.0 50.0 
 151 1362622446     697369 0 2 40.0 50.0 
 150 1362622446     707407 0 2 40.0 50.0 
 151 1362622446     717426 0 2 40.0 50.0 
 151 1362622446     727398 0 2 40.0 50.0 
 151 1362622446     737426 0 2 40.0 50.0 
 151 1362622446     747414 0 2 40.0 50.0 
 151 1362622446     757402 0 2 40.0 50.0 
 151 1362622446     767410 0 2 40.0 50.0 
 150 1362622446     777466 0 2 40.0 50.0 
 151 1362622446     787422 0 2 40.0 50.0 
 150 1362622446     797454 0 2 40.0 50.0 
 150 1362622446     807460 0 2 40.0 50.0 
 150 1362622446     817492 0 2 40.0 50.0 
 150 1362622446     827491 0 2 40.0 50.0 
 150 1362622446     837465 0 2 40.0 50.0 
 150 1362622446     847478 0 2 40.0 50.0 
 150 1362622446     857516 0 2 40.0 50.0 
 150 1362622446     867524 0 2 40.0 50.0 
 150 1362622446     877488 0 2 40.0 50.0 
 150 1362622446     887507 0 2 40.0 50.0 
 150 1362622446     897534 0 2 40.0 50.0 
 150 1362622446     907540 0 2 40.0 50.0 
 150 1362622446     917547 0 2 40.0 50.0 
 150 1362622446     927560 0 2 40.0 50.0 
 150 1362622446     937563 0 2 40.0 50.0 
 151 1362622446     947560 0 2 40.0 50.0 
 150 1362622446     957544 0 2 40.0 50.0 
 151 1362622446     967589 0 2 40.0 50.0 
 150 1362622446     977593 0 2 40.0 50.0 
 151 1362622446     987567 0 2 40.0 50.0 
 151 1362622446     997627 0 2 40.0 50.0 
 151 1362622447       7604 0 2 40.0 50.0 
 151 1362622447      17586 0 2 40.0 50.0 
 151 1362622447      27593 0 2 40.0 50.0 
 151 1362622447      37609 0 2 40.0 50.0 
 151 1362622447      47607 0 2 40.0 50.0 
 151 1362622447      57649 0 2 40.0 50.0 
 150 1362622447      67612 0 2 40.0 50.0 
 150 1362622447      77635 0 2 40.0 50.0 
 150 1362622447      87638 0 2 40.0 50.0 
 150 1362622447      97626 0 2 40.0 50.0 
 150 1362622447     107646 0 2 40.0 50.0 
 150 1362622447     117676 0 2 40.0 50.0 
 151 1362622447     127686 0 2 40.0 50.0 
 150 1362622447     137684 0 2 40.0 50.0 
 151 1362622447     147703 0 2 40.0 50.0 
 150 1362622447     157716 0 2 40.0 50.0 
 151 1362622447     167724 0 2 40.0 50.0 
 151 1362622447     177702 0 2 40.0 50.0 
 151 1362622447     187727 0 2 40.0 50.0 
 150 1362622447     197750 0 2 40.0 50.0 
 151 1362622447     207737 0 2 40.0 50.0 
 151 1362622447     217741 0 2 40.0 50.0 
 151 1362622447     227750 0 2 40.0 50.0 
 151 1362622447     237742 0 2 40.0 50.0 
 150 1362622447     247782 0 2 40.0 50.0 
 151 1362622447     257764 0 2 40.0 50.0 
 150 1362622447     267770 0 2 40.0 50.0 
 150 1362622447     277795 0 2 40.0 50.0 
 150 1362622447     287777 0 2 40.0 50.0 
 150 1362622447     297796 0 2 40.0 50.0 
 151 1362622447     307812 0 2 40.0 50.0 
 150 1362622447     317799 0 2 40.0 50.0 
 151 1362622447     327835 0 2 40.0 50.0 
 150 1362622447     337835 0 2 40.0 50.0 
 150 1362622447     347834 0 2 40.0 50.0 
 150 1362622447     357850 0 2 40.0 50.0 
 150 1362622447     367857 0 2 40.0 50.0 
 150 1362622447     377853 0 2 40.0 50.0 
 150 1362622447     387823 0 2 40.0 50.0 
 151 1362622447     397841 0 2 40.0 50.0 
 150 1362622447     407872 0 2 40.0 50.0 
 151 1362622447     417868 0 2 40.0 50.0 
 150 1362622447     427857 0 2 40.0 50.0 
 150 1362622447     437875 0 2 40.0 50.0 
 150 1362622447     447900 0 2 40.0 50.0 
 151 1362622447     457872 0 2 40.0 50.0 
 151 1362622447     467935 0 2 40.0 50.0 
 151 1362622447     477941 0 2 40.0 50.0 
 151 1362622447     487930 0 2 40.0 50.0 
 150 1362622447     497917 0 2 40.0 50.0 
 151 1362622447     507960 0 2 40.0 50.0 
 150 1362622447     517927 0 2 40.0 50.0 
 151 1362622447     527936 0 2 40.0 50.0 
 151 1362622447     537947 0 2 40.0 50.0 
 150 1362622447     547978 0 2 40.0 50.0 
 151 1362622447     557947 0 2 40.0 50.0 
 150 1362622447     567962 0 2 40.0 50.0 
 151 1362622447     577982 0 2 40.0 50.0 
 150 1362622447     587967 0 2 40.0 50.0 
 151 1362622447     598015 0 2 40.0 50.0 
 150 1362622447     607975 0 2 40.0 50.0 
 150 1362622447     618020 0 2 40.0 50.0 
 150 1362622447     628019 0 2 40.0 50.0 
 150 1362622447     638031 0 2 40.0 50.0 
 150 1362622447     648045 0 2 40.0 50.0 
 150 1362622447     658007 0 2 40.0 50.0 
 151 1362622447     668034 0 2 40.0 50.0 
 150 1362622447     678041 0 2 40.0 50.0 
 151 1362622447     688024 0 2 40.0 50.0 
 150 1362622447     698075 0 2 40.0 50.0 
 151 1362622447     708089 0 2 40.0 50.0 
 151 1362622447     718053 0 2 40.0 50.0 
 150 1362622447     728098 0 2 40.0 50.0 
 151 1362622447     738098 0 2 40.0 50.0 
 150 1362622447     748102 0 2 40.0 50.0 
 150 1362622447     758086 0 2 40.0 50.0 
 150 1362622447     768093 0 2 40.0 50.0 
 151 1362622447     778089 0 2 40.0 50.0 
 151 1362622447     788106 0 2 40.0 50.0 
 150 1362622447     798119 0 2 40.0 50.0 
 150 1362622447     808137 0 2 40.0 50.0 
 150 1362622447     818155 0 2 40.0 50.0 
 151 1362622447     828114 0 2 40.0 50.0 
 150 1362622447     838142 0 2 40.0 50.0 
 151 1362622447     848176 0 2 40.0 50.0 
 150 1362622447     858151 0 2 40.0 50.0 
 150 1362622447     868163 0 2 40.0 50.0 
 150 1362622447     878145 0 2 40.0 50.0 
 150 1362622447     888196 0 2 40.0 50.0 
 150 1362622447     898175 0 2 40.0 50.0 
 150 1362622447     908180 0 2 40.0 50.0 
 150 1362622447     918223 0 2 40.0 50.0 
 150 1362622447     928237 0 2 40.0 50.0 
 150 1362622447     938216 0 2 40.0 50.0 
 150 1362622447     948225 0 2 40.0 50.0 
 151 1362622447     958204 0 2 40.0 50.0 
 150 1362622447     968234 0 2 40.0 50.0 
 150 1362622447     978251 0 2 40.0 50.0 
 150 1362622447     988231 0 2 40.0 50.0 
 150 1362622447     998266 0 2 40.0 50.0 
 151 1362622448       8236 0 2 40.0 50.0 
 150 1362622448      18287 0 2 40.0 50.0 
 150 1362622448      28250 0 2 40.0 50.0 
 150 1362622448      38306 0 2 40.0 50.0 
 151 1362622448      48263 0 2 40.0 50.0 
 150 1362622448      58302 0 2 40.0 50.0 
 150 1362622448      68320 0 2 40.0 50.0 
 150 1362622448      78274 0 2 40.0 50.0 
 151 1362622448      88284 0 2 40.0 50.0 
 151 1362622448      98322 0 2 40.0 50.0 
 150 1362622448     108330 0 2 40.0 50.0 
 151 1362622448     118335 0 2 40.0 50.0 
 151 1362622448     128356 0 2 40.0 50.0 
 151 1362622448     138330 0 2 40.0 50.0 
 151 1362622448     148376 0 2 40.0 50.0 
 150 1362622448     158355 0 2 40.0 50.0 
 151 1362622448     168343 0 2 40.0 50.0 
 151 1362622448     178384 0 2 40.0 50.0 
 151 1362622448     188395 0 2 40.0 50.0 
 150 1362622448     198416 0 2 40.0 50.0 
 150 1362622448     208374 0 2 40.0 50.0 
 151 1362622448     218414 0 2 40.0 50.0 
 150 1362622448     228430 0 2 40.0 50.0 
 150 1362622448     238412 0 2 40.0 50.0 
 150 1362622448     248401 0 2 40.0 50.0 
 150 1362622448     258434 0 2 40.0 50.0 
 151 1362622448     268399 0 2 40.0 50.0 
 150 1362622448     278425 0 2 40.0 50.0 
 150 1362622448     288435 0 2 40.0 50.0 
 150 1362622448     298462 0 2 40.0 50.0 
 150 1362622448     308490 0 2 40.0 50.0 
 151 1362622448     318476 0 2 40.0 50.0 
 150 1362622448     328453 0 2 40.0 50.0 
 150 1362622448     338486 0 2 40.0 50.0 
 150 1362622448     348486 0 2 40.0 50.0 
 150 1362622448     358475 0 2 40.0 50.0 
 151 1362622448     368518 0 2 40.0 50.0 
 150 1362622448     378482 0 2 40.0 50.0 
 150 1362622448     388516 0 2 40.0 50.0 
 150 1362622448     398550 0 2 40.0 50.0 
 151 1362622448     408529 0 2 40.0 50.0 
 150 1362622448     418506 0 2 40.0 50.0 
 151 1362622448     428540 0 2 40.0 50.0 
 150 1362622448     438545 0 2 40.0 50.0 
 150 1362622448     448567 0 2 40.0 50.0 
 151 1362622448     458563 0 2 40.0 50.0 
 150 1362622448     468576 0 2 40.0 50.0 
 150 1362622448     478580 0 2 40.0 50.0 
 150 1362622448     488576 0 2 40.0 50.0 
 150 1362622448     498560 0 2 40.0 50.0 
 150 1362622448     508566 0 2 40.0 50.0 
 151 1362622448     518614 0 2 40.0 50.0 
 150 1362622448     528620 0 2 40.0 50.0 
 150 1362622448     538612 0 2 40.0 50.0 
 151 1362622448     548637 0 2 40.0 50.0 
 150 1362622448     558640 0 2 40.0 50.0 
 150 1362622448     568641 0 2 40.0 50.0 
 150 1362622448     578646 0 2 40.0 50.0 
 151 1362622448     588630 0 2 40.0 50.0 
 150 1362622448     598648 0 2 40.0 50.0 
 151 1362622448     608660 0 2 40.0 50.0 
 150 1362622448     618683 0 2 40.0 50.0 
 151 1362622448     628673 0 2 40.0 50.0 
 151 1362622448     638700 0 2 40.0 50.0 
 150 1362622448     648691 0 2 40.0 50.0 
 151 1362622448     658688 0 2 40.0 50.0 
 150 1362622448     668666 0 2 40.0 50.0 
 151 1362622448     678700 0 2 40.0 50.0 
 150 1362622448     688731 0 2 40.0 50.0 
 150 1362622448     698745 0 2 40.0 50.0 
 150 1362622448     708729 0 2 40.0 50.0 
 150 1362622448     718700 0 2 40.0 50.0 
 150 1362622448     728714 0 2 40.0 50.0 
 150 1362622448     738738 0 2 40.0 50.0 
 150 1362622448     748775 0 2 40.0 50.0 
 150 1362622448     758761 0 2 40.0 50.0 
 150 1362622448     768787 0 2 40.0 50.0 
 150 1362622448     778747 0 2 40.0 50.0 
 150 1362622448     788747 0 2 40.0 50.0 
 150 1362622448     798765 0 2 40.0 50.0 
 150 1362622448     808766 0 2 40.0 50.0 
 150 1362622448     818809 0 2 40.0 50.0 
 150 1362622448     828792 0 2 40.0 50.0 
 150 1362622448     838801 0 2 40.0 50.0 
 150 1362622448     848789 0 2 40.0 50.0 
 151 1362622448     858799 0 2 40.0 50.0 
 150 1362622448     868818 0 2 40.0 50.0 
 150 1362622448     878808 0 2 40.0 50.0 
 150 1362622448     888872 0 2 40.0 50.0 
 150 1362622448     898852 0 2 40.0 50.0 
 151 1362622448     908856 0 2 40.0 50.0 
 151 1362622448     918853 0 2 40.0 50.0 
 151 1362622448     928857 0 2 40.0 50.0 
 151 1362622448     938889 0 2 40.0 50.0 
 151 1362622448     948870 0 2 40.0 50.0 
 150 1362622448     958900 0 2 40.0 50.0 
 151 1362622448     968923 0 2 40.0 50.0 
 151 1362622448     978899 0 2 40.0 50.0 
 151 1362622448     988911 0 2 40.0 50.0 
 151 1362622448     998933 0 2 40.0 50.0 
 151 1362622449       8949 0 2 40.0 50.0 
 151 1362622449      18919 0 2 40.0 50.0 
 150 1362622449      28923 0 2 40.0 50.0 
 151 1362622449      38916 0 2 40.0 50.0 
 150 1362622449      48943 0 2 40.0 50.0 
 151 1362622449      58929 0 2 40.0 50.0 
 150 1362622449      68986 0 2 40.0 50.0 
 150 1362622449      78967 0 2 40.0 50.0 
 150 1362622449      88981 0 2 40.0 50.0 
 150 1362622449      99010 0 2 40.0 50.0 
 151 1362622449     108982 0 2 40.0 50.0 
 150 1362622449     118998 0 2 40.0 50.0 
 151 1362622449     129027 0 2 40.0 50.0 
 150 1362622449     138976 0 2 40.0 50.0 
 151 1362622449     148997 0 2 40.0 50.0 
 151 1362622449     159039 0 2 40.0 50.0 
 150 1362622449     169008 0 2 40.0 50.0 
 151 1362622449     179012 0 2 40.0 50.0 
 151 1362622449     189056 0 2 40.0 50.0 
 151 1362622449     199043 0 2 40.0 50.0 
 150 1362622449     209027 0 2 40.0 50.0 
 151 1362622449     219073 0 2 40.0 50.0 
 150 1362622449     229071 0 2 40.0 50.0 
 151 1362622449     239074 0 2 40.0 50.0 
 151 1362622449     249071 0 2 40.0 50.0 
 150 1362622449     259074 0 2 40.0 50.0 
 150 1362622449     269104 0 2 40.0 50.0 
 150 1362622449     279084 0 2 40.0 50.0 
 150 1362622449     289087 0 2 40.0 50.0 
 150 1362622449     299111 0 2 40.0 50.0 
 150 1362622449     309132 0 2 40.0 50.0 
 150 1362622449     319129 0 2 40.0 50.0 
 150 1362622449     329122 0 2 40.0 50.0 
 150 1362622449     339133 0 2 40.0 50.0 
 150 1362622449     349169 0 2 40.0 50.0 
 150 1362622449     359157 0 2 40.0 50.0 
 150 1362622449     369152 0 2 40.0 50.0 
 151 1362622449     379154 0 2 40.0 50.0 
 150 1362622449     389171 0 2 40.0 50.0 
 151 1362622449     399175 0 2 40.0 50.0 
 150 1362622449     409159 0 2 40.0 50.0 
 151 1362622449     419200 0 2 40.0 50.0 
