 287 1362629132     558281 2 1 40.0 50.0 
 287 1362629132     568341 2 1 40.0 50.0 
 287 1362629132     578341 2 1 40.0 50.0 
 287 1362629132     588390 2 1 40.0 50.0 
 287 1362629132     598452 2 1 40.0 50.0 
 287 1362629132     608311 2 1 40.0 50.0 
 287 1362629132     618379 2 1 40.0 50.0 
 287 1362629132     628419 2 1 40.0 50.0 
 320 1362629132     638524 2 1 40.0 50.0 
 320 1362629132     648468 2 1 40.0 50.0 
 287 1362629132     658363 2 1 40.0 50.0 
 287 1362629132     668340 2 1 40.0 50.0 
 287 1362629132     678327 2 1 40.0 50.0 
 287 1362629132     688373 2 1 40.0 50.0 
 287 1362629132     698364 2 1 40.0 50.0 
 287 1362629132     708348 2 1 40.0 50.0 
 287 1362629132     718391 2 1 40.0 50.0 
 320 1362629132     728372 2 1 40.0 50.0 
 287 1362629132     738428 2 1 40.0 50.0 
 287 1362629132     748424 2 1 40.0 50.0 
 287 1362629132     758416 2 1 40.0 50.0 
 287 1362629132     768410 2 1 40.0 50.0 
 287 1362629132     778460 2 1 40.0 50.0 
 287 1362629132     788433 2 1 40.0 50.0 
 320 1362629132     798416 2 1 40.0 50.0 
 287 1362629132     808477 2 1 40.0 50.0 
 286 1362629132     818464 2 1 40.0 50.0 
 287 1362629132     828451 2 1 40.0 50.0 
 320 1362629132     838494 2 1 40.0 50.0 
 320 1362629132     848485 2 1 40.0 50.0 
 287 1362629132     858465 2 1 40.0 50.0 
 287 1362629132     868485 2 1 40.0 50.0 
 287 1362629132     878468 2 1 40.0 50.0 
 286 1362629132     888517 2 1 40.0 50.0 
 320 1362629132     898495 2 1 40.0 50.0 
 320 1362629132     908549 2 1 40.0 50.0 
 320 1362629132     918517 2 1 40.0 50.0 
 287 1362629132     928500 2 1 40.0 50.0 
 320 1362629132     938540 2 1 40.0 50.0 
 287 1362629132     948514 2 1 40.0 50.0 
 287 1362629132     958580 2 1 40.0 50.0 
 320 1362629132     968551 2 1 40.0 50.0 
 320 1362629132     978552 2 1 40.0 50.0 
 320 1362629132     988545 2 1 40.0 50.0 
 287 1362629132     998551 2 1 40.0 50.0 
 287 1362629133       8610 2 1 40.0 50.0 
 287 1362629133      18559 2 1 40.0 50.0 
 320 1362629133      28558 2 1 40.0 50.0 
 320 1362629133      38573 2 1 40.0 50.0 
 320 1362629133      58603 2 1 40.0 50.0 
 287 1362629133      68640 2 1 40.0 50.0 
 287 1362629133      78636 2 1 40.0 50.0 
 320 1362629133      88627 2 1 40.0 50.0 
 320 1362629133      98636 2 1 40.0 50.0 
 287 1362629133     108671 2 1 40.0 50.0 
 287 1362629133     118630 2 1 40.0 50.0 
 287 1362629133     128637 2 1 40.0 50.0 
 320 1362629133     138656 2 1 40.0 50.0 
 287 1362629133     148670 2 1 40.0 50.0 
 320 1362629133     158678 2 1 40.0 50.0 
 287 1362629133     168699 2 1 40.0 50.0 
 320 1362629133     178724 2 1 40.0 50.0 
 287 1362629133     188735 2 1 40.0 50.0 
 287 1362629133     198696 2 1 40.0 50.0 
 320 1362629133     208691 2 1 40.0 50.0 
 320 1362629133     218746 2 1 40.0 50.0 
 287 1362629133     228717 2 1 40.0 50.0 
 320 1362629133     238761 2 1 40.0 50.0 
 287 1362629133     248762 2 1 40.0 50.0 
 287 1362629133     258832 2 1 40.0 50.0 
 287 1362629133     268778 2 1 40.0 50.0 
 287 1362629133     278761 2 1 40.0 50.0 
 287 1362629133     288745 2 1 40.0 50.0 
 287 1362629133     298805 2 1 40.0 50.0 
 287 1362629133     308782 2 1 40.0 50.0 
 287 1362629133     318781 2 1 40.0 50.0 
 287 1362629133     328761 2 1 40.0 50.0 
 287 1362629133     338782 2 1 40.0 50.0 
 287 1362629133     348772 2 1 40.0 50.0 
 320 1362629133     358818 2 1 40.0 50.0 
 287 1362629133     368801 2 1 40.0 50.0 
 287 1362629133     378850 2 1 40.0 50.0 
 287 1362629133     388834 2 1 40.0 50.0 
 287 1362629133     398873 2 1 40.0 50.0 
 287 1362629133     408843 2 1 40.0 50.0 
 287 1362629133     418818 2 1 40.0 50.0 
 287 1362629133     428864 2 1 40.0 50.0 
 287 1362629133     438851 2 1 40.0 50.0 
 287 1362629133     448903 2 1 40.0 50.0 
 287 1362629133     458891 2 1 40.0 50.0 
 287 1362629133     468869 2 1 40.0 50.0 
 320 1362629133     478920 2 1 40.0 50.0 
 287 1362629133     488909 2 1 40.0 50.0 
 287 1362629133     498895 2 1 40.0 50.0 
 287 1362629133     508882 2 1 40.0 50.0 
 287 1362629133     518929 2 1 40.0 50.0 
 287 1362629133     528907 2 1 40.0 50.0 
 320 1362629133     538957 2 1 40.0 50.0 
 320 1362629133     548956 2 1 40.0 50.0 
 287 1362629133     558945 2 1 40.0 50.0 
