 278 1362624611     187613 1 3 40.0 50.0 
 278 1362624611     197573 1 3 40.0 50.0 
 278 1362624611     207613 1 3 40.0 50.0 
 278 1362624611     217565 1 3 40.0 50.0 
 278 1362624611     227582 1 3 40.0 50.0 
 278 1362624611     237626 1 3 40.0 50.0 
 278 1362624611     247647 1 3 40.0 50.0 
 279 1362624611     257645 1 3 40.0 50.0 
 278 1362624611     267643 1 3 40.0 50.0 
 278 1362624611     277654 1 3 40.0 50.0 
 279 1362624611     287646 1 3 40.0 50.0 
 278 1362624611     297650 1 3 40.0 50.0 
 278 1362624611     307675 1 3 40.0 50.0 
 278 1362624611     317678 1 3 40.0 50.0 
 278 1362624611     327702 1 3 40.0 50.0 
 279 1362624611     337699 1 3 40.0 50.0 
 278 1362624611     347708 1 3 40.0 50.0 
 278 1362624611     357673 1 3 40.0 50.0 
 278 1362624611     367680 1 3 40.0 50.0 
 278 1362624611     377677 1 3 40.0 50.0 
 278 1362624611     387682 1 3 40.0 50.0 
 277 1362624611     397700 1 3 40.0 50.0 
 278 1362624611     407703 1 3 40.0 50.0 
 278 1362624611     417727 1 3 40.0 50.0 
 278 1362624611     427728 1 3 40.0 50.0 
 279 1362624611     437733 1 3 40.0 50.0 
 278 1362624611     447739 1 3 40.0 50.0 
 278 1362624611     457753 1 3 40.0 50.0 
 278 1362624611     467752 1 3 40.0 50.0 
 278 1362624611     477754 1 3 40.0 50.0 
 278 1362624611     487753 1 3 40.0 50.0 
 278 1362624611     497764 1 3 40.0 50.0 
 278 1362624611     507772 1 3 40.0 50.0 
 278 1362624611     517772 1 3 40.0 50.0 
 278 1362624611     527832 1 3 40.0 50.0 
 279 1362624611     537772 1 3 40.0 50.0 
 278 1362624611     547837 1 3 40.0 50.0 
 278 1362624611     557838 1 3 40.0 50.0 
 278 1362624611     567835 1 3 40.0 50.0 
 278 1362624611     577863 1 3 40.0 50.0 
 279 1362624611     587863 1 3 40.0 50.0 
 278 1362624611     597863 1 3 40.0 50.0 
 278 1362624611     607860 1 3 40.0 50.0 
 278 1362624611     617848 1 3 40.0 50.0 
 278 1362624611     627852 1 3 40.0 50.0 
 278 1362624611     637844 1 3 40.0 50.0 
 278 1362624611     647899 1 3 40.0 50.0 
 278 1362624611     657896 1 3 40.0 50.0 
 278 1362624611     667874 1 3 40.0 50.0 
 278 1362624611     677885 1 3 40.0 50.0 
 279 1362624611     687943 1 3 40.0 50.0 
 278 1362624611     697949 1 3 40.0 50.0 
 278 1362624611     707952 1 3 40.0 50.0 
 278 1362624611     717938 1 3 40.0 50.0 
 278 1362624611     727906 1 3 40.0 50.0 
 278 1362624611     737929 1 3 40.0 50.0 
 278 1362624611     747925 1 3 40.0 50.0 
 278 1362624611     757990 1 3 40.0 50.0 
 279 1362624611     767984 1 3 40.0 50.0 
 278 1362624611     777992 1 3 40.0 50.0 
 278 1362624611     788001 1 3 40.0 50.0 
 278 1362624611     798004 1 3 40.0 50.0 
 278 1362624611     808010 1 3 40.0 50.0 
 278 1362624611     817992 1 3 40.0 50.0 
 278 1362624611     827984 1 3 40.0 50.0 
 279 1362624611     838006 1 3 40.0 50.0 
 279 1362624611     848033 1 3 40.0 50.0 
 278 1362624611     858054 1 3 40.0 50.0 
 278 1362624611     868053 1 3 40.0 50.0 
 278 1362624611     877999 1 3 40.0 50.0 
 278 1362624611     888071 1 3 40.0 50.0 
 278 1362624611     898078 1 3 40.0 50.0 
 277 1362624611     908079 1 3 40.0 50.0 
 278 1362624611     918067 1 3 40.0 50.0 
 278 1362624611     928068 1 3 40.0 50.0 
 278 1362624611     938053 1 3 40.0 50.0 
 278 1362624611     948079 1 3 40.0 50.0 
 278 1362624611     958067 1 3 40.0 50.0 
 278 1362624611     968113 1 3 40.0 50.0 
 278 1362624611     978129 1 3 40.0 50.0 
 278 1362624611     988121 1 3 40.0 50.0 
 278 1362624611     998138 1 3 40.0 50.0 
 278 1362624612       8148 1 3 40.0 50.0 
 278 1362624612      18156 1 3 40.0 50.0 
 278 1362624612      28152 1 3 40.0 50.0 
 278 1362624612      38107 1 3 40.0 50.0 
 278 1362624612      48115 1 3 40.0 50.0 
 277 1362624612      58121 1 3 40.0 50.0 
 278 1362624612      68125 1 3 40.0 50.0 
 278 1362624612      78190 1 3 40.0 50.0 
 278 1362624612      88180 1 3 40.0 50.0 
 279 1362624612      98168 1 3 40.0 50.0 
 278 1362624612     108181 1 3 40.0 50.0 
 278 1362624612     118179 1 3 40.0 50.0 
 278 1362624612     128183 1 3 40.0 50.0 
 278 1362624612     138190 1 3 40.0 50.0 
 278 1362624612     148181 1 3 40.0 50.0 
 278 1362624612     158190 1 3 40.0 50.0 
 278 1362624612     168256 1 3 40.0 50.0 
 278 1362624612     178197 1 3 40.0 50.0 
