 271 1362629850     103060 3 0 40.0 50.0 
 270 1362629850     113062 3 0 40.0 50.0 
 270 1362629850     123036 3 0 40.0 50.0 
 270 1362629850     133031 3 0 40.0 50.0 
 270 1362629850     143057 3 0 40.0 50.0 
 270 1362629850     153045 3 0 40.0 50.0 
 270 1362629850     163066 3 0 40.0 50.0 
 270 1362629850     173092 3 0 40.0 50.0 
 271 1362629850     183053 3 0 40.0 50.0 
 270 1362629850     193074 3 0 40.0 50.0 
 270 1362629850     203110 3 0 40.0 50.0 
 270 1362629850     213140 3 0 40.0 50.0 
 271 1362629850     223089 3 0 40.0 50.0 
 271 1362629850     233114 3 0 40.0 50.0 
 270 1362629850     243126 3 0 40.0 50.0 
 271 1362629850     253113 3 0 40.0 50.0 
 270 1362629850     263129 3 0 40.0 50.0 
 270 1362629850     273154 3 0 40.0 50.0 
 270 1362629850     283121 3 0 40.0 50.0 
 270 1362629850     293128 3 0 40.0 50.0 
 270 1362629850     303150 3 0 40.0 50.0 
 271 1362629850     313180 3 0 40.0 50.0 
 271 1362629850     323159 3 0 40.0 50.0 
 270 1362629850     333193 3 0 40.0 50.0 
 271 1362629850     343223 3 0 40.0 50.0 
 271 1362629850     353173 3 0 40.0 50.0 
 271 1362629850     363200 3 0 40.0 50.0 
 270 1362629850     373241 3 0 40.0 50.0 
 271 1362629850     383187 3 0 40.0 50.0 
 271 1362629850     393212 3 0 40.0 50.0 
 271 1362629850     403240 3 0 40.0 50.0 
 270 1362629850     413249 3 0 40.0 50.0 
 270 1362629850     423214 3 0 40.0 50.0 
 271 1362629850     433233 3 0 40.0 50.0 
 271 1362629850     443271 3 0 40.0 50.0 
 270 1362629850     453292 3 0 40.0 50.0 
 270 1362629850     463306 3 0 40.0 50.0 
 271 1362629850     473274 3 0 40.0 50.0 
 271 1362629850     483296 3 0 40.0 50.0 
 271 1362629850     493267 3 0 40.0 50.0 
 271 1362629850     503300 3 0 40.0 50.0 
 270 1362629850     513272 3 0 40.0 50.0 
 271 1362629850     523290 3 0 40.0 50.0 
 270 1362629850     533307 3 0 40.0 50.0 
 271 1362629850     543341 3 0 40.0 50.0 
 271 1362629850     553298 3 0 40.0 50.0 
 270 1362629850     563322 3 0 40.0 50.0 
 271 1362629850     573328 3 0 40.0 50.0 
 270 1362629850     583355 3 0 40.0 50.0 
 270 1362629850     593369 3 0 40.0 50.0 
 270 1362629850     603334 3 0 40.0 50.0 
 271 1362629850     613345 3 0 40.0 50.0 
 270 1362629850     623364 3 0 40.0 50.0 
 270 1362629850     633385 3 0 40.0 50.0 
 271 1362629850     643416 3 0 40.0 50.0 
 270 1362629850     653392 3 0 40.0 50.0 
 270 1362629850     663396 3 0 40.0 50.0 
 270 1362629850     673427 3 0 40.0 50.0 
 270 1362629850     683453 3 0 40.0 50.0 
 270 1362629850     693391 3 0 40.0 50.0 
 271 1362629850     703422 3 0 40.0 50.0 
 270 1362629850     713449 3 0 40.0 50.0 
 270 1362629850     723471 3 0 40.0 50.0 
 271 1362629850     733418 3 0 40.0 50.0 
 271 1362629850     743439 3 0 40.0 50.0 
 271 1362629850     753454 3 0 40.0 50.0 
 271 1362629850     763465 3 0 40.0 50.0 
 271 1362629850     773493 3 0 40.0 50.0 
 271 1362629850     783504 3 0 40.0 50.0 
 271 1362629850     793503 3 0 40.0 50.0 
 270 1362629850     803481 3 0 40.0 50.0 
 270 1362629850     813510 3 0 40.0 50.0 
 271 1362629850     823542 3 0 40.0 50.0 
 270 1362629850     833502 3 0 40.0 50.0 
 270 1362629850     843520 3 0 40.0 50.0 
 270 1362629850     853544 3 0 40.0 50.0 
 270 1362629850     863552 3 0 40.0 50.0 
 270 1362629850     873575 3 0 40.0 50.0 
 271 1362629850     883589 3 0 40.0 50.0 
 270 1362629850     893538 3 0 40.0 50.0 
 270 1362629850     903557 3 0 40.0 50.0 
 271 1362629850     913584 3 0 40.0 50.0 
 270 1362629850     923602 3 0 40.0 50.0 
 270 1362629850     933556 3 0 40.0 50.0 
 271 1362629850     943583 3 0 40.0 50.0 
 270 1362629850     953621 3 0 40.0 50.0 
 270 1362629850     963640 3 0 40.0 50.0 
 270 1362629850     973596 3 0 40.0 50.0 
 270 1362629850     983611 3 0 40.0 50.0 
 270 1362629850     993604 3 0 40.0 50.0 
 271 1362629851       3637 3 0 40.0 50.0 
 270 1362629851      13661 3 0 40.0 50.0 
 270 1362629851      23630 3 0 40.0 50.0 
 270 1362629851      33630 3 0 40.0 50.0 
 271 1362629851      43632 3 0 40.0 50.0 
 271 1362629851      53632 3 0 40.0 50.0 
 271 1362629851      63677 3 0 40.0 50.0 
 270 1362629851      73687 3 0 40.0 50.0 
 271 1362629851      83687 3 0 40.0 50.0 
 271 1362629851      93702 3 0 40.0 50.0 
