 454 1362623445     307143 0 7 40.0 150.0 
 453 1362623445     317091 0 7 40.0 150.0 
 454 1362623445     327140 0 7 40.0 150.0 
 454 1362623445     337108 0 7 40.0 150.0 
 455 1362623445     347123 0 7 40.0 150.0 
 454 1362623445     357152 0 7 40.0 150.0 
 454 1362623445     367175 0 7 40.0 150.0 
 454 1362623445     377135 0 7 40.0 150.0 
 455 1362623445     387167 0 7 40.0 150.0 
 454 1362623445     397195 0 7 40.0 150.0 
 454 1362623445     407160 0 7 40.0 150.0 
 455 1362623445     417176 0 7 40.0 150.0 
 454 1362623445     427169 0 7 40.0 150.0 
 455 1362623445     437212 0 7 40.0 150.0 
 455 1362623445     447228 0 7 40.0 150.0 
 454 1362623445     457176 0 7 40.0 150.0 
 454 1362623445     467212 0 7 40.0 150.0 
 454 1362623445     477234 0 7 40.0 150.0 
 454 1362623445     487249 0 7 40.0 150.0 
 454 1362623445     497262 0 7 40.0 150.0 
 454 1362623445     507217 0 7 40.0 150.0 
 455 1362623445     517231 0 7 40.0 150.0 
 454 1362623445     527230 0 7 40.0 150.0 
 454 1362623445     537255 0 7 40.0 150.0 
 454 1362623445     547282 0 7 40.0 150.0 
 453 1362623445     557299 0 7 40.0 150.0 
 455 1362623445     567258 0 7 40.0 150.0 
 453 1362623445     577291 0 7 40.0 150.0 
 454 1362623445     587261 0 7 40.0 150.0 
 454 1362623445     597271 0 7 40.0 150.0 
 455 1362623445     607300 0 7 40.0 150.0 
 454 1362623445     617323 0 7 40.0 150.0 
 455 1362623445     627338 0 7 40.0 150.0 
 454 1362623445     637295 0 7 40.0 150.0 
 454 1362623445     647310 0 7 40.0 150.0 
 454 1362623445     657328 0 7 40.0 150.0 
 454 1362623445     667354 0 7 40.0 150.0 
 454 1362623445     677316 0 7 40.0 150.0 
 454 1362623445     687340 0 7 40.0 150.0 
 454 1362623445     697343 0 7 40.0 150.0 
 454 1362623445     707357 0 7 40.0 150.0 
 455 1362623445     717378 0 7 40.0 150.0 
 454 1362623445     727399 0 7 40.0 150.0 
 454 1362623445     737421 0 7 40.0 150.0 
 454 1362623445     747361 0 7 40.0 150.0 
 454 1362623445     757385 0 7 40.0 150.0 
 455 1362623445     767393 0 7 40.0 150.0 
 454 1362623445     777420 0 7 40.0 150.0 
 455 1362623445     787431 0 7 40.0 150.0 
 453 1362623445     797440 0 7 40.0 150.0 
 455 1362623445     807458 0 7 40.0 150.0 
 453 1362623445     817416 0 7 40.0 150.0 
 454 1362623445     827445 0 7 40.0 150.0 
 453 1362623445     837450 0 7 40.0 150.0 
 453 1362623445     847459 0 7 40.0 150.0 
 453 1362623445     857482 0 7 40.0 150.0 
 455 1362623445     867499 0 7 40.0 150.0 
 454 1362623445     877503 0 7 40.0 150.0 
 454 1362623445     887452 0 7 40.0 150.0 
 454 1362623445     897458 0 7 40.0 150.0 
 454 1362623445     907467 0 7 40.0 150.0 
 455 1362623445     917489 0 7 40.0 150.0 
 454 1362623445     927507 0 7 40.0 150.0 
 454 1362623445     937539 0 7 40.0 150.0 
 454 1362623445     947559 0 7 40.0 150.0 
 454 1362623445     957512 0 7 40.0 150.0 
 454 1362623445     967559 0 7 40.0 150.0 
 454 1362623445     977567 0 7 40.0 150.0 
 454 1362623445     987519 0 7 40.0 150.0 
 453 1362623445     997533 0 7 40.0 150.0 
 455 1362623446       7560 0 7 40.0 150.0 
 454 1362623446      17592 0 7 40.0 150.0 
 454 1362623446      27555 0 7 40.0 150.0 
 453 1362623446      37584 0 7 40.0 150.0 
 454 1362623446      47579 0 7 40.0 150.0 
 454 1362623446      57593 0 7 40.0 150.0 
 454 1362623446      67605 0 7 40.0 150.0 
 454 1362623446      77629 0 7 40.0 150.0 
 454 1362623446      87634 0 7 40.0 150.0 
 455 1362623446      97639 0 7 40.0 150.0 
 455 1362623446     107603 0 7 40.0 150.0 
 454 1362623446     117630 0 7 40.0 150.0 
 454 1362623446     127667 0 7 40.0 150.0 
 454 1362623446     137686 0 7 40.0 150.0 
 453 1362623446     147635 0 7 40.0 150.0 
 454 1362623446     157653 0 7 40.0 150.0 
 453 1362623446     167666 0 7 40.0 150.0 
 454 1362623446     177646 0 7 40.0 150.0 
 454 1362623446     187682 0 7 40.0 150.0 
 455 1362623446     197689 0 7 40.0 150.0 
 454 1362623446     207715 0 7 40.0 150.0 
 454 1362623446     217741 0 7 40.0 150.0 
 454 1362623446     227686 0 7 40.0 150.0 
 454 1362623446     237705 0 7 40.0 150.0 
 454 1362623446     247712 0 7 40.0 150.0 
 454 1362623446     257728 0 7 40.0 150.0 
 455 1362623446     267749 0 7 40.0 150.0 
 454 1362623446     277775 0 7 40.0 150.0 
 455 1362623446     287726 0 7 40.0 150.0 
 454 1362623446     297744 0 7 40.0 150.0 
 454 1362623446     307775 0 7 40.0 150.0 
 455 1362623446     317800 0 7 40.0 150.0 
 454 1362623446     327753 0 7 40.0 150.0 
 455 1362623446     337768 0 7 40.0 150.0 
 454 1362623446     347767 0 7 40.0 150.0 
 454 1362623446     357806 0 7 40.0 150.0 
 454 1362623446     367831 0 7 40.0 150.0 
 455 1362623446     377790 0 7 40.0 150.0 
 454 1362623446     387813 0 7 40.0 150.0 
 454 1362623446     397810 0 7 40.0 150.0 
 454 1362623446     407835 0 7 40.0 150.0 
 454 1362623446     417845 0 7 40.0 150.0 
 454 1362623446     427824 0 7 40.0 150.0 
 454 1362623446     437849 0 7 40.0 150.0 
 454 1362623446     447869 0 7 40.0 150.0 
 455 1362623446     457885 0 7 40.0 150.0 
 454 1362623446     467897 0 7 40.0 150.0 
 455 1362623446     477858 0 7 40.0 150.0 
 454 1362623446     487868 0 7 40.0 150.0 
 453 1362623446     497880 0 7 40.0 150.0 
 454 1362623446     507905 0 7 40.0 150.0 
 454 1362623446     517930 0 7 40.0 150.0 
 455 1362623446     527942 0 7 40.0 150.0 
 454 1362623446     537895 0 7 40.0 150.0 
 454 1362623446     547888 0 7 40.0 150.0 
 454 1362623446     557902 0 7 40.0 150.0 
 453 1362623446     567914 0 7 40.0 150.0 
 454 1362623446     577950 0 7 40.0 150.0 
 454 1362623446     587983 0 7 40.0 150.0 
 454 1362623446     597969 0 7 40.0 150.0 
 453 1362623446     607977 0 7 40.0 150.0 
 454 1362623446     617985 0 7 40.0 150.0 
 454 1362623446     627995 0 7 40.0 150.0 
 454 1362623446     637958 0 7 40.0 150.0 
 454 1362623446     647970 0 7 40.0 150.0 
 453 1362623446     657981 0 7 40.0 150.0 
 454 1362623446     668006 0 7 40.0 150.0 
 454 1362623446     678025 0 7 40.0 150.0 
 454 1362623446     688022 0 7 40.0 150.0 
 454 1362623446     698013 0 7 40.0 150.0 
 454 1362623446     708047 0 7 40.0 150.0 
 454 1362623446     718051 0 7 40.0 150.0 
 455 1362623446     728030 0 7 40.0 150.0 
 453 1362623446     738080 0 7 40.0 150.0 
 454 1362623446     748054 0 7 40.0 150.0 
 454 1362623446     758046 0 7 40.0 150.0 
 454 1362623446     768047 0 7 40.0 150.0 
 454 1362623446     778042 0 7 40.0 150.0 
 455 1362623446     788091 0 7 40.0 150.0 
 455 1362623446     798115 0 7 40.0 150.0 
 454 1362623446     808114 0 7 40.0 150.0 
 454 1362623446     818103 0 7 40.0 150.0 
 454 1362623446     828083 0 7 40.0 150.0 
 455 1362623446     838137 0 7 40.0 150.0 
 454 1362623446     848105 0 7 40.0 150.0 
 454 1362623446     858150 0 7 40.0 150.0 
 454 1362623446     868142 0 7 40.0 150.0 
 454 1362623446     878134 0 7 40.0 150.0 
 454 1362623446     888176 0 7 40.0 150.0 
 455 1362623446     898133 0 7 40.0 150.0 
 455 1362623446     908170 0 7 40.0 150.0 
 454 1362623446     918160 0 7 40.0 150.0 
 455 1362623446     928151 0 7 40.0 150.0 
 454 1362623446     938190 0 7 40.0 150.0 
 455 1362623446     948170 0 7 40.0 150.0 
 454 1362623446     958169 0 7 40.0 150.0 
 455 1362623446     968205 0 7 40.0 150.0 
 454 1362623446     978184 0 7 40.0 150.0 
 455 1362623446     988178 0 7 40.0 150.0 
 453 1362623446     998210 0 7 40.0 150.0 
 454 1362623447       8215 0 7 40.0 150.0 
 454 1362623447      18219 0 7 40.0 150.0 
 455 1362623447      28210 0 7 40.0 150.0 
 455 1362623447      38230 0 7 40.0 150.0 
 454 1362623447      48233 0 7 40.0 150.0 
 454 1362623447      58246 0 7 40.0 150.0 
 454 1362623447      68245 0 7 40.0 150.0 
 455 1362623447      78272 0 7 40.0 150.0 
 455 1362623447      88287 0 7 40.0 150.0 
 454 1362623447      98292 0 7 40.0 150.0 
 454 1362623447     108270 0 7 40.0 150.0 
 454 1362623447     118307 0 7 40.0 150.0 
 454 1362623447     128281 0 7 40.0 150.0 
 455 1362623447     138301 0 7 40.0 150.0 
 455 1362623447     148317 0 7 40.0 150.0 
 454 1362623447     158304 0 7 40.0 150.0 
 455 1362623447     168347 0 7 40.0 150.0 
 454 1362623447     178320 0 7 40.0 150.0 
 455 1362623447     188359 0 7 40.0 150.0 
 454 1362623447     198313 0 7 40.0 150.0 
 455 1362623447     208369 0 7 40.0 150.0 
 455 1362623447     218377 0 7 40.0 150.0 
 454 1362623447     228357 0 7 40.0 150.0 
 454 1362623447     238356 0 7 40.0 150.0 
 455 1362623447     248380 0 7 40.0 150.0 
 455 1362623447     258361 0 7 40.0 150.0 
 455 1362623447     268418 0 7 40.0 150.0 
 454 1362623447     278398 0 7 40.0 150.0 
 455 1362623447     288400 0 7 40.0 150.0 
 454 1362623447     298409 0 7 40.0 150.0 
 454 1362623447     308405 0 7 40.0 150.0 
 455 1362623447     318398 0 7 40.0 150.0 
 454 1362623447     328469 0 7 40.0 150.0 
 455 1362623447     338464 0 7 40.0 150.0 
 454 1362623447     348443 0 7 40.0 150.0 
 454 1362623447     358448 0 7 40.0 150.0 
 455 1362623447     368494 0 7 40.0 150.0 
 454 1362623447     378474 0 7 40.0 150.0 
 455 1362623447     388464 0 7 40.0 150.0 
 454 1362623447     398485 0 7 40.0 150.0 
 454 1362623447     408485 0 7 40.0 150.0 
 454 1362623447     418464 0 7 40.0 150.0 
 454 1362623447     428492 0 7 40.0 150.0 
 454 1362623447     438539 0 7 40.0 150.0 
 454 1362623447     448512 0 7 40.0 150.0 
 454 1362623447     458493 0 7 40.0 150.0 
 454 1362623447     468545 0 7 40.0 150.0 
 454 1362623447     478536 0 7 40.0 150.0 
 454 1362623447     488512 0 7 40.0 150.0 
 454 1362623447     498568 0 7 40.0 150.0 
 454 1362623447     508552 0 7 40.0 150.0 
 454 1362623447     518541 0 7 40.0 150.0 
 453 1362623447     528540 0 7 40.0 150.0 
 454 1362623447     538597 0 7 40.0 150.0 
 454 1362623447     548562 0 7 40.0 150.0 
 454 1362623447     558554 0 7 40.0 150.0 
 454 1362623447     568586 0 7 40.0 150.0 
 454 1362623447     578590 0 7 40.0 150.0 
 454 1362623447     588578 0 7 40.0 150.0 
 454 1362623447     598622 0 7 40.0 150.0 
 455 1362623447     608607 0 7 40.0 150.0 
 454 1362623447     618652 0 7 40.0 150.0 
 455 1362623447     628636 0 7 40.0 150.0 
 454 1362623447     638622 0 7 40.0 150.0 
 455 1362623447     648656 0 7 40.0 150.0 
 454 1362623447     658650 0 7 40.0 150.0 
 455 1362623447     668638 0 7 40.0 150.0 
 454 1362623447     678667 0 7 40.0 150.0 
 455 1362623447     688669 0 7 40.0 150.0 
 455 1362623447     698645 0 7 40.0 150.0 
 454 1362623447     708661 0 7 40.0 150.0 
 454 1362623447     718708 0 7 40.0 150.0 
 454 1362623447     728686 0 7 40.0 150.0 
 454 1362623447     738685 0 7 40.0 150.0 
 454 1362623447     748728 0 7 40.0 150.0 
 454 1362623447     758721 0 7 40.0 150.0 
 454 1362623447     768707 0 7 40.0 150.0 
 454 1362623447     778755 0 7 40.0 150.0 
 454 1362623447     788737 0 7 40.0 150.0 
 454 1362623447     798724 0 7 40.0 150.0 
 454 1362623447     808782 0 7 40.0 150.0 
 454 1362623447     818763 0 7 40.0 150.0 
 454 1362623447     828794 0 7 40.0 150.0 
 454 1362623447     838789 0 7 40.0 150.0 
 454 1362623447     848779 0 7 40.0 150.0 
 454 1362623447     858764 0 7 40.0 150.0 
 455 1362623447     868813 0 7 40.0 150.0 
 454 1362623447     878819 0 7 40.0 150.0 
 455 1362623447     888805 0 7 40.0 150.0 
 454 1362623447     898786 0 7 40.0 150.0 
 454 1362623447     908842 0 7 40.0 150.0 
 455 1362623447     918829 0 7 40.0 150.0 
 455 1362623447     928802 0 7 40.0 150.0 
 454 1362623447     938850 0 7 40.0 150.0 
 455 1362623447     948823 0 7 40.0 150.0 
 454 1362623447     958883 0 7 40.0 150.0 
 454 1362623447     968861 0 7 40.0 150.0 
 455 1362623447     978846 0 7 40.0 150.0 
 454 1362623447     988837 0 7 40.0 150.0 
 455 1362623447     998892 0 7 40.0 150.0 
 454 1362623448       8898 0 7 40.0 150.0 
 454 1362623448      18891 0 7 40.0 150.0 
 453 1362623448      28883 0 7 40.0 150.0 
 454 1362623448      38879 0 7 40.0 150.0 
 455 1362623448      48918 0 7 40.0 150.0 
 454 1362623448      58912 0 7 40.0 150.0 
 454 1362623448      68895 0 7 40.0 150.0 
 453 1362623448      78932 0 7 40.0 150.0 
 454 1362623448      88908 0 7 40.0 150.0 
 454 1362623448      98940 0 7 40.0 150.0 
 454 1362623448     108940 0 7 40.0 150.0 
 453 1362623448     118941 0 7 40.0 150.0 
 454 1362623448     128985 0 7 40.0 150.0 
 453 1362623448     138958 0 7 40.0 150.0 
 454 1362623448     149003 0 7 40.0 150.0 
 454 1362623448     158996 0 7 40.0 150.0 
 454 1362623448     168995 0 7 40.0 150.0 
 454 1362623448     178988 0 7 40.0 150.0 
 454 1362623448     188991 0 7 40.0 150.0 
 455 1362623448     199036 0 7 40.0 150.0 
 453 1362623448     209027 0 7 40.0 150.0 
 454 1362623448     219015 0 7 40.0 150.0 
 454 1362623448     229006 0 7 40.0 150.0 
 454 1362623448     239064 0 7 40.0 150.0 
 454 1362623448     249042 0 7 40.0 150.0 
 454 1362623448     259016 0 7 40.0 150.0 
 454 1362623448     269065 0 7 40.0 150.0 
 454 1362623448     279046 0 7 40.0 150.0 
 455 1362623448     289039 0 7 40.0 150.0 
 455 1362623448     299090 0 7 40.0 150.0 
 454 1362623448     309081 0 7 40.0 150.0 
 454 1362623448     319113 0 7 40.0 150.0 
 454 1362623448     329096 0 7 40.0 150.0 
 454 1362623448     339090 0 7 40.0 150.0 
 455 1362623448     349139 0 7 40.0 150.0 
 453 1362623448     359143 0 7 40.0 150.0 
 454 1362623448     369138 0 7 40.0 150.0 
 455 1362623448     379121 0 7 40.0 150.0 
 454 1362623448     389111 0 7 40.0 150.0 
 454 1362623448     399163 0 7 40.0 150.0 
 454 1362623448     409161 0 7 40.0 150.0 
 454 1362623448     419187 0 7 40.0 150.0 
 453 1362623448     429190 0 7 40.0 150.0 
 454 1362623448     439156 0 7 40.0 150.0 
 454 1362623448     449207 0 7 40.0 150.0 
 454 1362623448     459191 0 7 40.0 150.0 
 454 1362623448     469182 0 7 40.0 150.0 
 454 1362623448     479169 0 7 40.0 150.0 
 453 1362623448     489211 0 7 40.0 150.0 
 455 1362623448     499200 0 7 40.0 150.0 
 453 1362623448     509193 0 7 40.0 150.0 
 454 1362623448     519247 0 7 40.0 150.0 
 454 1362623448     529260 0 7 40.0 150.0 
 453 1362623448     539243 0 7 40.0 150.0 
 454 1362623448     549226 0 7 40.0 150.0 
 453 1362623448     559215 0 7 40.0 150.0 
 454 1362623448     569266 0 7 40.0 150.0 
 454 1362623448     579269 0 7 40.0 150.0 
 454 1362623448     589280 0 7 40.0 150.0 
 454 1362623448     599254 0 7 40.0 150.0 
 454 1362623448     609265 0 7 40.0 150.0 
 454 1362623448     619310 0 7 40.0 150.0 
 454 1362623448     629282 0 7 40.0 150.0 
 455 1362623448     639272 0 7 40.0 150.0 
 454 1362623448     649317 0 7 40.0 150.0 
 454 1362623448     659302 0 7 40.0 150.0 
 454 1362623448     669291 0 7 40.0 150.0 
 455 1362623448     679348 0 7 40.0 150.0 
 455 1362623448     689343 0 7 40.0 150.0 
 454 1362623448     699322 0 7 40.0 150.0 
 454 1362623448     709317 0 7 40.0 150.0 
 454 1362623448     719362 0 7 40.0 150.0 
 455 1362623448     729336 0 7 40.0 150.0 
 454 1362623448     739395 0 7 40.0 150.0 
 455 1362623448     749342 0 7 40.0 150.0 
 455 1362623448     759373 0 7 40.0 150.0 
 454 1362623448     769393 0 7 40.0 150.0 
 455 1362623448     779359 0 7 40.0 150.0 
 455 1362623448     789411 0 7 40.0 150.0 
 454 1362623448     799418 0 7 40.0 150.0 
 454 1362623448     809373 0 7 40.0 150.0 
 454 1362623448     819388 0 7 40.0 150.0 
 454 1362623448     829425 0 7 40.0 150.0 
 454 1362623448     839394 0 7 40.0 150.0 
 454 1362623448     849449 0 7 40.0 150.0 
 454 1362623448     859428 0 7 40.0 150.0 
 453 1362623448     869441 0 7 40.0 150.0 
 455 1362623448     879457 0 7 40.0 150.0 
 454 1362623448     889485 0 7 40.0 150.0 
 455 1362623448     899469 0 7 40.0 150.0 
 454 1362623448     909466 0 7 40.0 150.0 
 454 1362623448     919467 0 7 40.0 150.0 
 454 1362623448     929479 0 7 40.0 150.0 
 455 1362623448     939492 0 7 40.0 150.0 
 455 1362623448     949471 0 7 40.0 150.0 
 454 1362623448     959475 0 7 40.0 150.0 
 455 1362623448     969485 0 7 40.0 150.0 
 454 1362623448     979485 0 7 40.0 150.0 
 454 1362623448     989514 0 7 40.0 150.0 
 454 1362623448     999540 0 7 40.0 150.0 
 455 1362623449       9562 0 7 40.0 150.0 
 453 1362623449      19561 0 7 40.0 150.0 
 454 1362623449      29556 0 7 40.0 150.0 
 454 1362623449      39546 0 7 40.0 150.0 
 455 1362623449      49571 0 7 40.0 150.0 
 455 1362623449      59559 0 7 40.0 150.0 
 455 1362623449      69561 0 7 40.0 150.0 
 454 1362623449      79579 0 7 40.0 150.0 
 454 1362623449      89580 0 7 40.0 150.0 
 455 1362623449      99583 0 7 40.0 150.0 
 455 1362623449     109609 0 7 40.0 150.0 
 455 1362623449     119588 0 7 40.0 150.0 
 454 1362623449     129591 0 7 40.0 150.0 
 454 1362623449     139634 0 7 40.0 150.0 
 455 1362623449     149658 0 7 40.0 150.0 
 454 1362623449     159615 0 7 40.0 150.0 
 455 1362623449     169672 0 7 40.0 150.0 
 455 1362623449     179617 0 7 40.0 150.0 
 454 1362623449     189651 0 7 40.0 150.0 
 454 1362623449     199630 0 7 40.0 150.0 
 455 1362623449     209697 0 7 40.0 150.0 
 454 1362623449     219640 0 7 40.0 150.0 
 455 1362623449     229705 0 7 40.0 150.0 
 454 1362623449     239707 0 7 40.0 150.0 
 454 1362623449     249724 0 7 40.0 150.0 
 454 1362623449     259700 0 7 40.0 150.0 
 454 1362623449     269736 0 7 40.0 150.0 
 454 1362623449     279740 0 7 40.0 150.0 
 454 1362623449     289695 0 7 40.0 150.0 
 454 1362623449     299731 0 7 40.0 150.0 
 454 1362623449     309728 0 7 40.0 150.0 
 454 1362623449     319755 0 7 40.0 150.0 
 454 1362623449     329755 0 7 40.0 150.0 
 455 1362623449     339749 0 7 40.0 150.0 
 454 1362623449     349765 0 7 40.0 150.0 
 454 1362623449     359788 0 7 40.0 150.0 
 453 1362623449     369764 0 7 40.0 150.0 
 454 1362623449     379800 0 7 40.0 150.0 
 454 1362623449     389767 0 7 40.0 150.0 
 455 1362623449     399806 0 7 40.0 150.0 
 454 1362623449     409815 0 7 40.0 150.0 
 454 1362623449     419788 0 7 40.0 150.0 
 453 1362623449     429835 0 7 40.0 150.0 
 454 1362623449     439828 0 7 40.0 150.0 
 454 1362623449     449826 0 7 40.0 150.0 
 454 1362623449     459817 0 7 40.0 150.0 
 454 1362623449     469850 0 7 40.0 150.0 
 454 1362623449     479835 0 7 40.0 150.0 
 454 1362623449     489835 0 7 40.0 150.0 
 454 1362623449     499869 0 7 40.0 150.0 
 454 1362623449     509837 0 7 40.0 150.0 
 454 1362623449     519844 0 7 40.0 150.0 
 454 1362623449     529861 0 7 40.0 150.0 
 454 1362623449     539866 0 7 40.0 150.0 
 454 1362623449     549869 0 7 40.0 150.0 
 454 1362623449     559901 0 7 40.0 150.0 
 454 1362623449     569926 0 7 40.0 150.0 
 455 1362623449     579913 0 7 40.0 150.0 
 454 1362623449     589912 0 7 40.0 150.0 
 455 1362623449     599914 0 7 40.0 150.0 
 454 1362623449     609954 0 7 40.0 150.0 
 455 1362623449     619919 0 7 40.0 150.0 
 454 1362623449     629970 0 7 40.0 150.0 
 455 1362623449     639942 0 7 40.0 150.0 
 455 1362623449     649981 0 7 40.0 150.0 
 455 1362623449     659947 0 7 40.0 150.0 
 455 1362623449     669942 0 7 40.0 150.0 
 454 1362623449     679992 0 7 40.0 150.0 
 455 1362623449     690001 0 7 40.0 150.0 
 454 1362623449     700013 0 7 40.0 150.0 
 454 1362623449     709972 0 7 40.0 150.0 
 454 1362623449     720019 0 7 40.0 150.0 
 455 1362623449     730035 0 7 40.0 150.0 
 454 1362623449     740028 0 7 40.0 150.0 
 454 1362623449     750033 0 7 40.0 150.0 
 455 1362623449     760061 0 7 40.0 150.0 
 454 1362623449     770057 0 7 40.0 150.0 
 455 1362623449     780039 0 7 40.0 150.0 
 455 1362623449     790038 0 7 40.0 150.0 
 454 1362623449     800079 0 7 40.0 150.0 
 454 1362623449     810049 0 7 40.0 150.0 
 455 1362623449     820070 0 7 40.0 150.0 
 455 1362623449     830105 0 7 40.0 150.0 
 455 1362623449     840069 0 7 40.0 150.0 
 455 1362623449     850099 0 7 40.0 150.0 
 454 1362623449     860101 0 7 40.0 150.0 
 454 1362623449     870093 0 7 40.0 150.0 
 454 1362623449     880113 0 7 40.0 150.0 
 455 1362623449     890147 0 7 40.0 150.0 
 454 1362623449     900096 0 7 40.0 150.0 
 454 1362623449     910113 0 7 40.0 150.0 
 454 1362623449     920152 0 7 40.0 150.0 
 455 1362623449     930132 0 7 40.0 150.0 
 454 1362623449     940137 0 7 40.0 150.0 
 454 1362623449     950147 0 7 40.0 150.0 
 454 1362623449     960157 0 7 40.0 150.0 
 455 1362623449     970141 0 7 40.0 150.0 
 454 1362623449     980148 0 7 40.0 150.0 
 454 1362623449     990155 0 7 40.0 150.0 
 454 1362623450        186 0 7 40.0 150.0 
 455 1362623450      10165 0 7 40.0 150.0 
 454 1362623450      20230 0 7 40.0 150.0 
 454 1362623450      30236 0 7 40.0 150.0 
 454 1362623450      40209 0 7 40.0 150.0 
 454 1362623450      50235 0 7 40.0 150.0 
 455 1362623450      60241 0 7 40.0 150.0 
 453 1362623450      70262 0 7 40.0 150.0 
 455 1362623450      80254 0 7 40.0 150.0 
 454 1362623450      90226 0 7 40.0 150.0 
 454 1362623450     100248 0 7 40.0 150.0 
 454 1362623450     110264 0 7 40.0 150.0 
 454 1362623450     120292 0 7 40.0 150.0 
 454 1362623450     130293 0 7 40.0 150.0 
 454 1362623450     140280 0 7 40.0 150.0 
 454 1362623450     150263 0 7 40.0 150.0 
 454 1362623450     160295 0 7 40.0 150.0 
 455 1362623450     170272 0 7 40.0 150.0 
 454 1362623450     180278 0 7 40.0 150.0 
 455 1362623450     190341 0 7 40.0 150.0 
 454 1362623450     200321 0 7 40.0 150.0 
 455 1362623450     210323 0 7 40.0 150.0 
 454 1362623450     220351 0 7 40.0 150.0 
 454 1362623450     230331 0 7 40.0 150.0 
 454 1362623450     240330 0 7 40.0 150.0 
 454 1362623450     250332 0 7 40.0 150.0 
 455 1362623450     260389 0 7 40.0 150.0 
 454 1362623450     270341 0 7 40.0 150.0 
 454 1362623450     280395 0 7 40.0 150.0 
 454 1362623450     290399 0 7 40.0 150.0 
 454 1362623450     300386 0 7 40.0 150.0 
 454 1362623450     310415 0 7 40.0 150.0 
 454 1362623450     320378 0 7 40.0 150.0 
 454 1362623450     330415 0 7 40.0 150.0 
 455 1362623450     340448 0 7 40.0 150.0 
 454 1362623450     350395 0 7 40.0 150.0 
 454 1362623450     360455 0 7 40.0 150.0 
 454 1362623450     370446 0 7 40.0 150.0 
 454 1362623450     380414 0 7 40.0 150.0 
 453 1362623450     390418 0 7 40.0 150.0 
 454 1362623450     400439 0 7 40.0 150.0 
 454 1362623450     410469 0 7 40.0 150.0 
 454 1362623450     420481 0 7 40.0 150.0 
 454 1362623450     430506 0 7 40.0 150.0 
 453 1362623450     440464 0 7 40.0 150.0 
 454 1362623450     450467 0 7 40.0 150.0 
 454 1362623450     460467 0 7 40.0 150.0 
 454 1362623450     470521 0 7 40.0 150.0 
 454 1362623450     480492 0 7 40.0 150.0 
 454 1362623450     490491 0 7 40.0 150.0 
 454 1362623450     500512 0 7 40.0 150.0 
 453 1362623450     510535 0 7 40.0 150.0 
 455 1362623450     520531 0 7 40.0 150.0 
 454 1362623450     530519 0 7 40.0 150.0 
 455 1362623450     540569 0 7 40.0 150.0 
 453 1362623450     550548 0 7 40.0 150.0 
 455 1362623450     560572 0 7 40.0 150.0 
 454 1362623450     570559 0 7 40.0 150.0 
 454 1362623450     580555 0 7 40.0 150.0 
 455 1362623450     590609 0 7 40.0 150.0 
 454 1362623450     600560 0 7 40.0 150.0 
 454 1362623450     610620 0 7 40.0 150.0 
 454 1362623450     620572 0 7 40.0 150.0 
 454 1362623450     630615 0 7 40.0 150.0 
 454 1362623450     640584 0 7 40.0 150.0 
 455 1362623450     650603 0 7 40.0 150.0 
 454 1362623450     660637 0 7 40.0 150.0 
 454 1362623450     670610 0 7 40.0 150.0 
 454 1362623450     680627 0 7 40.0 150.0 
 454 1362623450     690634 0 7 40.0 150.0 
 454 1362623450     700673 0 7 40.0 150.0 
 454 1362623450     710672 0 7 40.0 150.0 
 454 1362623450     720654 0 7 40.0 150.0 
 454 1362623450     730640 0 7 40.0 150.0 
 455 1362623450     740662 0 7 40.0 150.0 
 454 1362623450     750708 0 7 40.0 150.0 
 454 1362623450     760704 0 7 40.0 150.0 
 454 1362623450     770675 0 7 40.0 150.0 
 455 1362623450     780719 0 7 40.0 150.0 
 454 1362623450     790720 0 7 40.0 150.0 
 455 1362623450     800745 0 7 40.0 150.0 
 454 1362623450     810729 0 7 40.0 150.0 
 455 1362623450     820727 0 7 40.0 150.0 
 454 1362623450     830731 0 7 40.0 150.0 
 454 1362623450     840731 0 7 40.0 150.0 
 454 1362623450     850775 0 7 40.0 150.0 
 454 1362623450     860745 0 7 40.0 150.0 
 454 1362623450     870771 0 7 40.0 150.0 
 454 1362623450     880764 0 7 40.0 150.0 
 454 1362623450     890801 0 7 40.0 150.0 
 453 1362623450     900770 0 7 40.0 150.0 
 455 1362623450     910800 0 7 40.0 150.0 
 453 1362623450     920817 0 7 40.0 150.0 
 454 1362623450     930828 0 7 40.0 150.0 
 454 1362623450     940808 0 7 40.0 150.0 
 453 1362623450     950846 0 7 40.0 150.0 
 454 1362623450     960801 0 7 40.0 150.0 
 454 1362623450     970852 0 7 40.0 150.0 
 454 1362623450     980818 0 7 40.0 150.0 
 454 1362623450     990856 0 7 40.0 150.0 
 454 1362623451        847 0 7 40.0 150.0 
 454 1362623451      10840 0 7 40.0 150.0 
 454 1362623451      20855 0 7 40.0 150.0 
 453 1362623451      30839 0 7 40.0 150.0 
 454 1362623451      40842 0 7 40.0 150.0 
 454 1362623451      50876 0 7 40.0 150.0 
 454 1362623451      60896 0 7 40.0 150.0 
 453 1362623451      70865 0 7 40.0 150.0 
 453 1362623451      80924 0 7 40.0 150.0 
 453 1362623451      90937 0 7 40.0 150.0 
 454 1362623451     100926 0 7 40.0 150.0 
 454 1362623451     110927 0 7 40.0 150.0 
 454 1362623451     120937 0 7 40.0 150.0 
 454 1362623451     130906 0 7 40.0 150.0 
 453 1362623451     140950 0 7 40.0 150.0 
 455 1362623451     150957 0 7 40.0 150.0 
 453 1362623451     160963 0 7 40.0 150.0 
 454 1362623451     170975 0 7 40.0 150.0 
 454 1362623451     180979 0 7 40.0 150.0 
 454 1362623451     190977 0 7 40.0 150.0 
 454 1362623451     200956 0 7 40.0 150.0 
 455 1362623451     210959 0 7 40.0 150.0 
 454 1362623451     220993 0 7 40.0 150.0 
 454 1362623451     230980 0 7 40.0 150.0 
 455 1362623451     240984 0 7 40.0 150.0 
 454 1362623451     250992 0 7 40.0 150.0 
 454 1362623451     261003 0 7 40.0 150.0 
 454 1362623451     271011 0 7 40.0 150.0 
 455 1362623451     281018 0 7 40.0 150.0 
 453 1362623451     291017 0 7 40.0 150.0 
 454 1362623451     301065 0 7 40.0 150.0 
 454 1362623451     311087 0 7 40.0 150.0 
 454 1362623451     321041 0 7 40.0 150.0 
 454 1362623451     331072 0 7 40.0 150.0 
 454 1362623451     341097 0 7 40.0 150.0 
 454 1362623451     351086 0 7 40.0 150.0 
 454 1362623451     361110 0 7 40.0 150.0 
 453 1362623451     371083 0 7 40.0 150.0 
 454 1362623451     381075 0 7 40.0 150.0 
 454 1362623451     391111 0 7 40.0 150.0 
 454 1362623451     401143 0 7 40.0 150.0 
 455 1362623451     411105 0 7 40.0 150.0 
 454 1362623451     421096 0 7 40.0 150.0 
 454 1362623451     431118 0 7 40.0 150.0 
 455 1362623451     441152 0 7 40.0 150.0 
 455 1362623451     451163 0 7 40.0 150.0 
 454 1362623451     461122 0 7 40.0 150.0 
 455 1362623451     471157 0 7 40.0 150.0 
 454 1362623451     481154 0 7 40.0 150.0 
 454 1362623451     491175 0 7 40.0 150.0 
 454 1362623451     501179 0 7 40.0 150.0 
 454 1362623451     511213 0 7 40.0 150.0 
 454 1362623451     521222 0 7 40.0 150.0 
 454 1362623451     531170 0 7 40.0 150.0 
 454 1362623451     541204 0 7 40.0 150.0 
 454 1362623451     551215 0 7 40.0 150.0 
 455 1362623451     561193 0 7 40.0 150.0 
 453 1362623451     571250 0 7 40.0 150.0 
 454 1362623451     581222 0 7 40.0 150.0 
 454 1362623451     591227 0 7 40.0 150.0 
 454 1362623451     601254 0 7 40.0 150.0 
 454 1362623451     611223 0 7 40.0 150.0 
 454 1362623451     621255 0 7 40.0 150.0 
 454 1362623451     631247 0 7 40.0 150.0 
 454 1362623451     641259 0 7 40.0 150.0 
 455 1362623451     651279 0 7 40.0 150.0 
 455 1362623451     661280 0 7 40.0 150.0 
 455 1362623451     671274 0 7 40.0 150.0 
 455 1362623451     681271 0 7 40.0 150.0 
 455 1362623451     691318 0 7 40.0 150.0 
 454 1362623451     701287 0 7 40.0 150.0 
 454 1362623451     711314 0 7 40.0 150.0 
 455 1362623451     721311 0 7 40.0 150.0 
 454 1362623451     731350 0 7 40.0 150.0 
 454 1362623451     741322 0 7 40.0 150.0 
 454 1362623451     751325 0 7 40.0 150.0 
 455 1362623451     761327 0 7 40.0 150.0 
 454 1362623451     771359 0 7 40.0 150.0 
 454 1362623451     781392 0 7 40.0 150.0 
 454 1362623451     791362 0 7 40.0 150.0 
 454 1362623451     801384 0 7 40.0 150.0 
 454 1362623451     811384 0 7 40.0 150.0 
 454 1362623451     821381 0 7 40.0 150.0 
 454 1362623451     831370 0 7 40.0 150.0 
 455 1362623451     841422 0 7 40.0 150.0 
 455 1362623451     851425 0 7 40.0 150.0 
 454 1362623451     861431 0 7 40.0 150.0 
 454 1362623451     871407 0 7 40.0 150.0 
 454 1362623451     881423 0 7 40.0 150.0 
 454 1362623451     891453 0 7 40.0 150.0 
 454 1362623451     901432 0 7 40.0 150.0 
 455 1362623451     911469 0 7 40.0 150.0 
 454 1362623451     921426 0 7 40.0 150.0 
 454 1362623451     931464 0 7 40.0 150.0 
 453 1362623451     941487 0 7 40.0 150.0 
 454 1362623451     951466 0 7 40.0 150.0 
 454 1362623451     961496 0 7 40.0 150.0 
 454 1362623451     971481 0 7 40.0 150.0 
 454 1362623451     981510 0 7 40.0 150.0 
 454 1362623451     991500 0 7 40.0 150.0 
 455 1362623452       1491 0 7 40.0 150.0 
 455 1362623452      11530 0 7 40.0 150.0 
 455 1362623452      21542 0 7 40.0 150.0 
 454 1362623452      31519 0 7 40.0 150.0 
 455 1362623452      41564 0 7 40.0 150.0 
 454 1362623452      51540 0 7 40.0 150.0 
 454 1362623452      61560 0 7 40.0 150.0 
 454 1362623452      71526 0 7 40.0 150.0 
 454 1362623452      81555 0 7 40.0 150.0 
 454 1362623452      91542 0 7 40.0 150.0 
 454 1362623452     101603 0 7 40.0 150.0 
 454 1362623452     111581 0 7 40.0 150.0 
 454 1362623452     121581 0 7 40.0 150.0 
 453 1362623452     131579 0 7 40.0 150.0 
 454 1362623452     141592 0 7 40.0 150.0 
 454 1362623452     151584 0 7 40.0 150.0 
 454 1362623452     161602 0 7 40.0 150.0 
 455 1362623452     171647 0 7 40.0 150.0 
 454 1362623452     181616 0 7 40.0 150.0 
 455 1362623452     191633 0 7 40.0 150.0 
 454 1362623452     201661 0 7 40.0 150.0 
 455 1362623452     211638 0 7 40.0 150.0 
 455 1362623452     221652 0 7 40.0 150.0 
 455 1362623452     231681 0 7 40.0 150.0 
 455 1362623452     241646 0 7 40.0 150.0 
 456 1362623452     251666 0 7 40.0 150.0 
 455 1362623452     261715 0 7 40.0 150.0 
 454 1362623452     271698 0 7 40.0 150.0 
 454 1362623452     281677 0 7 40.0 150.0 
 453 1362623452     291675 0 7 40.0 150.0 
 454 1362623452     301683 0 7 40.0 150.0 
 454 1362623452     311739 0 7 40.0 150.0 
 455 1362623452     321691 0 7 40.0 150.0 
 453 1362623452     331750 0 7 40.0 150.0 
 454 1362623452     341732 0 7 40.0 150.0 
 453 1362623452     351716 0 7 40.0 150.0 
 454 1362623452     361736 0 7 40.0 150.0 
 454 1362623452     371739 0 7 40.0 150.0 
 454 1362623452     381771 0 7 40.0 150.0 
 455 1362623452     391772 0 7 40.0 150.0 
 454 1362623452     401752 0 7 40.0 150.0 
 455 1362623452     411795 0 7 40.0 150.0 
 454 1362623452     421794 0 7 40.0 150.0 
 454 1362623452     431772 0 7 40.0 150.0 
 454 1362623452     441831 0 7 40.0 150.0 
 454 1362623452     451793 0 7 40.0 150.0 
 454 1362623452     461811 0 7 40.0 150.0 
 454 1362623452     471832 0 7 40.0 150.0 
 455 1362623452     481827 0 7 40.0 150.0 
 454 1362623452     491837 0 7 40.0 150.0 
 454 1362623452     501834 0 7 40.0 150.0 
 454 1362623452     511818 0 7 40.0 150.0 
 453 1362623452     521863 0 7 40.0 150.0 
 453 1362623452     531860 0 7 40.0 150.0 
 454 1362623452     541894 0 7 40.0 150.0 
 454 1362623452     551901 0 7 40.0 150.0 
 454 1362623452     561878 0 7 40.0 150.0 
 454 1362623452     571876 0 7 40.0 150.0 
 454 1362623452     581905 0 7 40.0 150.0 
 454 1362623452     591886 0 7 40.0 150.0 
 454 1362623452     601925 0 7 40.0 150.0 
 454 1362623452     611939 0 7 40.0 150.0 
 454 1362623452     621941 0 7 40.0 150.0 
 455 1362623452     631931 0 7 40.0 150.0 
 455 1362623452     641961 0 7 40.0 150.0 
 455 1362623452     651961 0 7 40.0 150.0 
 454 1362623452     661931 0 7 40.0 150.0 
 454 1362623452     671975 0 7 40.0 150.0 
 454 1362623452     681935 0 7 40.0 150.0 
 455 1362623452     691969 0 7 40.0 150.0 
 454 1362623452     701964 0 7 40.0 150.0 
 455 1362623452     711964 0 7 40.0 150.0 
 455 1362623452     722011 0 7 40.0 150.0 
 455 1362623452     731997 0 7 40.0 150.0 
 454 1362623452     741984 0 7 40.0 150.0 
 455 1362623452     752002 0 7 40.0 150.0 
 454 1362623452     762014 0 7 40.0 150.0 
 454 1362623452     772020 0 7 40.0 150.0 
 454 1362623452     782007 0 7 40.0 150.0 
 454 1362623452     792003 0 7 40.0 150.0 
 453 1362623452     802013 0 7 40.0 150.0 
 454 1362623452     812042 0 7 40.0 150.0 
 455 1362623452     822087 0 7 40.0 150.0 
 453 1362623452     832086 0 7 40.0 150.0 
 454 1362623452     842074 0 7 40.0 150.0 
 454 1362623452     852050 0 7 40.0 150.0 
 454 1362623452     862085 0 7 40.0 150.0 
 454 1362623452     872075 0 7 40.0 150.0 
 455 1362623452     882080 0 7 40.0 150.0 
 454 1362623452     892113 0 7 40.0 150.0 
 455 1362623452     902108 0 7 40.0 150.0 
 455 1362623452     912146 0 7 40.0 150.0 
 455 1362623452     922102 0 7 40.0 150.0 
 454 1362623452     932136 0 7 40.0 150.0 
 454 1362623452     942109 0 7 40.0 150.0 
 455 1362623452     952118 0 7 40.0 150.0 
 454 1362623452     962163 0 7 40.0 150.0 
 455 1362623452     972171 0 7 40.0 150.0 
 454 1362623452     982151 0 7 40.0 150.0 
 454 1362623452     992181 0 7 40.0 150.0 
 454 1362623453       2203 0 7 40.0 150.0 
 454 1362623453      12155 0 7 40.0 150.0 
 453 1362623453      22211 0 7 40.0 150.0 
 454 1362623453      32220 0 7 40.0 150.0 
 454 1362623453      42170 0 7 40.0 150.0 
 454 1362623453      52187 0 7 40.0 150.0 
 454 1362623453      62192 0 7 40.0 150.0 
 454 1362623453      72215 0 7 40.0 150.0 
 454 1362623453      82203 0 7 40.0 150.0 
 454 1362623453      92250 0 7 40.0 150.0 
 455 1362623453     102258 0 7 40.0 150.0 
 454 1362623453     112261 0 7 40.0 150.0 
 455 1362623453     122246 0 7 40.0 150.0 
 454 1362623453     132228 0 7 40.0 150.0 
 454 1362623453     142244 0 7 40.0 150.0 
 455 1362623453     152275 0 7 40.0 150.0 
 454 1362623453     162287 0 7 40.0 150.0 
 455 1362623453     172256 0 7 40.0 150.0 
 454 1362623453     182316 0 7 40.0 150.0 
 454 1362623453     192299 0 7 40.0 150.0 
 454 1362623453     202317 0 7 40.0 150.0 
 455 1362623453     212285 0 7 40.0 150.0 
 454 1362623453     222297 0 7 40.0 150.0 
 455 1362623453     232315 0 7 40.0 150.0 
 455 1362623453     242356 0 7 40.0 150.0 
 455 1362623453     252342 0 7 40.0 150.0 
 454 1362623453     262364 0 7 40.0 150.0 
 454 1362623453     272373 0 7 40.0 150.0 
 454 1362623453     282351 0 7 40.0 150.0 
 454 1362623453     292345 0 7 40.0 150.0 
 454 1362623453     302387 0 7 40.0 150.0 
 453 1362623453     312359 0 7 40.0 150.0 
 454 1362623453     322391 0 7 40.0 150.0 
 454 1362623453     332387 0 7 40.0 150.0 
 455 1362623453     342410 0 7 40.0 150.0 
 454 1362623453     352375 0 7 40.0 150.0 
 455 1362623453     362398 0 7 40.0 150.0 
 454 1362623453     372406 0 7 40.0 150.0 
 454 1362623453     382415 0 7 40.0 150.0 
 454 1362623453     392444 0 7 40.0 150.0 
 454 1362623453     402417 0 7 40.0 150.0 
 454 1362623453     412466 0 7 40.0 150.0 
 454 1362623453     422458 0 7 40.0 150.0 
 454 1362623453     432462 0 7 40.0 150.0 
 455 1362623453     442459 0 7 40.0 150.0 
 454 1362623453     452474 0 7 40.0 150.0 
 455 1362623453     462507 0 7 40.0 150.0 
 455 1362623453     472500 0 7 40.0 150.0 
 454 1362623453     482520 0 7 40.0 150.0 
 454 1362623453     492514 0 7 40.0 150.0 
 454 1362623453     502522 0 7 40.0 150.0 
 453 1362623453     512478 0 7 40.0 150.0 
 453 1362623453     522515 0 7 40.0 150.0 
 454 1362623453     532525 0 7 40.0 150.0 
 454 1362623453     542516 0 7 40.0 150.0 
 455 1362623453     552556 0 7 40.0 150.0 
 454 1362623453     562530 0 7 40.0 150.0 
 454 1362623453     572541 0 7 40.0 150.0 
 453 1362623453     582554 0 7 40.0 150.0 
 453 1362623453     592532 0 7 40.0 150.0 
 454 1362623453     602545 0 7 40.0 150.0 
 454 1362623453     612548 0 7 40.0 150.0 
 454 1362623453     622561 0 7 40.0 150.0 
 454 1362623453     632572 0 7 40.0 150.0 
 454 1362623453     642598 0 7 40.0 150.0 
 454 1362623453     652602 0 7 40.0 150.0 
 454 1362623453     662596 0 7 40.0 150.0 
 454 1362623453     672636 0 7 40.0 150.0 
 454 1362623453     682612 0 7 40.0 150.0 
 455 1362623453     692643 0 7 40.0 150.0 
 455 1362623453     702620 0 7 40.0 150.0 
 455 1362623453     712659 0 7 40.0 150.0 
 454 1362623453     722631 0 7 40.0 150.0 
 455 1362623453     732637 0 7 40.0 150.0 
 454 1362623453     742675 0 7 40.0 150.0 
 455 1362623453     752662 0 7 40.0 150.0 
 454 1362623453     762669 0 7 40.0 150.0 
 454 1362623453     772673 0 7 40.0 150.0 
 454 1362623453     782662 0 7 40.0 150.0 
 454 1362623453     792692 0 7 40.0 150.0 
 454 1362623453     802714 0 7 40.0 150.0 
 454 1362623453     812688 0 7 40.0 150.0 
 455 1362623453     822716 0 7 40.0 150.0 
 454 1362623453     832751 0 7 40.0 150.0 
 455 1362623453     842712 0 7 40.0 150.0 
 454 1362623453     852744 0 7 40.0 150.0 
 454 1362623453     862740 0 7 40.0 150.0 
 454 1362623453     872750 0 7 40.0 150.0 
 454 1362623453     882748 0 7 40.0 150.0 
 454 1362623453     892781 0 7 40.0 150.0 
 454 1362623453     902796 0 7 40.0 150.0 
 454 1362623453     912768 0 7 40.0 150.0 
 454 1362623453     922789 0 7 40.0 150.0 
 454 1362623453     932793 0 7 40.0 150.0 
 454 1362623453     942785 0 7 40.0 150.0 
 454 1362623453     952775 0 7 40.0 150.0 
 454 1362623453     962808 0 7 40.0 150.0 
 454 1362623453     972829 0 7 40.0 150.0 
 454 1362623453     982806 0 7 40.0 150.0 
 455 1362623453     992845 0 7 40.0 150.0 
 454 1362623454       2854 0 7 40.0 150.0 
 454 1362623454      12850 0 7 40.0 150.0 
 454 1362623454      22856 0 7 40.0 150.0 
 454 1362623454      32870 0 7 40.0 150.0 
 454 1362623454      42834 0 7 40.0 150.0 
 454 1362623454      52846 0 7 40.0 150.0 
 454 1362623454      62882 0 7 40.0 150.0 
 454 1362623454      72874 0 7 40.0 150.0 
 454 1362623454      82873 0 7 40.0 150.0 
 453 1362623454      92877 0 7 40.0 150.0 
 454 1362623454     102870 0 7 40.0 150.0 
 453 1362623454     112930 0 7 40.0 150.0 
 454 1362623454     122882 0 7 40.0 150.0 
 453 1362623454     132940 0 7 40.0 150.0 
 454 1362623454     142955 0 7 40.0 150.0 
 454 1362623454     152908 0 7 40.0 150.0 
 454 1362623454     162917 0 7 40.0 150.0 
 454 1362623454     172921 0 7 40.0 150.0 
 454 1362623454     182967 0 7 40.0 150.0 
 455 1362623454     192961 0 7 40.0 150.0 
 454 1362623454     202942 0 7 40.0 150.0 
 454 1362623454     212963 0 7 40.0 150.0 
 453 1362623454     223006 0 7 40.0 150.0 
 454 1362623454     232968 0 7 40.0 150.0 
 453 1362623454     243008 0 7 40.0 150.0 
 454 1362623454     253032 0 7 40.0 150.0 
 454 1362623454     263024 0 7 40.0 150.0 
 455 1362623454     273035 0 7 40.0 150.0 
 454 1362623454     283011 0 7 40.0 150.0 
 454 1362623454     292994 0 7 40.0 150.0 
 455 1362623454     303034 0 7 40.0 150.0 
 455 1362623454     313014 0 7 40.0 150.0 
 454 1362623454     323030 0 7 40.0 150.0 
 454 1362623454     333061 0 7 40.0 150.0 
 455 1362623454     343074 0 7 40.0 150.0 
 454 1362623454     353089 0 7 40.0 150.0 
 455 1362623454     363083 0 7 40.0 150.0 
 454 1362623454     373095 0 7 40.0 150.0 
 455 1362623454     383110 0 7 40.0 150.0 
 454 1362623454     393071 0 7 40.0 150.0 
 454 1362623454     403129 0 7 40.0 150.0 
 454 1362623454     413127 0 7 40.0 150.0 
 455 1362623454     423095 0 7 40.0 150.0 
 454 1362623454     433087 0 7 40.0 150.0 
 455 1362623454     443131 0 7 40.0 150.0 
 454 1362623454     453132 0 7 40.0 150.0 
 454 1362623454     463118 0 7 40.0 150.0 
 454 1362623454     473170 0 7 40.0 150.0 
 454 1362623454     483141 0 7 40.0 150.0 
 454 1362623454     493169 0 7 40.0 150.0 
 454 1362623454     503185 0 7 40.0 150.0 
 453 1362623454     513169 0 7 40.0 150.0 
 454 1362623454     523192 0 7 40.0 150.0 
 455 1362623454     533178 0 7 40.0 150.0 
 454 1362623454     543163 0 7 40.0 150.0 
 455 1362623454     553229 0 7 40.0 150.0 
 455 1362623454     563184 0 7 40.0 150.0 
 454 1362623454     573199 0 7 40.0 150.0 
 454 1362623454     583234 0 7 40.0 150.0 
 454 1362623454     593225 0 7 40.0 150.0 
 454 1362623454     603202 0 7 40.0 150.0 
 454 1362623454     613207 0 7 40.0 150.0 
 455 1362623454     623239 0 7 40.0 150.0 
 454 1362623454     633246 0 7 40.0 150.0 
 454 1362623454     643263 0 7 40.0 150.0 
 454 1362623454     653271 0 7 40.0 150.0 
 454 1362623454     663261 0 7 40.0 150.0 
 454 1362623454     673299 0 7 40.0 150.0 
 455 1362623454     683279 0 7 40.0 150.0 
 454 1362623454     693258 0 7 40.0 150.0 
 455 1362623454     703319 0 7 40.0 150.0 
 455 1362623454     713289 0 7 40.0 150.0 
 455 1362623454     723294 0 7 40.0 150.0 
 454 1362623454     733298 0 7 40.0 150.0 
 454 1362623454     743327 0 7 40.0 150.0 
 455 1362623454     753299 0 7 40.0 150.0 
 454 1362623454     763336 0 7 40.0 150.0 
 455 1362623454     773362 0 7 40.0 150.0 
 455 1362623454     783348 0 7 40.0 150.0 
 454 1362623454     793325 0 7 40.0 150.0 
 454 1362623454     803334 0 7 40.0 150.0 
 455 1362623454     813353 0 7 40.0 150.0 
 454 1362623454     823371 0 7 40.0 150.0 
 454 1362623454     833383 0 7 40.0 150.0 
 454 1362623454     843371 0 7 40.0 150.0 
 454 1362623454     853382 0 7 40.0 150.0 
 455 1362623454     863416 0 7 40.0 150.0 
 454 1362623454     873399 0 7 40.0 150.0 
 455 1362623454     883395 0 7 40.0 150.0 
 454 1362623454     893394 0 7 40.0 150.0 
 454 1362623454     903448 0 7 40.0 150.0 
 454 1362623454     913413 0 7 40.0 150.0 
 455 1362623454     923455 0 7 40.0 150.0 
 454 1362623454     933441 0 7 40.0 150.0 
 454 1362623454     943460 0 7 40.0 150.0 
 455 1362623454     953473 0 7 40.0 150.0 
 454 1362623454     963481 0 7 40.0 150.0 
 454 1362623454     973494 0 7 40.0 150.0 
 454 1362623454     983484 0 7 40.0 150.0 
 454 1362623454     993479 0 7 40.0 150.0 
 454 1362623455       3495 0 7 40.0 150.0 
 454 1362623455      13477 0 7 40.0 150.0 
 454 1362623455      23511 0 7 40.0 150.0 
 454 1362623455      33498 0 7 40.0 150.0 
 455 1362623455      43517 0 7 40.0 150.0 
 455 1362623455      53510 0 7 40.0 150.0 
 454 1362623455      63549 0 7 40.0 150.0 
 454 1362623455      73523 0 7 40.0 150.0 
 454 1362623455      83528 0 7 40.0 150.0 
 453 1362623455      93542 0 7 40.0 150.0 
 455 1362623455     103579 0 7 40.0 150.0 
 454 1362623455     113537 0 7 40.0 150.0 
 454 1362623455     123600 0 7 40.0 150.0 
 454 1362623455     133594 0 7 40.0 150.0 
 454 1362623455     143587 0 7 40.0 150.0 
 454 1362623455     153597 0 7 40.0 150.0 
 454 1362623455     163623 0 7 40.0 150.0 
 455 1362623455     173605 0 7 40.0 150.0 
 454 1362623455     183605 0 7 40.0 150.0 
 454 1362623455     193606 0 7 40.0 150.0 
 455 1362623455     203642 0 7 40.0 150.0 
 454 1362623455     213653 0 7 40.0 150.0 
 455 1362623455     223623 0 7 40.0 150.0 
 455 1362623455     233628 0 7 40.0 150.0 
 454 1362623455     243651 0 7 40.0 150.0 
 455 1362623455     253641 0 7 40.0 150.0 
 454 1362623455     263685 0 7 40.0 150.0 
 453 1362623455     273671 0 7 40.0 150.0 
 454 1362623455     283671 0 7 40.0 150.0 
 454 1362623455     293666 0 7 40.0 150.0 
 454 1362623455     303676 0 7 40.0 150.0 
