 142 1362622792     445938 0 5 40.0 50.0 
 143 1362622792     455868 0 5 40.0 50.0 
 141 1362622792     465860 0 5 40.0 50.0 
 143 1362622792     475860 0 5 40.0 50.0 
 142 1362622792     485864 0 5 40.0 50.0 
 142 1362622792     495815 0 5 40.0 50.0 
 142 1362622792     505993 0 5 40.0 50.0 
 143 1362622792     515912 0 5 40.0 50.0 
 142 1362622792     525880 0 5 40.0 50.0 
 142 1362622792     535871 0 5 40.0 50.0 
 143 1362622792     545999 0 5 40.0 50.0 
 142 1362622792     555955 0 5 40.0 50.0 
 142 1362622792     565974 0 5 40.0 50.0 
 142 1362622792     575922 0 5 40.0 50.0 
 142 1362622792     586006 0 5 40.0 50.0 
 142 1362622792     608166 0 5 40.0 50.0 
 142 1362622792     615908 0 5 40.0 50.0 
 143 1362622792     625910 0 5 40.0 50.0 
 142 1362622792     635926 0 5 40.0 50.0 
 143 1362622792     645914 0 5 40.0 50.0 
 142 1362622792     655908 0 5 40.0 50.0 
 143 1362622792     665974 0 5 40.0 50.0 
 142 1362622792     675986 0 5 40.0 50.0 
 143 1362622792     685930 0 5 40.0 50.0 
 142 1362622792     695995 0 5 40.0 50.0 
 143 1362622792     705940 0 5 40.0 50.0 
 142 1362622792     715955 0 5 40.0 50.0 
 142 1362622792     726046 0 5 40.0 50.0 
 142 1362622792     735989 0 5 40.0 50.0 
 143 1362622792     745987 0 5 40.0 50.0 
 142 1362622792     755993 0 5 40.0 50.0 
 143 1362622792     765999 0 5 40.0 50.0 
 142 1362622792     776013 0 5 40.0 50.0 
 142 1362622792     786048 0 5 40.0 50.0 
 143 1362622792     796047 0 5 40.0 50.0 
 142 1362622792     806058 0 5 40.0 50.0 
 143 1362622792     816078 0 5 40.0 50.0 
 142 1362622792     826088 0 5 40.0 50.0 
 143 1362622792     836040 0 5 40.0 50.0 
 142 1362622792     846087 0 5 40.0 50.0 
 142 1362622792     856092 0 5 40.0 50.0 
 142 1362622792     866102 0 5 40.0 50.0 
 142 1362622792     876110 0 5 40.0 50.0 
 142 1362622792     886109 0 5 40.0 50.0 
 143 1362622792     896104 0 5 40.0 50.0 
 143 1362622792     906119 0 5 40.0 50.0 
 142 1362622792     916119 0 5 40.0 50.0 
 143 1362622792     926151 0 5 40.0 50.0 
 142 1362622792     936108 0 5 40.0 50.0 
 142 1362622792     946114 0 5 40.0 50.0 
 143 1362622792     956121 0 5 40.0 50.0 
 142 1362622792     966146 0 5 40.0 50.0 
 143 1362622792     976161 0 5 40.0 50.0 
 143 1362622792     986143 0 5 40.0 50.0 
 142 1362622792     996177 0 5 40.0 50.0 
 143 1362622793       6199 0 5 40.0 50.0 
 142 1362622793      16157 0 5 40.0 50.0 
 142 1362622793      26185 0 5 40.0 50.0 
 142 1362622793      36163 0 5 40.0 50.0 
 142 1362622793      46177 0 5 40.0 50.0 
 143 1362622793      56207 0 5 40.0 50.0 
 142 1362622793      66177 0 5 40.0 50.0 
 142 1362622793      76201 0 5 40.0 50.0 
 142 1362622793      86234 0 5 40.0 50.0 
 142 1362622793      96243 0 5 40.0 50.0 
 143 1362622793     106234 0 5 40.0 50.0 
 142 1362622793     116212 0 5 40.0 50.0 
 142 1362622793     126277 0 5 40.0 50.0 
 143 1362622793     136275 0 5 40.0 50.0 
 142 1362622793     146233 0 5 40.0 50.0 
 143 1362622793     156233 0 5 40.0 50.0 
 142 1362622793     166303 0 5 40.0 50.0 
 143 1362622793     176301 0 5 40.0 50.0 
 142 1362622793     186270 0 5 40.0 50.0 
 142 1362622793     196303 0 5 40.0 50.0 
 142 1362622793     206301 0 5 40.0 50.0 
 143 1362622793     216321 0 5 40.0 50.0 
 142 1362622793     226319 0 5 40.0 50.0 
 143 1362622793     236330 0 5 40.0 50.0 
 142 1362622793     246306 0 5 40.0 50.0 
 143 1362622793     256308 0 5 40.0 50.0 
 143 1362622793     266371 0 5 40.0 50.0 
 142 1362622793     276377 0 5 40.0 50.0 
 143 1362622793     286323 0 5 40.0 50.0 
 142 1362622793     296371 0 5 40.0 50.0 
 142 1362622793     306372 0 5 40.0 50.0 
 142 1362622793     316398 0 5 40.0 50.0 
 143 1362622793     326397 0 5 40.0 50.0 
 142 1362622793     336407 0 5 40.0 50.0 
 143 1362622793     346389 0 5 40.0 50.0 
 142 1362622793     356399 0 5 40.0 50.0 
 143 1362622793     366422 0 5 40.0 50.0 
 142 1362622793     376442 0 5 40.0 50.0 
 142 1362622793     386441 0 5 40.0 50.0 
 142 1362622793     396416 0 5 40.0 50.0 
 143 1362622793     406432 0 5 40.0 50.0 
 142 1362622793     416436 0 5 40.0 50.0 
 143 1362622793     426439 0 5 40.0 50.0 
 142 1362622793     436471 0 5 40.0 50.0 
 143 1362622793     446454 0 5 40.0 50.0 
 142 1362622793     456459 0 5 40.0 50.0 
 142 1362622793     466459 0 5 40.0 50.0 
 143 1362622793     476517 0 5 40.0 50.0 
 142 1362622793     486498 0 5 40.0 50.0 
 143 1362622793     496497 0 5 40.0 50.0 
 142 1362622793     506493 0 5 40.0 50.0 
 143 1362622793     516493 0 5 40.0 50.0 
 142 1362622793     526493 0 5 40.0 50.0 
 143 1362622793     536488 0 5 40.0 50.0 
 142 1362622793     546537 0 5 40.0 50.0 
 143 1362622793     556536 0 5 40.0 50.0 
 142 1362622793     566555 0 5 40.0 50.0 
 142 1362622793     576574 0 5 40.0 50.0 
 142 1362622793     586572 0 5 40.0 50.0 
 143 1362622793     596550 0 5 40.0 50.0 
 142 1362622793     606542 0 5 40.0 50.0 
 143 1362622793     616547 0 5 40.0 50.0 
 142 1362622793     626612 0 5 40.0 50.0 
 142 1362622793     636562 0 5 40.0 50.0 
 143 1362622793     646559 0 5 40.0 50.0 
 142 1362622793     656584 0 5 40.0 50.0 
 142 1362622793     666585 0 5 40.0 50.0 
 142 1362622793     676607 0 5 40.0 50.0 
 142 1362622793     686609 0 5 40.0 50.0 
 142 1362622793     696658 0 5 40.0 50.0 
 142 1362622793     706602 0 5 40.0 50.0 
 142 1362622793     716677 0 5 40.0 50.0 
 143 1362622793     726653 0 5 40.0 50.0 
 142 1362622793     736661 0 5 40.0 50.0 
 143 1362622793     746642 0 5 40.0 50.0 
 142 1362622793     756661 0 5 40.0 50.0 
 143 1362622793     766669 0 5 40.0 50.0 
 142 1362622793     776697 0 5 40.0 50.0 
 143 1362622793     786721 0 5 40.0 50.0 
 142 1362622793     796707 0 5 40.0 50.0 
 143 1362622793     806736 0 5 40.0 50.0 
 142 1362622793     816732 0 5 40.0 50.0 
 143 1362622793     826731 0 5 40.0 50.0 
 142 1362622793     836751 0 5 40.0 50.0 
 142 1362622793     846729 0 5 40.0 50.0 
 142 1362622793     856728 0 5 40.0 50.0 
 142 1362622793     866740 0 5 40.0 50.0 
 143 1362622793     876740 0 5 40.0 50.0 
 142 1362622793     886756 0 5 40.0 50.0 
 142 1362622793     896793 0 5 40.0 50.0 
 142 1362622793     906735 0 5 40.0 50.0 
 142 1362622793     916752 0 5 40.0 50.0 
 142 1362622793     926763 0 5 40.0 50.0 
 142 1362622793     936795 0 5 40.0 50.0 
 142 1362622793     946784 0 5 40.0 50.0 
 143 1362622793     956784 0 5 40.0 50.0 
 142 1362622793     966815 0 5 40.0 50.0 
 143 1362622793     976833 0 5 40.0 50.0 
 142 1362622793     986831 0 5 40.0 50.0 
 142 1362622793     996812 0 5 40.0 50.0 
 143 1362622794       6818 0 5 40.0 50.0 
 142 1362622794      16822 0 5 40.0 50.0 
 143 1362622794      26842 0 5 40.0 50.0 
 142 1362622794      36853 0 5 40.0 50.0 
 143 1362622794      46834 0 5 40.0 50.0 
 142 1362622794      56838 0 5 40.0 50.0 
 142 1362622794      66860 0 5 40.0 50.0 
 142 1362622794      76870 0 5 40.0 50.0 
 143 1362622794      86884 0 5 40.0 50.0 
 142 1362622794      96875 0 5 40.0 50.0 
 143 1362622794     106889 0 5 40.0 50.0 
 142 1362622794     116900 0 5 40.0 50.0 
 143 1362622794     126901 0 5 40.0 50.0 
 142 1362622794     136907 0 5 40.0 50.0 
 143 1362622794     146932 0 5 40.0 50.0 
 142 1362622794     156960 0 5 40.0 50.0 
 143 1362622794     166963 0 5 40.0 50.0 
 142 1362622794     176909 0 5 40.0 50.0 
 142 1362622794     186924 0 5 40.0 50.0 
 142 1362622794     196931 0 5 40.0 50.0 
 142 1362622794     206982 0 5 40.0 50.0 
 143 1362622794     216966 0 5 40.0 50.0 
 142 1362622794     226943 0 5 40.0 50.0 
 143 1362622794     236988 0 5 40.0 50.0 
 142 1362622794     247008 0 5 40.0 50.0 
 142 1362622794     256976 0 5 40.0 50.0 
 142 1362622794     267020 0 5 40.0 50.0 
 143 1362622794     276998 0 5 40.0 50.0 
 142 1362622794     287011 0 5 40.0 50.0 
 142 1362622794     297042 0 5 40.0 50.0 
 142 1362622794     307061 0 5 40.0 50.0 
 143 1362622794     317022 0 5 40.0 50.0 
 142 1362622794     327069 0 5 40.0 50.0 
 143 1362622794     337065 0 5 40.0 50.0 
 142 1362622794     347040 0 5 40.0 50.0 
 143 1362622794     357027 0 5 40.0 50.0 
 143 1362622794     367058 0 5 40.0 50.0 
 142 1362622794     377081 0 5 40.0 50.0 
 143 1362622794     387067 0 5 40.0 50.0 
 142 1362622794     397095 0 5 40.0 50.0 
 142 1362622794     407123 0 5 40.0 50.0 
 143 1362622794     417104 0 5 40.0 50.0 
 142 1362622794     427132 0 5 40.0 50.0 
 143 1362622794     437112 0 5 40.0 50.0 
 142 1362622794     447125 0 5 40.0 50.0 
 142 1362622794     457097 0 5 40.0 50.0 
 143 1362622794     467125 0 5 40.0 50.0 
 142 1362622794     477163 0 5 40.0 50.0 
 143 1362622794     487174 0 5 40.0 50.0 
 142 1362622794     497146 0 5 40.0 50.0 
 143 1362622794     507130 0 5 40.0 50.0 
 142 1362622794     517155 0 5 40.0 50.0 
 142 1362622794     527207 0 5 40.0 50.0 
 142 1362622794     537173 0 5 40.0 50.0 
 142 1362622794     547211 0 5 40.0 50.0 
 143 1362622794     557181 0 5 40.0 50.0 
 142 1362622794     567223 0 5 40.0 50.0 
 143 1362622794     577198 0 5 40.0 50.0 
 142 1362622794     587227 0 5 40.0 50.0 
 142 1362622794     597193 0 5 40.0 50.0 
 142 1362622794     607231 0 5 40.0 50.0 
 142 1362622794     617209 0 5 40.0 50.0 
 142 1362622794     627238 0 5 40.0 50.0 
 143 1362622794     637278 0 5 40.0 50.0 
 142 1362622794     647255 0 5 40.0 50.0 
 142 1362622794     657291 0 5 40.0 50.0 
 143 1362622794     667253 0 5 40.0 50.0 
 143 1362622794     677302 0 5 40.0 50.0 
 142 1362622794     687273 0 5 40.0 50.0 
 143 1362622794     697311 0 5 40.0 50.0 
 142 1362622794     707291 0 5 40.0 50.0 
 142 1362622794     717335 0 5 40.0 50.0 
 142 1362622794     727319 0 5 40.0 50.0 
 142 1362622794     737286 0 5 40.0 50.0 
 143 1362622794     747300 0 5 40.0 50.0 
 142 1362622794     757349 0 5 40.0 50.0 
 143 1362622794     767318 0 5 40.0 50.0 
 142 1362622794     777366 0 5 40.0 50.0 
 142 1362622794     787334 0 5 40.0 50.0 
 142 1362622794     797365 0 5 40.0 50.0 
 143 1362622794     807329 0 5 40.0 50.0 
 142 1362622794     817367 0 5 40.0 50.0 
 143 1362622794     827352 0 5 40.0 50.0 
 143 1362622794     837383 0 5 40.0 50.0 
 142 1362622794     847360 0 5 40.0 50.0 
 143 1362622794     857415 0 5 40.0 50.0 
 142 1362622794     867391 0 5 40.0 50.0 
 142 1362622794     877438 0 5 40.0 50.0 
 142 1362622794     887424 0 5 40.0 50.0 
 142 1362622794     897393 0 5 40.0 50.0 
 143 1362622794     907420 0 5 40.0 50.0 
 142 1362622794     917465 0 5 40.0 50.0 
 143 1362622794     927428 0 5 40.0 50.0 
 143 1362622794     937473 0 5 40.0 50.0 
 142 1362622794     947436 0 5 40.0 50.0 
 142 1362622794     957482 0 5 40.0 50.0 
 142 1362622794     967448 0 5 40.0 50.0 
 143 1362622794     977479 0 5 40.0 50.0 
 142 1362622794     987512 0 5 40.0 50.0 
 143 1362622794     997518 0 5 40.0 50.0 
 142 1362622795       7493 0 5 40.0 50.0 
 143 1362622795      17511 0 5 40.0 50.0 
 142 1362622795      27536 0 5 40.0 50.0 
 142 1362622795      37488 0 5 40.0 50.0 
 142 1362622795      47551 0 5 40.0 50.0 
 142 1362622795      57501 0 5 40.0 50.0 
 143 1362622795      67503 0 5 40.0 50.0 
 142 1362622795      77518 0 5 40.0 50.0 
 143 1362622795      87513 0 5 40.0 50.0 
 142 1362622795      97526 0 5 40.0 50.0 
 143 1362622795     107577 0 5 40.0 50.0 
 142 1362622795     117528 0 5 40.0 50.0 
 143 1362622795     127557 0 5 40.0 50.0 
 142 1362622795     137586 0 5 40.0 50.0 
 143 1362622795     147550 0 5 40.0 50.0 
 142 1362622795     157581 0 5 40.0 50.0 
 142 1362622795     167606 0 5 40.0 50.0 
 142 1362622795     177636 0 5 40.0 50.0 
 143 1362622795     187576 0 5 40.0 50.0 
 142 1362622795     197614 0 5 40.0 50.0 
 143 1362622795     207589 0 5 40.0 50.0 
 142 1362622795     217627 0 5 40.0 50.0 
 143 1362622795     227650 0 5 40.0 50.0 
 142 1362622795     237612 0 5 40.0 50.0 
 142 1362622795     247626 0 5 40.0 50.0 
 142 1362622795     257649 0 5 40.0 50.0 
 142 1362622795     267635 0 5 40.0 50.0 
 143 1362622795     277660 0 5 40.0 50.0 
 142 1362622795     287643 0 5 40.0 50.0 
 143 1362622795     297674 0 5 40.0 50.0 
 142 1362622795     307713 0 5 40.0 50.0 
 143 1362622795     317694 0 5 40.0 50.0 
 142 1362622795     327730 0 5 40.0 50.0 
 142 1362622795     337709 0 5 40.0 50.0 
 142 1362622795     347740 0 5 40.0 50.0 
 143 1362622795     357728 0 5 40.0 50.0 
 142 1362622795     367762 0 5 40.0 50.0 
 143 1362622795     377731 0 5 40.0 50.0 
 142 1362622795     387710 0 5 40.0 50.0 
 143 1362622795     397735 0 5 40.0 50.0 
 142 1362622795     407780 0 5 40.0 50.0 
 143 1362622795     417738 0 5 40.0 50.0 
 142 1362622795     427785 0 5 40.0 50.0 
 143 1362622795     437775 0 5 40.0 50.0 
 143 1362622795     447798 0 5 40.0 50.0 
 142 1362622795     457781 0 5 40.0 50.0 
 143 1362622795     467827 0 5 40.0 50.0 
 142 1362622795     477790 0 5 40.0 50.0 
 143 1362622795     487786 0 5 40.0 50.0 
 142 1362622795     497811 0 5 40.0 50.0 
 143 1362622795     507854 0 5 40.0 50.0 
 142 1362622795     517839 0 5 40.0 50.0 
 143 1362622795     527804 0 5 40.0 50.0 
 142 1362622795     537832 0 5 40.0 50.0 
 143 1362622795     547841 0 5 40.0 50.0 
 142 1362622795     557874 0 5 40.0 50.0 
 143 1362622795     567845 0 5 40.0 50.0 
 142 1362622795     577880 0 5 40.0 50.0 
 143 1362622795     587850 0 5 40.0 50.0 
 142 1362622795     597905 0 5 40.0 50.0 
 143 1362622795     607877 0 5 40.0 50.0 
 142 1362622795     617922 0 5 40.0 50.0 
 143 1362622795     627892 0 5 40.0 50.0 
 142 1362622795     637929 0 5 40.0 50.0 
 143 1362622795     647891 0 5 40.0 50.0 
 142 1362622795     657915 0 5 40.0 50.0 
 142 1362622795     667947 0 5 40.0 50.0 
 143 1362622795     677906 0 5 40.0 50.0 
 142 1362622795     687962 0 5 40.0 50.0 
 143 1362622795     697917 0 5 40.0 50.0 
 142 1362622795     707952 0 5 40.0 50.0 
 143 1362622795     717978 0 5 40.0 50.0 
 142 1362622795     727958 0 5 40.0 50.0 
 143 1362622795     737984 0 5 40.0 50.0 
 142 1362622795     747958 0 5 40.0 50.0 
 143 1362622795     757989 0 5 40.0 50.0 
 142 1362622795     767962 0 5 40.0 50.0 
 142 1362622795     778014 0 5 40.0 50.0 
 142 1362622795     788042 0 5 40.0 50.0 
 142 1362622795     798003 0 5 40.0 50.0 
 143 1362622795     807984 0 5 40.0 50.0 
 142 1362622795     818034 0 5 40.0 50.0 
 143 1362622795     828010 0 5 40.0 50.0 
 142 1362622795     838060 0 5 40.0 50.0 
 142 1362622795     848039 0 5 40.0 50.0 
 143 1362622795     858079 0 5 40.0 50.0 
 142 1362622795     868042 0 5 40.0 50.0 
 142 1362622795     878078 0 5 40.0 50.0 
 143 1362622795     888056 0 5 40.0 50.0 
 142 1362622795     898099 0 5 40.0 50.0 
 143 1362622795     908071 0 5 40.0 50.0 
 142 1362622795     918113 0 5 40.0 50.0 
 143 1362622795     928121 0 5 40.0 50.0 
 142 1362622795     938101 0 5 40.0 50.0 
 143 1362622795     948131 0 5 40.0 50.0 
 142 1362622795     958093 0 5 40.0 50.0 
 142 1362622795     968120 0 5 40.0 50.0 
 142 1362622795     978139 0 5 40.0 50.0 
 143 1362622795     988171 0 5 40.0 50.0 
 142 1362622795     998129 0 5 40.0 50.0 
 143 1362622796       8159 0 5 40.0 50.0 
 142 1362622796      18169 0 5 40.0 50.0 
 142 1362622796      28195 0 5 40.0 50.0 
 143 1362622796      38164 0 5 40.0 50.0 
 142 1362622796      48143 0 5 40.0 50.0 
 143 1362622796      58193 0 5 40.0 50.0 
 142 1362622796      68213 0 5 40.0 50.0 
 143 1362622796      78224 0 5 40.0 50.0 
 143 1362622796      88206 0 5 40.0 50.0 
 143 1362622796      98246 0 5 40.0 50.0 
 142 1362622796     108220 0 5 40.0 50.0 
 142 1362622796     118258 0 5 40.0 50.0 
 142 1362622796     128222 0 5 40.0 50.0 
 143 1362622796     138262 0 5 40.0 50.0 
 143 1362622796     148257 0 5 40.0 50.0 
 143 1362622796     158230 0 5 40.0 50.0 
 142 1362622796     168264 0 5 40.0 50.0 
 142 1362622796     178284 0 5 40.0 50.0 
 143 1362622796     188251 0 5 40.0 50.0 
 142 1362622796     198292 0 5 40.0 50.0 
 143 1362622796     208264 0 5 40.0 50.0 
 142 1362622796     218285 0 5 40.0 50.0 
 143 1362622796     228296 0 5 40.0 50.0 
 143 1362622796     238326 0 5 40.0 50.0 
 142 1362622796     248288 0 5 40.0 50.0 
 142 1362622796     258337 0 5 40.0 50.0 
 142 1362622796     268291 0 5 40.0 50.0 
 142 1362622796     278334 0 5 40.0 50.0 
 143 1362622796     288329 0 5 40.0 50.0 
 142 1362622796     298310 0 5 40.0 50.0 
 143 1362622796     308363 0 5 40.0 50.0 
 142 1362622796     318327 0 5 40.0 50.0 
 142 1362622796     328332 0 5 40.0 50.0 
 143 1362622796     338363 0 5 40.0 50.0 
 142 1362622796     348365 0 5 40.0 50.0 
 142 1362622796     358339 0 5 40.0 50.0 
 142 1362622796     368370 0 5 40.0 50.0 
 143 1362622796     378362 0 5 40.0 50.0 
 142 1362622796     388362 0 5 40.0 50.0 
 143 1362622796     398415 0 5 40.0 50.0 
 142 1362622796     408412 0 5 40.0 50.0 
 143 1362622796     418408 0 5 40.0 50.0 
 142 1362622796     428430 0 5 40.0 50.0 
 142 1362622796     438403 0 5 40.0 50.0 
 142 1362622796     448456 0 5 40.0 50.0 
 143 1362622796     458410 0 5 40.0 50.0 
 142 1362622796     468418 0 5 40.0 50.0 
 143 1362622796     478474 0 5 40.0 50.0 
 142 1362622796     488447 0 5 40.0 50.0 
 143 1362622796     498443 0 5 40.0 50.0 
 142 1362622796     508474 0 5 40.0 50.0 
 142 1362622796     518452 0 5 40.0 50.0 
 142 1362622796     528466 0 5 40.0 50.0 
 142 1362622796     538493 0 5 40.0 50.0 
 143 1362622796     548476 0 5 40.0 50.0 
 142 1362622796     558505 0 5 40.0 50.0 
 143 1362622796     568509 0 5 40.0 50.0 
 143 1362622796     578488 0 5 40.0 50.0 
 142 1362622796     588539 0 5 40.0 50.0 
 142 1362622796     598497 0 5 40.0 50.0 
 142 1362622796     608531 0 5 40.0 50.0 
 142 1362622796     618556 0 5 40.0 50.0 
 143 1362622796     628563 0 5 40.0 50.0 
 142 1362622796     638553 0 5 40.0 50.0 
 143 1362622796     648572 0 5 40.0 50.0 
 142 1362622796     658562 0 5 40.0 50.0 
 143 1362622796     668572 0 5 40.0 50.0 
 142 1362622796     678602 0 5 40.0 50.0 
 143 1362622796     688591 0 5 40.0 50.0 
 142 1362622796     698609 0 5 40.0 50.0 
 143 1362622796     708576 0 5 40.0 50.0 
 143 1362622796     718589 0 5 40.0 50.0 
 142 1362622796     728626 0 5 40.0 50.0 
 143 1362622796     738650 0 5 40.0 50.0 
 142 1362622796     748651 0 5 40.0 50.0 
 142 1362622796     758602 0 5 40.0 50.0 
 142 1362622796     768666 0 5 40.0 50.0 
 142 1362622796     778649 0 5 40.0 50.0 
 142 1362622796     788649 0 5 40.0 50.0 
 143 1362622796     798679 0 5 40.0 50.0 
 142 1362622796     808677 0 5 40.0 50.0 
 143 1362622796     818694 0 5 40.0 50.0 
 142 1362622796     828655 0 5 40.0 50.0 
 142 1362622796     838673 0 5 40.0 50.0 
 142 1362622796     848717 0 5 40.0 50.0 
 143 1362622796     858672 0 5 40.0 50.0 
 142 1362622796     868729 0 5 40.0 50.0 
 143 1362622796     878730 0 5 40.0 50.0 
 143 1362622796     888729 0 5 40.0 50.0 
 142 1362622796     898740 0 5 40.0 50.0 
 143 1362622796     908707 0 5 40.0 50.0 
 142 1362622796     918768 0 5 40.0 50.0 
 142 1362622796     928717 0 5 40.0 50.0 
 142 1362622796     938785 0 5 40.0 50.0 
 143 1362622796     948743 0 5 40.0 50.0 
 142 1362622796     958766 0 5 40.0 50.0 
 143 1362622796     968760 0 5 40.0 50.0 
 142 1362622796     978810 0 5 40.0 50.0 
 143 1362622796     988781 0 5 40.0 50.0 
 142 1362622796     998771 0 5 40.0 50.0 
 142 1362622797       8775 0 5 40.0 50.0 
 142 1362622797      18821 0 5 40.0 50.0 
 143 1362622797      28794 0 5 40.0 50.0 
 142 1362622797      38843 0 5 40.0 50.0 
 143 1362622797      48844 0 5 40.0 50.0 
 143 1362622797      58833 0 5 40.0 50.0 
 142 1362622797      68838 0 5 40.0 50.0 
 143 1362622797      78839 0 5 40.0 50.0 
 142 1362622797      88838 0 5 40.0 50.0 
 142 1362622797      98841 0 5 40.0 50.0 
 143 1362622797     108884 0 5 40.0 50.0 
 143 1362622797     118903 0 5 40.0 50.0 
 142 1362622797     128902 0 5 40.0 50.0 
 143 1362622797     138856 0 5 40.0 50.0 
 141 1362622797     148897 0 5 40.0 50.0 
 143 1362622797     158881 0 5 40.0 50.0 
 142 1362622797     168912 0 5 40.0 50.0 
 143 1362622797     178899 0 5 40.0 50.0 
 143 1362622797     188934 0 5 40.0 50.0 
 142 1362622797     198902 0 5 40.0 50.0 
 142 1362622797     208951 0 5 40.0 50.0 
 142 1362622797     218918 0 5 40.0 50.0 
 142 1362622797     228962 0 5 40.0 50.0 
 143 1362622797     238955 0 5 40.0 50.0 
 143 1362622797     248964 0 5 40.0 50.0 
 142 1362622797     258990 0 5 40.0 50.0 
 143 1362622797     268983 0 5 40.0 50.0 
 142 1362622797     278959 0 5 40.0 50.0 
 142 1362622797     288986 0 5 40.0 50.0 
 142 1362622797     299009 0 5 40.0 50.0 
 143 1362622797     308984 0 5 40.0 50.0 
 142 1362622797     318998 0 5 40.0 50.0 
 143 1362622797     329008 0 5 40.0 50.0 
 142 1362622797     339009 0 5 40.0 50.0 
 143 1362622797     349053 0 5 40.0 50.0 
 142 1362622797     359056 0 5 40.0 50.0 
 142 1362622797     369034 0 5 40.0 50.0 
 142 1362622797     379035 0 5 40.0 50.0 
 143 1362622797     389042 0 5 40.0 50.0 
 143 1362622797     399033 0 5 40.0 50.0 
 143 1362622797     409093 0 5 40.0 50.0 
 143 1362622797     419076 0 5 40.0 50.0 
 141 1362622797     429061 0 5 40.0 50.0 
 143 1362622797     439070 0 5 40.0 50.0 
 142 1362622797     449078 0 5 40.0 50.0 
 142 1362622797     459118 0 5 40.0 50.0 
 142 1362622797     469094 0 5 40.0 50.0 
 142 1362622797     479103 0 5 40.0 50.0 
 142 1362622797     489135 0 5 40.0 50.0 
 143 1362622797     499143 0 5 40.0 50.0 
 142 1362622797     509116 0 5 40.0 50.0 
 143 1362622797     519166 0 5 40.0 50.0 
 142 1362622797     529135 0 5 40.0 50.0 
 142 1362622797     539134 0 5 40.0 50.0 
 142 1362622797     549175 0 5 40.0 50.0 
 143 1362622797     559188 0 5 40.0 50.0 
 143 1362622797     569175 0 5 40.0 50.0 
 143 1362622797     579167 0 5 40.0 50.0 
 142 1362622797     589182 0 5 40.0 50.0 
 142 1362622797     599166 0 5 40.0 50.0 
 143 1362622797     609174 0 5 40.0 50.0 
 142 1362622797     619217 0 5 40.0 50.0 
 142 1362622797     629233 0 5 40.0 50.0 
 142 1362622797     639188 0 5 40.0 50.0 
 142 1362622797     649230 0 5 40.0 50.0 
 142 1362622797     659217 0 5 40.0 50.0 
 143 1362622797     669208 0 5 40.0 50.0 
 142 1362622797     679244 0 5 40.0 50.0 
 143 1362622797     689240 0 5 40.0 50.0 
 142 1362622797     699249 0 5 40.0 50.0 
 143 1362622797     709282 0 5 40.0 50.0 
 142 1362622797     719251 0 5 40.0 50.0 
 143 1362622797     729254 0 5 40.0 50.0 
 142 1362622797     739289 0 5 40.0 50.0 
 142 1362622797     749270 0 5 40.0 50.0 
 142 1362622797     759293 0 5 40.0 50.0 
 142 1362622797     769295 0 5 40.0 50.0 
 143 1362622797     779329 0 5 40.0 50.0 
 142 1362622797     789338 0 5 40.0 50.0 
 142 1362622797     799351 0 5 40.0 50.0 
 142 1362622797     809322 0 5 40.0 50.0 
 143 1362622797     819335 0 5 40.0 50.0 
 142 1362622797     829372 0 5 40.0 50.0 
 143 1362622797     839376 0 5 40.0 50.0 
 142 1362622797     849382 0 5 40.0 50.0 
 143 1362622797     859354 0 5 40.0 50.0 
 142 1362622797     869347 0 5 40.0 50.0 
 143 1362622797     879395 0 5 40.0 50.0 
 142 1362622797     889394 0 5 40.0 50.0 
 142 1362622797     899397 0 5 40.0 50.0 
 143 1362622797     909371 0 5 40.0 50.0 
 142 1362622797     919384 0 5 40.0 50.0 
 143 1362622797     929431 0 5 40.0 50.0 
 142 1362622797     939402 0 5 40.0 50.0 
 143 1362622797     949396 0 5 40.0 50.0 
 142 1362622797     959422 0 5 40.0 50.0 
 142 1362622797     969445 0 5 40.0 50.0 
 142 1362622797     979457 0 5 40.0 50.0 
 142 1362622797     989436 0 5 40.0 50.0 
 143 1362622797     999445 0 5 40.0 50.0 
 142 1362622798       9459 0 5 40.0 50.0 
 142 1362622798      19452 0 5 40.0 50.0 
 143 1362622798      29488 0 5 40.0 50.0 
 142 1362622798      39457 0 5 40.0 50.0 
 143 1362622798      49500 0 5 40.0 50.0 
 142 1362622798      59476 0 5 40.0 50.0 
 143 1362622798      69506 0 5 40.0 50.0 
 142 1362622798      79476 0 5 40.0 50.0 
 143 1362622798      89508 0 5 40.0 50.0 
 142 1362622798      99517 0 5 40.0 50.0 
 142 1362622798     109556 0 5 40.0 50.0 
 143 1362622798     119545 0 5 40.0 50.0 
 143 1362622798     129507 0 5 40.0 50.0 
 142 1362622798     139543 0 5 40.0 50.0 
 142 1362622798     149567 0 5 40.0 50.0 
 143 1362622798     159553 0 5 40.0 50.0 
 142 1362622798     169572 0 5 40.0 50.0 
 143 1362622798     179579 0 5 40.0 50.0 
 142 1362622798     189595 0 5 40.0 50.0 
 142 1362622798     199611 0 5 40.0 50.0 
 142 1362622798     209608 0 5 40.0 50.0 
 142 1362622798     219579 0 5 40.0 50.0 
 142 1362622798     229603 0 5 40.0 50.0 
 143 1362622798     239591 0 5 40.0 50.0 
 143 1362622798     249608 0 5 40.0 50.0 
 142 1362622798     259618 0 5 40.0 50.0 
 142 1362622798     269632 0 5 40.0 50.0 
 142 1362622798     279606 0 5 40.0 50.0 
 142 1362622798     289659 0 5 40.0 50.0 
 143 1362622798     299679 0 5 40.0 50.0 
 142 1362622798     309675 0 5 40.0 50.0 
 142 1362622798     319683 0 5 40.0 50.0 
 142 1362622798     329655 0 5 40.0 50.0 
 142 1362622798     339674 0 5 40.0 50.0 
 142 1362622798     349684 0 5 40.0 50.0 
 143 1362622798     359688 0 5 40.0 50.0 
 143 1362622798     369683 0 5 40.0 50.0 
 142 1362622798     379712 0 5 40.0 50.0 
 143 1362622798     389704 0 5 40.0 50.0 
 142 1362622798     399711 0 5 40.0 50.0 
 143 1362622798     409724 0 5 40.0 50.0 
 142 1362622798     419759 0 5 40.0 50.0 
 143 1362622798     429707 0 5 40.0 50.0 
 142 1362622798     439753 0 5 40.0 50.0 
 143 1362622798     449743 0 5 40.0 50.0 
 142 1362622798     459754 0 5 40.0 50.0 
 142 1362622798     469763 0 5 40.0 50.0 
 143 1362622798     479760 0 5 40.0 50.0 
 143 1362622798     489748 0 5 40.0 50.0 
 143 1362622798     499768 0 5 40.0 50.0 
 142 1362622798     509815 0 5 40.0 50.0 
 143 1362622798     519767 0 5 40.0 50.0 
 142 1362622798     529823 0 5 40.0 50.0 
 142 1362622798     539817 0 5 40.0 50.0 
 143 1362622798     549830 0 5 40.0 50.0 
 142 1362622798     559846 0 5 40.0 50.0 
 143 1362622798     569858 0 5 40.0 50.0 
 143 1362622798     579857 0 5 40.0 50.0 
 142 1362622798     589816 0 5 40.0 50.0 
 142 1362622798     599839 0 5 40.0 50.0 
 142 1362622798     609885 0 5 40.0 50.0 
 143 1362622798     619869 0 5 40.0 50.0 
 142 1362622798     629869 0 5 40.0 50.0 
 143 1362622798     639872 0 5 40.0 50.0 
 142 1362622798     649865 0 5 40.0 50.0 
 143 1362622798     659860 0 5 40.0 50.0 
 142 1362622798     669874 0 5 40.0 50.0 
 143 1362622798     679878 0 5 40.0 50.0 
 142 1362622798     689913 0 5 40.0 50.0 
 143 1362622798     699924 0 5 40.0 50.0 
 142 1362622798     709911 0 5 40.0 50.0 
 143 1362622798     719950 0 5 40.0 50.0 
 143 1362622798     729938 0 5 40.0 50.0 
 142 1362622798     739957 0 5 40.0 50.0 
 142 1362622798     749968 0 5 40.0 50.0 
 142 1362622798     759929 0 5 40.0 50.0 
 143 1362622798     769936 0 5 40.0 50.0 
 142 1362622798     779945 0 5 40.0 50.0 
 143 1362622798     789992 0 5 40.0 50.0 
 142 1362622798     799988 0 5 40.0 50.0 
 142 1362622798     809973 0 5 40.0 50.0 
 142 1362622798     820005 0 5 40.0 50.0 
 143 1362622798     830013 0 5 40.0 50.0 
 142 1362622798     840024 0 5 40.0 50.0 
 142 1362622798     850009 0 5 40.0 50.0 
 142 1362622798     860016 0 5 40.0 50.0 
 142 1362622798     870048 0 5 40.0 50.0 
 143 1362622798     880002 0 5 40.0 50.0 
 143 1362622798     890019 0 5 40.0 50.0 
 142 1362622798     900021 0 5 40.0 50.0 
 142 1362622798     910076 0 5 40.0 50.0 
 143 1362622798     920060 0 5 40.0 50.0 
 142 1362622798     930098 0 5 40.0 50.0 
 143 1362622798     940062 0 5 40.0 50.0 
 142 1362622798     950075 0 5 40.0 50.0 
 143 1362622798     960057 0 5 40.0 50.0 
 142 1362622798     970097 0 5 40.0 50.0 
 143 1362622798     980093 0 5 40.0 50.0 
 142 1362622798     990134 0 5 40.0 50.0 
 143 1362622799        131 0 5 40.0 50.0 
 142 1362622799      10144 0 5 40.0 50.0 
 143 1362622799      20139 0 5 40.0 50.0 
 142 1362622799      30147 0 5 40.0 50.0 
 142 1362622799      40130 0 5 40.0 50.0 
 143 1362622799      50135 0 5 40.0 50.0 
 143 1362622799      60128 0 5 40.0 50.0 
 142 1362622799      70130 0 5 40.0 50.0 
 143 1362622799      80140 0 5 40.0 50.0 
 143 1362622799      90188 0 5 40.0 50.0 
 142 1362622799     100177 0 5 40.0 50.0 
 143 1362622799     110217 0 5 40.0 50.0 
 142 1362622799     120174 0 5 40.0 50.0 
 142 1362622799     130225 0 5 40.0 50.0 
 142 1362622799     140179 0 5 40.0 50.0 
 143 1362622799     150194 0 5 40.0 50.0 
 142 1362622799     160242 0 5 40.0 50.0 
 142 1362622799     170252 0 5 40.0 50.0 
 143 1362622799     180207 0 5 40.0 50.0 
 143 1362622799     190268 0 5 40.0 50.0 
 142 1362622799     200254 0 5 40.0 50.0 
 142 1362622799     210241 0 5 40.0 50.0 
 143 1362622799     220253 0 5 40.0 50.0 
 143 1362622799     230272 0 5 40.0 50.0 
 142 1362622799     240259 0 5 40.0 50.0 
 142 1362622799     250291 0 5 40.0 50.0 
 143 1362622799     260301 0 5 40.0 50.0 
 142 1362622799     270291 0 5 40.0 50.0 
 143 1362622799     280310 0 5 40.0 50.0 
 142 1362622799     290283 0 5 40.0 50.0 
 143 1362622799     300292 0 5 40.0 50.0 
 142 1362622799     310335 0 5 40.0 50.0 
 142 1362622799     320319 0 5 40.0 50.0 
 143 1362622799     330321 0 5 40.0 50.0 
 143 1362622799     340350 0 5 40.0 50.0 
 142 1362622799     350324 0 5 40.0 50.0 
 142 1362622799     360381 0 5 40.0 50.0 
 143 1362622799     370343 0 5 40.0 50.0 
 142 1362622799     380376 0 5 40.0 50.0 
 142 1362622799     390362 0 5 40.0 50.0 
 143 1362622799     400404 0 5 40.0 50.0 
 142 1362622799     410381 0 5 40.0 50.0 
 143 1362622799     420406 0 5 40.0 50.0 
 142 1362622799     430401 0 5 40.0 50.0 
 143 1362622799     440434 0 5 40.0 50.0 
 142 1362622799     450382 0 5 40.0 50.0 
 142 1362622799     460421 0 5 40.0 50.0 
 143 1362622799     470418 0 5 40.0 50.0 
 143 1362622799     480415 0 5 40.0 50.0 
 142 1362622799     490411 0 5 40.0 50.0 
 142 1362622799     500446 0 5 40.0 50.0 
 143 1362622799     510420 0 5 40.0 50.0 
 142 1362622799     520490 0 5 40.0 50.0 
 142 1362622799     530493 0 5 40.0 50.0 
 142 1362622799     540458 0 5 40.0 50.0 
 143 1362622799     550461 0 5 40.0 50.0 
 142 1362622799     560503 0 5 40.0 50.0 
 143 1362622799     570507 0 5 40.0 50.0 
 142 1362622799     580484 0 5 40.0 50.0 
 143 1362622799     590484 0 5 40.0 50.0 
 142 1362622799     600535 0 5 40.0 50.0 
 143 1362622799     610525 0 5 40.0 50.0 
 142 1362622799     620556 0 5 40.0 50.0 
 143 1362622799     630560 0 5 40.0 50.0 
 143 1362622799     640570 0 5 40.0 50.0 
 143 1362622799     650544 0 5 40.0 50.0 
 142 1362622799     660573 0 5 40.0 50.0 
 143 1362622799     670577 0 5 40.0 50.0 
 143 1362622799     680562 0 5 40.0 50.0 
 142 1362622799     690590 0 5 40.0 50.0 
 143 1362622799     700605 0 5 40.0 50.0 
 143 1362622799     710565 0 5 40.0 50.0 
 142 1362622799     720584 0 5 40.0 50.0 
 142 1362622799     730584 0 5 40.0 50.0 
 143 1362622799     740610 0 5 40.0 50.0 
 142 1362622799     750619 0 5 40.0 50.0 
 143 1362622799     760617 0 5 40.0 50.0 
 142 1362622799     770604 0 5 40.0 50.0 
 142 1362622799     780605 0 5 40.0 50.0 
 142 1362622799     790649 0 5 40.0 50.0 
 142 1362622799     800644 0 5 40.0 50.0 
 142 1362622799     810663 0 5 40.0 50.0 
 143 1362622799     820662 0 5 40.0 50.0 
 142 1362622799     830665 0 5 40.0 50.0 
 142 1362622799     840688 0 5 40.0 50.0 
 142 1362622799     850660 0 5 40.0 50.0 
 142 1362622799     860665 0 5 40.0 50.0 
 142 1362622799     870696 0 5 40.0 50.0 
 142 1362622799     880706 0 5 40.0 50.0 
 143 1362622799     890703 0 5 40.0 50.0 
 142 1362622799     900754 0 5 40.0 50.0 
 143 1362622799     910714 0 5 40.0 50.0 
 143 1362622799     920751 0 5 40.0 50.0 
 143 1362622799     930744 0 5 40.0 50.0 
 143 1362622799     940757 0 5 40.0 50.0 
 143 1362622799     950768 0 5 40.0 50.0 
 142 1362622799     960775 0 5 40.0 50.0 
 142 1362622799     970758 0 5 40.0 50.0 
 142 1362622799     980780 0 5 40.0 50.0 
 143 1362622799     990763 0 5 40.0 50.0 
 142 1362622800        791 0 5 40.0 50.0 
 143 1362622800      10812 0 5 40.0 50.0 
 142 1362622800      20783 0 5 40.0 50.0 
 143 1362622800      30778 0 5 40.0 50.0 
 142 1362622800      40785 0 5 40.0 50.0 
 142 1362622800      50811 0 5 40.0 50.0 
 142 1362622800      60832 0 5 40.0 50.0 
 142 1362622800      70846 0 5 40.0 50.0 
 143 1362622800      80819 0 5 40.0 50.0 
 142 1362622800      90853 0 5 40.0 50.0 
 142 1362622800     100869 0 5 40.0 50.0 
 143 1362622800     110849 0 5 40.0 50.0 
 143 1362622800     120858 0 5 40.0 50.0 
 142 1362622800     130879 0 5 40.0 50.0 
 142 1362622800     140862 0 5 40.0 50.0 
 143 1362622800     150881 0 5 40.0 50.0 
 142 1362622800     160897 0 5 40.0 50.0 
 142 1362622800     170909 0 5 40.0 50.0 
 143 1362622800     180906 0 5 40.0 50.0 
 142 1362622800     190926 0 5 40.0 50.0 
 143 1362622800     200905 0 5 40.0 50.0 
 142 1362622800     210913 0 5 40.0 50.0 
 143 1362622800     220949 0 5 40.0 50.0 
 142 1362622800     230917 0 5 40.0 50.0 
 143 1362622800     240947 0 5 40.0 50.0 
 142 1362622800     250952 0 5 40.0 50.0 
 142 1362622800     260970 0 5 40.0 50.0 
 142 1362622800     270953 0 5 40.0 50.0 
 142 1362622800     280965 0 5 40.0 50.0 
 142 1362622800     290964 0 5 40.0 50.0 
 142 1362622800     300966 0 5 40.0 50.0 
 142 1362622800     311006 0 5 40.0 50.0 
 142 1362622800     321014 0 5 40.0 50.0 
 142 1362622800     330999 0 5 40.0 50.0 
 142 1362622800     341023 0 5 40.0 50.0 
 143 1362622800     351008 0 5 40.0 50.0 
 142 1362622800     361013 0 5 40.0 50.0 
 143 1362622800     371015 0 5 40.0 50.0 
 143 1362622800     381023 0 5 40.0 50.0 
 143 1362622800     391009 0 5 40.0 50.0 
 142 1362622800     401048 0 5 40.0 50.0 
 143 1362622800     411063 0 5 40.0 50.0 
 143 1362622800     421050 0 5 40.0 50.0 
 142 1362622800     431079 0 5 40.0 50.0 
 142 1362622800     441034 0 5 40.0 50.0 
 143 1362622800     451075 0 5 40.0 50.0 
 142 1362622800     461095 0 5 40.0 50.0 
 143 1362622800     471054 0 5 40.0 50.0 
 142 1362622800     481084 0 5 40.0 50.0 
 143 1362622800     491099 0 5 40.0 50.0 
 143 1362622800     501101 0 5 40.0 50.0 
 142 1362622800     511111 0 5 40.0 50.0 
 142 1362622800     521090 0 5 40.0 50.0 
 142 1362622800     531119 0 5 40.0 50.0 
 142 1362622800     541131 0 5 40.0 50.0 
 143 1362622800     551110 0 5 40.0 50.0 
 142 1362622800     561162 0 5 40.0 50.0 
 143 1362622800     571151 0 5 40.0 50.0 
 143 1362622800     581138 0 5 40.0 50.0 
 142 1362622800     591156 0 5 40.0 50.0 
 143 1362622800     601187 0 5 40.0 50.0 
 142 1362622800     611199 0 5 40.0 50.0 
 143 1362622800     621164 0 5 40.0 50.0 
 142 1362622800     631177 0 5 40.0 50.0 
 142 1362622800     641167 0 5 40.0 50.0 
 142 1362622800     651191 0 5 40.0 50.0 
 142 1362622800     661214 0 5 40.0 50.0 
 142 1362622800     671199 0 5 40.0 50.0 
 142 1362622800     681225 0 5 40.0 50.0 
 143 1362622800     691227 0 5 40.0 50.0 
 142 1362622800     701216 0 5 40.0 50.0 
 143 1362622800     711228 0 5 40.0 50.0 
 142 1362622800     721239 0 5 40.0 50.0 
 143 1362622800     731262 0 5 40.0 50.0 
 142 1362622800     741273 0 5 40.0 50.0 
 142 1362622800     751255 0 5 40.0 50.0 
 142 1362622800     761257 0 5 40.0 50.0 
 143 1362622800     771294 0 5 40.0 50.0 
 142 1362622800     781267 0 5 40.0 50.0 
 143 1362622800     791320 0 5 40.0 50.0 
 142 1362622800     801293 0 5 40.0 50.0 
 143 1362622800     811285 0 5 40.0 50.0 
 142 1362622800     821311 0 5 40.0 50.0 
 142 1362622800     831343 0 5 40.0 50.0 
 142 1362622800     841343 0 5 40.0 50.0 
 143 1362622800     851370 0 5 40.0 50.0 
 142 1362622800     861317 0 5 40.0 50.0 
 143 1362622800     871367 0 5 40.0 50.0 
 142 1362622800     881360 0 5 40.0 50.0 
 142 1362622800     891364 0 5 40.0 50.0 
 143 1362622800     901372 0 5 40.0 50.0 
 142 1362622800     911358 0 5 40.0 50.0 
 142 1362622800     921397 0 5 40.0 50.0 
 142 1362622800     931420 0 5 40.0 50.0 
 142 1362622800     941392 0 5 40.0 50.0 
 143 1362622800     951419 0 5 40.0 50.0 
 143 1362622800     961388 0 5 40.0 50.0 
 142 1362622800     971409 0 5 40.0 50.0 
 143 1362622800     981390 0 5 40.0 50.0 
 142 1362622800     991409 0 5 40.0 50.0 
 143 1362622801       1407 0 5 40.0 50.0 
 142 1362622801      11449 0 5 40.0 50.0 
 143 1362622801      21447 0 5 40.0 50.0 
 142 1362622801      31478 0 5 40.0 50.0 
 143 1362622801      41467 0 5 40.0 50.0 
 142 1362622801      51476 0 5 40.0 50.0 
 142 1362622801      61478 0 5 40.0 50.0 
 142 1362622801      71510 0 5 40.0 50.0 
 142 1362622801      81503 0 5 40.0 50.0 
 142 1362622801      91514 0 5 40.0 50.0 
 142 1362622801     101491 0 5 40.0 50.0 
 142 1362622801     111496 0 5 40.0 50.0 
 142 1362622801     121518 0 5 40.0 50.0 
 143 1362622801     131522 0 5 40.0 50.0 
 142 1362622801     141505 0 5 40.0 50.0 
 142 1362622801     151554 0 5 40.0 50.0 
 143 1362622801     161569 0 5 40.0 50.0 
 143 1362622801     171538 0 5 40.0 50.0 
 142 1362622801     181582 0 5 40.0 50.0 
 142 1362622801     191533 0 5 40.0 50.0 
 142 1362622801     201574 0 5 40.0 50.0 
 143 1362622801     211574 0 5 40.0 50.0 
 143 1362622801     221569 0 5 40.0 50.0 
 142 1362622801     231586 0 5 40.0 50.0 
 142 1362622801     241619 0 5 40.0 50.0 
 142 1362622801     251580 0 5 40.0 50.0 
 143 1362622801     261602 0 5 40.0 50.0 
 142 1362622801     271627 0 5 40.0 50.0 
 142 1362622801     281635 0 5 40.0 50.0 
 142 1362622801     291605 0 5 40.0 50.0 
 143 1362622801     301626 0 5 40.0 50.0 
 142 1362622801     311626 0 5 40.0 50.0 
 143 1362622801     321668 0 5 40.0 50.0 
 142 1362622801     331655 0 5 40.0 50.0 
 143 1362622801     341655 0 5 40.0 50.0 
 142 1362622801     351679 0 5 40.0 50.0 
 143 1362622801     361693 0 5 40.0 50.0 
 142 1362622801     371691 0 5 40.0 50.0 
 143 1362622801     381668 0 5 40.0 50.0 
 142 1362622801     391687 0 5 40.0 50.0 
 142 1362622801     401702 0 5 40.0 50.0 
 142 1362622801     411708 0 5 40.0 50.0 
 142 1362622801     421688 0 5 40.0 50.0 
 142 1362622801     431734 0 5 40.0 50.0 
 143 1362622801     441702 0 5 40.0 50.0 
 143 1362622801     451704 0 5 40.0 50.0 
 142 1362622801     461740 0 5 40.0 50.0 
 142 1362622801     471756 0 5 40.0 50.0 
 142 1362622801     481739 0 5 40.0 50.0 
 143 1362622801     491754 0 5 40.0 50.0 
 142 1362622801     501789 0 5 40.0 50.0 
 142 1362622801     511749 0 5 40.0 50.0 
 143 1362622801     521774 0 5 40.0 50.0 
 143 1362622801     531765 0 5 40.0 50.0 
 142 1362622801     541789 0 5 40.0 50.0 
 143 1362622801     551818 0 5 40.0 50.0 
 142 1362622801     561799 0 5 40.0 50.0 
 143 1362622801     571788 0 5 40.0 50.0 
 143 1362622801     581829 0 5 40.0 50.0 
 143 1362622801     591808 0 5 40.0 50.0 
 142 1362622801     601813 0 5 40.0 50.0 
 142 1362622801     611845 0 5 40.0 50.0 
 143 1362622801     621846 0 5 40.0 50.0 
 143 1362622801     631841 0 5 40.0 50.0 
 142 1362622801     641862 0 5 40.0 50.0 
 142 1362622801     651897 0 5 40.0 50.0 
 142 1362622801     661858 0 5 40.0 50.0 
 142 1362622801     671903 0 5 40.0 50.0 
 143 1362622801     681893 0 5 40.0 50.0 
 142 1362622801     691858 0 5 40.0 50.0 
 142 1362622801     701889 0 5 40.0 50.0 
 142 1362622801     711887 0 5 40.0 50.0 
 143 1362622801     721909 0 5 40.0 50.0 
 142 1362622801     731909 0 5 40.0 50.0 
 143 1362622801     741950 0 5 40.0 50.0 
 142 1362622801     751930 0 5 40.0 50.0 
 143 1362622801     761955 0 5 40.0 50.0 
 142 1362622801     771940 0 5 40.0 50.0 
 143 1362622801     781920 0 5 40.0 50.0 
 142 1362622801     791939 0 5 40.0 50.0 
 142 1362622801     801965 0 5 40.0 50.0 
 142 1362622801     811943 0 5 40.0 50.0 
 143 1362622801     821994 0 5 40.0 50.0 
 142 1362622801     832000 0 5 40.0 50.0 
 142 1362622801     841964 0 5 40.0 50.0 
 142 1362622801     851995 0 5 40.0 50.0 
 143 1362622801     861976 0 5 40.0 50.0 
 143 1362622801     872021 0 5 40.0 50.0 
 142 1362622801     882000 0 5 40.0 50.0 
 142 1362622801     892041 0 5 40.0 50.0 
 142 1362622801     902004 0 5 40.0 50.0 
 142 1362622801     912008 0 5 40.0 50.0 
 142 1362622801     922023 0 5 40.0 50.0 
 143 1362622801     932071 0 5 40.0 50.0 
 142 1362622801     942058 0 5 40.0 50.0 
 143 1362622801     952069 0 5 40.0 50.0 
 142 1362622801     962062 0 5 40.0 50.0 
 143 1362622801     972055 0 5 40.0 50.0 
 142 1362622801     982051 0 5 40.0 50.0 
 143 1362622801     992063 0 5 40.0 50.0 
 142 1362622802       2087 0 5 40.0 50.0 
 143 1362622802      12139 0 5 40.0 50.0 
 142 1362622802      22085 0 5 40.0 50.0 
 142 1362622802      32121 0 5 40.0 50.0 
 143 1362622802      42102 0 5 40.0 50.0 
 143 1362622802      52156 0 5 40.0 50.0 
 143 1362622802      62126 0 5 40.0 50.0 
 142 1362622802      72158 0 5 40.0 50.0 
 142 1362622802      82180 0 5 40.0 50.0 
 142 1362622802      92127 0 5 40.0 50.0 
 143 1362622802     102193 0 5 40.0 50.0 
 143 1362622802     112146 0 5 40.0 50.0 
 143 1362622802     122157 0 5 40.0 50.0 
 142 1362622802     132178 0 5 40.0 50.0 
 143 1362622802     142176 0 5 40.0 50.0 
 142 1362622802     152179 0 5 40.0 50.0 
 143 1362622802     162193 0 5 40.0 50.0 
 142 1362622802     172185 0 5 40.0 50.0 
 142 1362622802     182201 0 5 40.0 50.0 
 143 1362622802     192223 0 5 40.0 50.0 
 142 1362622802     202212 0 5 40.0 50.0 
 142 1362622802     212203 0 5 40.0 50.0 
 142 1362622802     222239 0 5 40.0 50.0 
 143 1362622802     232251 0 5 40.0 50.0 
 142 1362622802     242253 0 5 40.0 50.0 
 143 1362622802     252291 0 5 40.0 50.0 
 143 1362622802     262260 0 5 40.0 50.0 
 142 1362622802     272256 0 5 40.0 50.0 
 142 1362622802     282291 0 5 40.0 50.0 
 143 1362622802     292280 0 5 40.0 50.0 
 142 1362622802     302267 0 5 40.0 50.0 
 143 1362622802     312292 0 5 40.0 50.0 
 142 1362622802     322284 0 5 40.0 50.0 
 142 1362622802     332328 0 5 40.0 50.0 
 143 1362622802     342302 0 5 40.0 50.0 
 143 1362622802     352305 0 5 40.0 50.0 
 142 1362622802     362320 0 5 40.0 50.0 
 142 1362622802     372334 0 5 40.0 50.0 
 143 1362622802     382375 0 5 40.0 50.0 
 142 1362622802     392336 0 5 40.0 50.0 
 143 1362622802     402370 0 5 40.0 50.0 
 142 1362622802     412335 0 5 40.0 50.0 
 142 1362622802     422371 0 5 40.0 50.0 
 142 1362622802     432356 0 5 40.0 50.0 
 143 1362622802     442406 0 5 40.0 50.0 
 142 1362622802     452399 0 5 40.0 50.0 
