 428 1362624989     797937 1 8 40.0 100.0 
 428 1362624989     807805 1 8 40.0 100.0 
 428 1362624989     817861 1 8 40.0 100.0 
 428 1362624989     827855 1 8 40.0 100.0 
 428 1362624989     837811 1 8 40.0 100.0 
 428 1362624989     847816 1 8 40.0 100.0 
 428 1362624989     857854 1 8 40.0 100.0 
 428 1362624989     867867 1 8 40.0 100.0 
 428 1362624989     877833 1 8 40.0 100.0 
 427 1362624989     887863 1 8 40.0 100.0 
 427 1362624989     897908 1 8 40.0 100.0 
 428 1362624989     907854 1 8 40.0 100.0 
 428 1362624989     917877 1 8 40.0 100.0 
 428 1362624989     927914 1 8 40.0 100.0 
 428 1362624989     937918 1 8 40.0 100.0 
 428 1362624989     947942 1 8 40.0 100.0 
 428 1362624989     957911 1 8 40.0 100.0 
 427 1362624989     967939 1 8 40.0 100.0 
 427 1362624989     977963 1 8 40.0 100.0 
 428 1362624989     987922 1 8 40.0 100.0 
 427 1362624989     997942 1 8 40.0 100.0 
 428 1362624990       7953 1 8 40.0 100.0 
 427 1362624990      17987 1 8 40.0 100.0 
 428 1362624990      28002 1 8 40.0 100.0 
 428 1362624990      37953 1 8 40.0 100.0 
 427 1362624990      47972 1 8 40.0 100.0 
 428 1362624990      58000 1 8 40.0 100.0 
 427 1362624990      68022 1 8 40.0 100.0 
 428 1362624990      78018 1 8 40.0 100.0 
 427 1362624990      87977 1 8 40.0 100.0 
 427 1362624990      97996 1 8 40.0 100.0 
 427 1362624990     108028 1 8 40.0 100.0 
 427 1362624990     118060 1 8 40.0 100.0 
 428 1362624990     128009 1 8 40.0 100.0 
 428 1362624990     138027 1 8 40.0 100.0 
 427 1362624990     148035 1 8 40.0 100.0 
 427 1362624990     158071 1 8 40.0 100.0 
 428 1362624990     168088 1 8 40.0 100.0 
 427 1362624990     178036 1 8 40.0 100.0 
 428 1362624990     188065 1 8 40.0 100.0 
 427 1362624990     198050 1 8 40.0 100.0 
 428 1362624990     208091 1 8 40.0 100.0 
 428 1362624990     218105 1 8 40.0 100.0 
 427 1362624990     228134 1 8 40.0 100.0 
 427 1362624990     238077 1 8 40.0 100.0 
 427 1362624990     248109 1 8 40.0 100.0 
 428 1362624990     258153 1 8 40.0 100.0 
 428 1362624990     268137 1 8 40.0 100.0 
 428 1362624990     278098 1 8 40.0 100.0 
 429 1362624990     288104 1 8 40.0 100.0 
 428 1362624990     298167 1 8 40.0 100.0 
 427 1362624990     308118 1 8 40.0 100.0 
 427 1362624990     318144 1 8 40.0 100.0 
 427 1362624990     328171 1 8 40.0 100.0 
 429 1362624990     338198 1 8 40.0 100.0 
 428 1362624990     348152 1 8 40.0 100.0 
 428 1362624990     358168 1 8 40.0 100.0 
 428 1362624990     368204 1 8 40.0 100.0 
 427 1362624990     378163 1 8 40.0 100.0 
 428 1362624990     388200 1 8 40.0 100.0 
 427 1362624990     398227 1 8 40.0 100.0 
 428 1362624990     408185 1 8 40.0 100.0 
 429 1362624990     418213 1 8 40.0 100.0 
 428 1362624990     428228 1 8 40.0 100.0 
 428 1362624990     438225 1 8 40.0 100.0 
 428 1362624990     448261 1 8 40.0 100.0 
 428 1362624990     458219 1 8 40.0 100.0 
 428 1362624990     468266 1 8 40.0 100.0 
 428 1362624990     478290 1 8 40.0 100.0 
 428 1362624990     488289 1 8 40.0 100.0 
 428 1362624990     498252 1 8 40.0 100.0 
 427 1362624990     508281 1 8 40.0 100.0 
 428 1362624990     518300 1 8 40.0 100.0 
 428 1362624990     528328 1 8 40.0 100.0 
 427 1362624990     538339 1 8 40.0 100.0 
 428 1362624990     548299 1 8 40.0 100.0 
 427 1362624990     558336 1 8 40.0 100.0 
 429 1362624990     568293 1 8 40.0 100.0 
 428 1362624990     578312 1 8 40.0 100.0 
 428 1362624990     588309 1 8 40.0 100.0 
 427 1362624990     598340 1 8 40.0 100.0 
 427 1362624990     608374 1 8 40.0 100.0 
 428 1362624990     618327 1 8 40.0 100.0 
 428 1362624990     628364 1 8 40.0 100.0 
 428 1362624990     638395 1 8 40.0 100.0 
 428 1362624990     648408 1 8 40.0 100.0 
 427 1362624990     658377 1 8 40.0 100.0 
 428 1362624990     668406 1 8 40.0 100.0 
 427 1362624990     678414 1 8 40.0 100.0 
 428 1362624990     688399 1 8 40.0 100.0 
 428 1362624990     698428 1 8 40.0 100.0 
 428 1362624990     708452 1 8 40.0 100.0 
 428 1362624990     718407 1 8 40.0 100.0 
 428 1362624990     728416 1 8 40.0 100.0 
 427 1362624990     738432 1 8 40.0 100.0 
 428 1362624990     748478 1 8 40.0 100.0 
 427 1362624990     758455 1 8 40.0 100.0 
 428 1362624990     768430 1 8 40.0 100.0 
 428 1362624990     778449 1 8 40.0 100.0 
 427 1362624990     788448 1 8 40.0 100.0 
