 228 1362622144     307750 0 1 40.0 50 
 228 1362622144     317705 0 1 40.0 50 
 229 1362622144     327656 0 1 40.0 50 
 228 1362622144     337642 0 1 40.0 50 
 229 1362622144     347718 0 1 40.0 50 
 229 1362622144     357603 0 1 40.0 50 
 229 1362622144     367665 0 1 40.0 50 
 229 1362622144     377707 0 1 40.0 50 
 228 1362622144     387791 0 1 40.0 50 
 229 1362622144     397801 0 1 40.0 50 
 228 1362622144     407731 0 1 40.0 50 
 228 1362622144     417697 0 1 40.0 50 
 229 1362622144     427709 0 1 40.0 50 
 229 1362622144     437772 0 1 40.0 50 
 229 1362622144     447747 0 1 40.0 50 
 229 1362622144     457676 0 1 40.0 50 
 229 1362622144     467769 0 1 40.0 50 
 229 1362622144     477840 0 1 40.0 50 
 229 1362622144     487782 0 1 40.0 50 
 229 1362622144     497743 0 1 40.0 50 
 228 1362622144     507856 0 1 40.0 50 
 229 1362622144     517769 0 1 40.0 50 
 229 1362622144     527728 0 1 40.0 50 
 229 1362622144     537725 0 1 40.0 50 
 229 1362622144     547710 0 1 40.0 50 
 228 1362622144     557723 0 1 40.0 50 
 229 1362622144     567756 0 1 40.0 50 
 229 1362622144     577767 0 1 40.0 50 
 229 1362622144     587784 0 1 40.0 50 
 229 1362622144     597756 0 1 40.0 50 
 229 1362622144     607787 0 1 40.0 50 
 229 1362622144     617813 0 1 40.0 50 
 229 1362622144     627767 0 1 40.0 50 
 228 1362622144     637798 0 1 40.0 50 
 229 1362622144     647830 0 1 40.0 50 
 228 1362622144     657850 0 1 40.0 50 
 229 1362622144     667815 0 1 40.0 50 
 229 1362622144     677847 0 1 40.0 50 
 229 1362622144     687866 0 1 40.0 50 
 229 1362622144     697839 0 1 40.0 50 
 228 1362622144     707871 0 1 40.0 50 
 229 1362622144     717823 0 1 40.0 50 
 229 1362622144     727873 0 1 40.0 50 
 228 1362622144     737904 0 1 40.0 50 
 229 1362622144     747860 0 1 40.0 50 
 229 1362622144     757896 0 1 40.0 50 
 229 1362622144     767861 0 1 40.0 50 
 229 1362622144     777914 0 1 40.0 50 
 229 1362622144     787870 0 1 40.0 50 
 229 1362622144     797928 0 1 40.0 50 
 228 1362622144     807916 0 1 40.0 50 
 229 1362622144     817891 0 1 40.0 50 
 228 1362622144     827927 0 1 40.0 50 
 229 1362622144     837961 0 1 40.0 50 
 229 1362622144     847913 0 1 40.0 50 
 229 1362622144     857938 0 1 40.0 50 
 229 1362622144     867961 0 1 40.0 50 
 229 1362622144     877927 0 1 40.0 50 
 228 1362622144     887954 0 1 40.0 50 
 228 1362622144     897986 0 1 40.0 50 
 228 1362622144     908002 0 1 40.0 50 
 228 1362622144     917956 0 1 40.0 50 
 229 1362622144     927980 0 1 40.0 50 
 228 1362622144     938020 0 1 40.0 50 
 229 1362622144     947997 0 1 40.0 50 
 229 1362622144     958018 0 1 40.0 50 
 229 1362622144     968058 0 1 40.0 50 
 229 1362622144     978015 0 1 40.0 50 
 229 1362622144     988045 0 1 40.0 50 
 229 1362622144     998039 0 1 40.0 50 
 228 1362622145       8066 0 1 40.0 50 
 229 1362622145      18037 0 1 40.0 50 
 229 1362622145      28060 0 1 40.0 50 
 229 1362622145      38095 0 1 40.0 50 
 229 1362622145      48061 0 1 40.0 50 
 228 1362622145      58109 0 1 40.0 50 
 229 1362622145      68103 0 1 40.0 50 
 229 1362622145      78064 0 1 40.0 50 
 228 1362622145      88105 0 1 40.0 50 
 228 1362622145      98096 0 1 40.0 50 
 229 1362622145     108096 0 1 40.0 50 
 229 1362622145     118109 0 1 40.0 50 
 229 1362622145     128101 0 1 40.0 50 
 229 1362622145     138110 0 1 40.0 50 
 229 1362622145     148118 0 1 40.0 50 
 228 1362622145     158129 0 1 40.0 50 
 229 1362622145     168120 0 1 40.0 50 
 228 1362622145     178181 0 1 40.0 50 
 228 1362622145     188173 0 1 40.0 50 
 229 1362622145     198184 0 1 40.0 50 
 229 1362622145     208210 0 1 40.0 50 
 229 1362622145     218165 0 1 40.0 50 
 229 1362622145     228191 0 1 40.0 50 
 229 1362622145     238221 0 1 40.0 50 
 228 1362622145     248189 0 1 40.0 50 
 228 1362622145     258235 0 1 40.0 50 
 229 1362622145     268185 0 1 40.0 50 
 228 1362622145     278201 0 1 40.0 50 
 229 1362622145     288213 0 1 40.0 50 
 229 1362622145     298251 0 1 40.0 50 
 229 1362622145     308269 0 1 40.0 50 
 229 1362622145     318286 0 1 40.0 50 
 228 1362622145     328241 0 1 40.0 50 
 229 1362622145     338283 0 1 40.0 50 
 229 1362622145     348245 0 1 40.0 50 
 228 1362622145     358269 0 1 40.0 50 
 229 1362622145     368304 0 1 40.0 50 
 228 1362622145     378258 0 1 40.0 50 
 229 1362622145     388296 0 1 40.0 50 
 229 1362622145     398321 0 1 40.0 50 
 229 1362622145     408276 0 1 40.0 50 
 230 1362622145     418303 0 1 40.0 50 
 228 1362622145     428322 0 1 40.0 50 
 229 1362622145     438364 0 1 40.0 50 
 229 1362622145     448372 0 1 40.0 50 
 228 1362622145     458322 0 1 40.0 50 
 228 1362622145     468358 0 1 40.0 50 
 229 1362622145     478368 0 1 40.0 50 
 229 1362622145     488371 0 1 40.0 50 
 229 1362622145     498365 0 1 40.0 50 
 229 1362622145     508408 0 1 40.0 50 
 229 1362622145     518353 0 1 40.0 50 
 228 1362622145     528380 0 1 40.0 50 
 229 1362622145     538390 0 1 40.0 50 
 229 1362622145     548413 0 1 40.0 50 
 228 1362622145     558445 0 1 40.0 50 
 229 1362622145     568453 0 1 40.0 50 
 228 1362622145     578407 0 1 40.0 50 
 229 1362622145     588440 0 1 40.0 50 
 229 1362622145     598412 0 1 40.0 50 
 229 1362622145     608438 0 1 40.0 50 
 229 1362622145     618462 0 1 40.0 50 
 228 1362622145     628434 0 1 40.0 50 
 229 1362622145     638457 0 1 40.0 50 
 229 1362622145     648484 0 1 40.0 50 
 228 1362622145     658446 0 1 40.0 50 
 229 1362622145     668490 0 1 40.0 50 
 229 1362622145     678498 0 1 40.0 50 
 228 1362622145     688468 0 1 40.0 50 
 229 1362622145     698512 0 1 40.0 50 
 229 1362622145     708533 0 1 40.0 50 
 229 1362622145     718546 0 1 40.0 50 
 228 1362622145     728494 0 1 40.0 50 
 229 1362622145     738519 0 1 40.0 50 
 229 1362622145     748558 0 1 40.0 50 
 228 1362622145     758533 0 1 40.0 50 
 229 1362622145     768580 0 1 40.0 50 
 228 1362622145     778537 0 1 40.0 50 
 229 1362622145     788555 0 1 40.0 50 
 228 1362622145     798604 0 1 40.0 50 
 228 1362622145     808555 0 1 40.0 50 
 229 1362622145     818591 0 1 40.0 50 
 228 1362622145     828601 0 1 40.0 50 
 229 1362622145     838568 0 1 40.0 50 
 229 1362622145     848595 0 1 40.0 50 
 229 1362622145     858615 0 1 40.0 50 
 229 1362622145     868651 0 1 40.0 50 
 228 1362622145     878613 0 1 40.0 50 
 229 1362622145     888645 0 1 40.0 50 
 229 1362622145     898606 0 1 40.0 50 
 228 1362622145     908635 0 1 40.0 50 
 229 1362622145     918658 0 1 40.0 50 
 228 1362622145     928675 0 1 40.0 50 
 229 1362622145     938643 0 1 40.0 50 
 229 1362622145     948665 0 1 40.0 50 
 229 1362622145     958694 0 1 40.0 50 
 229 1362622145     968650 0 1 40.0 50 
 228 1362622145     978691 0 1 40.0 50 
 229 1362622145     988722 0 1 40.0 50 
 229 1362622145     998691 0 1 40.0 50 
 229 1362622146       8705 0 1 40.0 50 
 229 1362622146      18715 0 1 40.0 50 
 229 1362622146      28688 0 1 40.0 50 
 229 1362622146      38695 0 1 40.0 50 
 229 1362622146      48728 0 1 40.0 50 
 229 1362622146      58740 0 1 40.0 50 
 229 1362622146      68775 0 1 40.0 50 
 228 1362622146      78728 0 1 40.0 50 
 229 1362622146      88751 0 1 40.0 50 
 229 1362622146      98787 0 1 40.0 50 
 228 1362622146     108741 0 1 40.0 50 
 228 1362622146     118774 0 1 40.0 50 
 228 1362622146     128758 0 1 40.0 50 
 229 1362622146     138788 0 1 40.0 50 
 229 1362622146     148830 0 1 40.0 50 
 228 1362622146     158836 0 1 40.0 50 
 229 1362622146     168851 0 1 40.0 50 
 228 1362622146     178853 0 1 40.0 50 
 229 1362622146     188801 0 1 40.0 50 
 229 1362622146     198828 0 1 40.0 50 
 229 1362622146     208843 0 1 40.0 50 
 229 1362622146     218878 0 1 40.0 50 
 228 1362622146     228884 0 1 40.0 50 
 229 1362622146     238895 0 1 40.0 50 
 228 1362622146     248872 0 1 40.0 50 
 228 1362622146     258890 0 1 40.0 50 
 229 1362622146     268889 0 1 40.0 50 
 228 1362622146     278888 0 1 40.0 50 
 229 1362622146     288907 0 1 40.0 50 
 229 1362622146     298912 0 1 40.0 50 
 229 1362622146     308885 0 1 40.0 50 
 229 1362622146     318882 0 1 40.0 50 
 228 1362622146     328905 0 1 40.0 50 
 229 1362622146     338919 0 1 40.0 50 
 229 1362622146     348950 0 1 40.0 50 
 229 1362622146     358912 0 1 40.0 50 
 229 1362622146     368931 0 1 40.0 50 
 228 1362622146     378968 0 1 40.0 50 
 229 1362622146     388932 0 1 40.0 50 
 229 1362622146     398958 0 1 40.0 50 
 228 1362622146     408987 0 1 40.0 50 
 229 1362622146     419011 0 1 40.0 50 
 229 1362622146     428965 0 1 40.0 50 
 228 1362622146     438992 0 1 40.0 50 
 229 1362622146     449029 0 1 40.0 50 
 229 1362622146     458973 0 1 40.0 50 
 229 1362622146     468995 0 1 40.0 50 
 228 1362622146     479027 0 1 40.0 50 
 229 1362622146     489039 0 1 40.0 50 
 229 1362622146     499045 0 1 40.0 50 
 229 1362622146     509067 0 1 40.0 50 
 229 1362622146     519023 0 1 40.0 50 
 229 1362622146     529041 0 1 40.0 50 
 229 1362622146     539058 0 1 40.0 50 
 229 1362622146     549055 0 1 40.0 50 
 229 1362622146     559061 0 1 40.0 50 
 229 1362622146     569105 0 1 40.0 50 
 228 1362622146     579053 0 1 40.0 50 
 229 1362622146     589072 0 1 40.0 50 
 229 1362622146     599096 0 1 40.0 50 
 228 1362622146     609110 0 1 40.0 50 
 229 1362622146     619094 0 1 40.0 50 
 228 1362622146     629117 0 1 40.0 50 
 229 1362622146     639140 0 1 40.0 50 
 229 1362622146     649108 0 1 40.0 50 
 228 1362622146     659139 0 1 40.0 50 
 229 1362622146     669111 0 1 40.0 50 
 229 1362622146     679152 0 1 40.0 50 
 229 1362622146     689178 0 1 40.0 50 
 229 1362622146     699159 0 1 40.0 50 
 229 1362622146     709178 0 1 40.0 50 
 229 1362622146     719207 0 1 40.0 50 
 228 1362622146     729168 0 1 40.0 50 
 229 1362622146     739175 0 1 40.0 50 
 229 1362622146     749211 0 1 40.0 50 
 229 1362622146     759233 0 1 40.0 50 
 228 1362622146     769192 0 1 40.0 50 
 228 1362622146     779234 0 1 40.0 50 
 229 1362622146     789239 0 1 40.0 50 
 228 1362622146     799197 0 1 40.0 50 
 229 1362622146     809218 0 1 40.0 50 
 228 1362622146     819235 0 1 40.0 50 
 229 1362622146     829255 0 1 40.0 50 
 229 1362622146     839284 0 1 40.0 50 
 228 1362622146     849258 0 1 40.0 50 
 229 1362622146     859289 0 1 40.0 50 
 229 1362622146     869299 0 1 40.0 50 
 229 1362622146     879300 0 1 40.0 50 
 229 1362622146     889256 0 1 40.0 50 
 229 1362622146     899285 0 1 40.0 50 
 228 1362622146     909314 0 1 40.0 50 
 229 1362622146     919343 0 1 40.0 50 
 228 1362622146     929289 0 1 40.0 50 
 229 1362622146     939326 0 1 40.0 50 
 228 1362622146     949351 0 1 40.0 50 
 228 1362622146     959302 0 1 40.0 50 
 229 1362622146     969330 0 1 40.0 50 
 228 1362622146     979371 0 1 40.0 50 
 229 1362622146     989333 0 1 40.0 50 
 228 1362622146     999378 0 1 40.0 50 
 229 1362622147       9350 0 1 40.0 50 
 229 1362622147      19400 0 1 40.0 50 
 229 1362622147      29367 0 1 40.0 50 
 229 1362622147      39409 0 1 40.0 50 
 229 1362622147      49367 0 1 40.0 50 
 229 1362622147      59418 0 1 40.0 50 
 229 1362622147      69401 0 1 40.0 50 
 228 1362622147      79394 0 1 40.0 50 
 229 1362622147      89423 0 1 40.0 50 
 228 1362622147      99407 0 1 40.0 50 
 229 1362622147     109470 0 1 40.0 50 
 229 1362622147     119466 0 1 40.0 50 
 229 1362622147     129471 0 1 40.0 50 
 229 1362622147     139468 0 1 40.0 50 
 228 1362622147     149480 0 1 40.0 50 
 229 1362622147     159450 0 1 40.0 50 
 229 1362622147     169460 0 1 40.0 50 
 228 1362622147     179493 0 1 40.0 50 
 229 1362622147     189507 0 1 40.0 50 
 228 1362622147     199504 0 1 40.0 50 
 229 1362622147     209506 0 1 40.0 50 
 229 1362622147     219476 0 1 40.0 50 
 229 1362622147     229482 0 1 40.0 50 
 229 1362622147     239515 0 1 40.0 50 
 228 1362622147     249546 0 1 40.0 50 
 229 1362622147     259507 0 1 40.0 50 
 229 1362622147     269537 0 1 40.0 50 
 229 1362622147     279551 0 1 40.0 50 
 229 1362622147     289569 0 1 40.0 50 
 228 1362622147     299588 0 1 40.0 50 
 229 1362622147     309557 0 1 40.0 50 
 228 1362622147     319577 0 1 40.0 50 
 228 1362622147     329597 0 1 40.0 50 
 229 1362622147     339581 0 1 40.0 50 
 229 1362622147     349610 0 1 40.0 50 
 229 1362622147     359615 0 1 40.0 50 
 229 1362622147     369634 0 1 40.0 50 
 229 1362622147     379590 0 1 40.0 50 
 229 1362622147     389626 0 1 40.0 50 
 228 1362622147     399657 0 1 40.0 50 
 229 1362622147     409617 0 1 40.0 50 
 229 1362622147     419637 0 1 40.0 50 
 228 1362622147     429643 0 1 40.0 50 
 229 1362622147     439667 0 1 40.0 50 
 229 1362622147     449696 0 1 40.0 50 
 229 1362622147     459640 0 1 40.0 50 
 229 1362622147     469673 0 1 40.0 50 
 228 1362622147     479696 0 1 40.0 50 
 229 1362622147     489665 0 1 40.0 50 
 228 1362622147     499670 0 1 40.0 50 
 228 1362622147     509681 0 1 40.0 50 
 229 1362622147     519694 0 1 40.0 50 
 228 1362622147     529714 0 1 40.0 50 
 229 1362622147     539744 0 1 40.0 50 
 228 1362622147     549750 0 1 40.0 50 
 229 1362622147     559724 0 1 40.0 50 
 229 1362622147     569721 0 1 40.0 50 
 229 1362622147     579730 0 1 40.0 50 
 229 1362622147     589717 0 1 40.0 50 
 229 1362622147     599740 0 1 40.0 50 
 229 1362622147     609734 0 1 40.0 50 
 229 1362622147     619743 0 1 40.0 50 
 228 1362622147     629757 0 1 40.0 50 
 229 1362622147     639770 0 1 40.0 50 
 229 1362622147     649798 0 1 40.0 50 
 229 1362622147     659789 0 1 40.0 50 
 229 1362622147     669807 0 1 40.0 50 
 228 1362622147     679781 0 1 40.0 50 
 229 1362622147     689820 0 1 40.0 50 
 229 1362622147     699782 0 1 40.0 50 
 228 1362622147     709834 0 1 40.0 50 
 228 1362622147     719851 0 1 40.0 50 
 229 1362622147     729830 0 1 40.0 50 
 229 1362622147     739858 0 1 40.0 50 
 228 1362622147     749863 0 1 40.0 50 
 229 1362622147     759874 0 1 40.0 50 
 229 1362622147     769826 0 1 40.0 50 
 229 1362622147     779873 0 1 40.0 50 
 229 1362622147     789858 0 1 40.0 50 
 228 1362622147     799895 0 1 40.0 50 
 229 1362622147     809888 0 1 40.0 50 
 229 1362622147     819943 0 1 40.0 50 
 229 1362622147     829941 0 1 40.0 50 
 229 1362622147     839911 0 1 40.0 50 
 229 1362622147     849932 0 1 40.0 50 
 229 1362622147     859962 0 1 40.0 50 
 229 1362622147     869925 0 1 40.0 50 
 229 1362622147     879936 0 1 40.0 50 
 229 1362622147     889990 0 1 40.0 50 
 228 1362622147     899983 0 1 40.0 50 
 229 1362622147     909966 0 1 40.0 50 
 229 1362622147     919972 0 1 40.0 50 
 228 1362622147     929996 0 1 40.0 50 
 229 1362622147     939985 0 1 40.0 50 
 229 1362622147     950033 0 1 40.0 50 
 228 1362622147     959999 0 1 40.0 50 
 228 1362622147     970031 0 1 40.0 50 
 228 1362622147     980054 0 1 40.0 50 
 229 1362622147     990021 0 1 40.0 50 
 229 1362622148         22 0 1 40.0 50 
 229 1362622148      10047 0 1 40.0 50 
 229 1362622148      20022 0 1 40.0 50 
 229 1362622148      30042 0 1 40.0 50 
 229 1362622148      40065 0 1 40.0 50 
 228 1362622148      50044 0 1 40.0 50 
 229 1362622148      60048 0 1 40.0 50 
 229 1362622148      70079 0 1 40.0 50 
 229 1362622148      80077 0 1 40.0 50 
 229 1362622148      90077 0 1 40.0 50 
 228 1362622148     100105 0 1 40.0 50 
 229 1362622148     110086 0 1 40.0 50 
 229 1362622148     120136 0 1 40.0 50 
 228 1362622148     130097 0 1 40.0 50 
 229 1362622148     140148 0 1 40.0 50 
 229 1362622148     150122 0 1 40.0 50 
 229 1362622148     160112 0 1 40.0 50 
 229 1362622148     170132 0 1 40.0 50 
 228 1362622148     180135 0 1 40.0 50 
 229 1362622148     190147 0 1 40.0 50 
 229 1362622148     200186 0 1 40.0 50 
 229 1362622148     210204 0 1 40.0 50 
 229 1362622148     220164 0 1 40.0 50 
 229 1362622148     230188 0 1 40.0 50 
 229 1362622148     240212 0 1 40.0 50 
 229 1362622148     250178 0 1 40.0 50 
 229 1362622148     260200 0 1 40.0 50 
 229 1362622148     270238 0 1 40.0 50 
 228 1362622148     280222 0 1 40.0 50 
 229 1362622148     290252 0 1 40.0 50 
 229 1362622148     300226 0 1 40.0 50 
 229 1362622148     310233 0 1 40.0 50 
 229 1362622148     320260 0 1 40.0 50 
 228 1362622148     330271 0 1 40.0 50 
 229 1362622148     340275 0 1 40.0 50 
 229 1362622148     350244 0 1 40.0 50 
 229 1362622148     360246 0 1 40.0 50 
 228 1362622148     370273 0 1 40.0 50 
 229 1362622148     380287 0 1 40.0 50 
 229 1362622148     390278 0 1 40.0 50 
 229 1362622148     400303 0 1 40.0 50 
 229 1362622148     410330 0 1 40.0 50 
 229 1362622148     420346 0 1 40.0 50 
 229 1362622148     430296 0 1 40.0 50 
 229 1362622148     440326 0 1 40.0 50 
 229 1362622148     450308 0 1 40.0 50 
 229 1362622148     460368 0 1 40.0 50 
 229 1362622148     470341 0 1 40.0 50 
 228 1362622148     480348 0 1 40.0 50 
 229 1362622148     490379 0 1 40.0 50 
 229 1362622148     500373 0 1 40.0 50 
 229 1362622148     510403 0 1 40.0 50 
 229 1362622148     520408 0 1 40.0 50 
 228 1362622148     530359 0 1 40.0 50 
 229 1362622148     540402 0 1 40.0 50 
 229 1362622148     550385 0 1 40.0 50 
 229 1362622148     560422 0 1 40.0 50 
 229 1362622148     570394 0 1 40.0 50 
 228 1362622148     580409 0 1 40.0 50 
 229 1362622148     590422 0 1 40.0 50 
 229 1362622148     600419 0 1 40.0 50 
 229 1362622148     610464 0 1 40.0 50 
 229 1362622148     620447 0 1 40.0 50 
 228 1362622148     630745 0 1 40.0 50 
 229 1362622148     640432 0 1 40.0 50 
 229 1362622148     650448 0 1 40.0 50 
 229 1362622148     660467 0 1 40.0 50 
 229 1362622148     670473 0 1 40.0 50 
 228 1362622148     680491 0 1 40.0 50 
 229 1362622148     690498 0 1 40.0 50 
 229 1362622148     700486 0 1 40.0 50 
 229 1362622148     710499 0 1 40.0 50 
 229 1362622148     720518 0 1 40.0 50 
 228 1362622148     730546 0 1 40.0 50 
 229 1362622148     740496 0 1 40.0 50 
 229 1362622148     750593 0 1 40.0 50 
 229 1362622148     760543 0 1 40.0 50 
 229 1362622148     770520 0 1 40.0 50 
 228 1362622148     780534 0 1 40.0 50 
 229 1362622148     790577 0 1 40.0 50 
 228 1362622148     800573 0 1 40.0 50 
 229 1362622148     810545 0 1 40.0 50 
 229 1362622148     820609 0 1 40.0 50 
 228 1362622148     830572 0 1 40.0 50 
 228 1362622148     840577 0 1 40.0 50 
 229 1362622148     850598 0 1 40.0 50 
 228 1362622148     860618 0 1 40.0 50 
 229 1362622148     870667 0 1 40.0 50 
 228 1362622148     880631 0 1 40.0 50 
 228 1362622148     890637 0 1 40.0 50 
 228 1362622148     900617 0 1 40.0 50 
 229 1362622148     910631 0 1 40.0 50 
 229 1362622148     920646 0 1 40.0 50 
 228 1362622148     930638 0 1 40.0 50 
 228 1362622148     940640 0 1 40.0 50 
 229 1362622148     950642 0 1 40.0 50 
 229 1362622148     960670 0 1 40.0 50 
 229 1362622148     970686 0 1 40.0 50 
 228 1362622148     980696 0 1 40.0 50 
 229 1362622148     990679 0 1 40.0 50 
 229 1362622149        669 0 1 40.0 50 
 229 1362622149      10694 0 1 40.0 50 
 229 1362622149      20737 0 1 40.0 50 
 228 1362622149      30719 0 1 40.0 50 
 229 1362622149      40746 0 1 40.0 50 
 229 1362622149      50748 0 1 40.0 50 
 229 1362622149      60721 0 1 40.0 50 
 229 1362622149      70741 0 1 40.0 50 
 228 1362622149      80742 0 1 40.0 50 
 229 1362622149      90778 0 1 40.0 50 
 229 1362622149     100786 0 1 40.0 50 
 229 1362622149     110784 0 1 40.0 50 
 229 1362622149     120764 0 1 40.0 50 
 228 1362622149     130780 0 1 40.0 50 
 229 1362622149     140814 0 1 40.0 50 
 228 1362622149     150801 0 1 40.0 50 
 228 1362622149     160818 0 1 40.0 50 
 229 1362622149     170829 0 1 40.0 50 
 228 1362622149     180799 0 1 40.0 50 
 228 1362622149     190845 0 1 40.0 50 
 228 1362622149     200800 0 1 40.0 50 
 228 1362622149     210847 0 1 40.0 50 
 229 1362622149     220829 0 1 40.0 50 
 228 1362622149     230820 0 1 40.0 50 
 229 1362622149     240866 0 1 40.0 50 
 229 1362622149     250842 0 1 40.0 50 
 228 1362622149     260896 0 1 40.0 50 
 229 1362622149     270887 0 1 40.0 50 
 228 1362622149     280909 0 1 40.0 50 
 229 1362622149     290874 0 1 40.0 50 
 229 1362622149     300904 0 1 40.0 50 
 228 1362622149     310885 0 1 40.0 50 
 229 1362622149     320899 0 1 40.0 50 
 228 1362622149     330930 0 1 40.0 50 
 229 1362622149     340929 0 1 40.0 50 
 229 1362622149     350997 0 1 40.0 50 
 228 1362622149     360963 0 1 40.0 50 
 229 1362622149     370927 0 1 40.0 50 
 228 1362622149     380952 0 1 40.0 50 
 229 1362622149     390976 0 1 40.0 50 
 229 1362622149     400975 0 1 40.0 50 
 228 1362622149     410962 0 1 40.0 50 
 229 1362622149     420995 0 1 40.0 50 
 228 1362622149     431003 0 1 40.0 50 
 229 1362622149     441018 0 1 40.0 50 
 229 1362622149     450996 0 1 40.0 50 
 228 1362622149     460983 0 1 40.0 50 
 229 1362622149     470991 0 1 40.0 50 
 228 1362622149     481022 0 1 40.0 50 
 229 1362622149     490992 0 1 40.0 50 
 229 1362622149     501041 0 1 40.0 50 
 228 1362622149     511005 0 1 40.0 50 
 229 1362622149     521038 0 1 40.0 50 
 228 1362622149     531021 0 1 40.0 50 
 229 1362622149     541032 0 1 40.0 50 
 229 1362622149     551044 0 1 40.0 50 
 228 1362622149     561066 0 1 40.0 50 
 229 1362622149     571044 0 1 40.0 50 
 228 1362622149     581073 0 1 40.0 50 
 229 1362622149     591111 0 1 40.0 50 
 229 1362622149     601121 0 1 40.0 50 
 228 1362622149     611102 0 1 40.0 50 
 229 1362622149     621086 0 1 40.0 50 
 228 1362622149     631094 0 1 40.0 50 
 229 1362622149     641109 0 1 40.0 50 
 229 1362622149     651105 0 1 40.0 50 
 228 1362622149     661156 0 1 40.0 50 
 229 1362622149     671167 0 1 40.0 50 
 228 1362622149     681129 0 1 40.0 50 
 228 1362622149     691141 0 1 40.0 50 
 229 1362622149     701137 0 1 40.0 50 
 228 1362622149     711152 0 1 40.0 50 
 229 1362622149     721204 0 1 40.0 50 
 228 1362622149     731161 0 1 40.0 50 
 229 1362622149     741205 0 1 40.0 50 
 229 1362622149     751204 0 1 40.0 50 
 228 1362622149     761190 0 1 40.0 50 
 229 1362622149     771184 0 1 40.0 50 
 228 1362622149     781223 0 1 40.0 50 
 229 1362622149     791207 0 1 40.0 50 
 229 1362622149     801229 0 1 40.0 50 
 228 1362622149     811205 0 1 40.0 50 
 229 1362622149     821250 0 1 40.0 50 
 228 1362622149     831274 0 1 40.0 50 
 229 1362622149     841279 0 1 40.0 50 
 229 1362622149     851239 0 1 40.0 50 
 228 1362622149     861251 0 1 40.0 50 
 229 1362622149     871276 0 1 40.0 50 
 229 1362622149     881285 0 1 40.0 50 
 229 1362622149     891281 0 1 40.0 50 
 229 1362622149     901316 0 1 40.0 50 
 228 1362622149     911304 0 1 40.0 50 
 229 1362622149     921334 0 1 40.0 50 
 228 1362622149     931360 0 1 40.0 50 
 229 1362622149     941353 0 1 40.0 50 
 228 1362622149     951413 0 1 40.0 50 
 228 1362622149     961326 0 1 40.0 50 
 229 1362622149     971326 0 1 40.0 50 
 228 1362622149     981370 0 1 40.0 50 
 229 1362622149     991361 0 1 40.0 50 
 229 1362622150       1376 0 1 40.0 50 
 228 1362622150      11389 0 1 40.0 50 
 229 1362622150      21368 0 1 40.0 50 
 229 1362622150      31397 0 1 40.0 50 
 229 1362622150      41372 0 1 40.0 50 
 228 1362622150      51411 0 1 40.0 50 
 228 1362622150      61396 0 1 40.0 50 
 229 1362622150      71404 0 1 40.0 50 
 228 1362622150      81417 0 1 40.0 50 
 229 1362622150      91403 0 1 40.0 50 
 228 1362622150     101410 0 1 40.0 50 
 228 1362622150     111414 0 1 40.0 50 
 229 1362622150     121445 0 1 40.0 50 
 228 1362622150     131422 0 1 40.0 50 
 229 1362622150     141443 0 1 40.0 50 
 228 1362622150     151449 0 1 40.0 50 
 229 1362622150     161434 0 1 40.0 50 
 229 1362622150     171481 0 1 40.0 50 
 228 1362622150     181489 0 1 40.0 50 
 228 1362622150     191507 0 1 40.0 50 
 229 1362622150     201493 0 1 40.0 50 
 229 1362622150     211500 0 1 40.0 50 
 230 1362622150     221527 0 1 40.0 50 
 229 1362622150     231513 0 1 40.0 50 
 228 1362622150     241544 0 1 40.0 50 
 229 1362622150     251500 0 1 40.0 50 
 229 1362622150     261527 0 1 40.0 50 
 229 1362622150     271526 0 1 40.0 50 
 229 1362622150     281547 0 1 40.0 50 
 228 1362622150     291539 0 1 40.0 50 
 229 1362622150     301591 0 1 40.0 50 
 229 1362622150     311565 0 1 40.0 50 
 229 1362622150     321572 0 1 40.0 50 
 228 1362622150     331595 0 1 40.0 50 
 228 1362622150     341565 0 1 40.0 50 
 228 1362622150     351620 0 1 40.0 50 
 229 1362622150     361614 0 1 40.0 50 
 229 1362622150     371579 0 1 40.0 50 
 229 1362622150     381596 0 1 40.0 50 
 229 1362622150     391643 0 1 40.0 50 
 229 1362622150     401632 0 1 40.0 50 
 229 1362622150     411620 0 1 40.0 50 
 229 1362622150     421653 0 1 40.0 50 
 228 1362622150     431647 0 1 40.0 50 
 229 1362622150     441675 0 1 40.0 50 
 229 1362622150     451669 0 1 40.0 50 
 229 1362622150     461634 0 1 40.0 50 
 229 1362622150     471674 0 1 40.0 50 
 229 1362622150     481702 0 1 40.0 50 
 229 1362622150     491653 0 1 40.0 50 
 229 1362622150     501702 0 1 40.0 50 
 229 1362622150     511707 0 1 40.0 50 
 229 1362622150     521701 0 1 40.0 50 
 228 1362622150     531747 0 1 40.0 50 
 229 1362622150     541742 0 1 40.0 50 
 229 1362622150     551797 0 1 40.0 50 
 229 1362622150     561752 0 1 40.0 50 
 229 1362622150     571763 0 1 40.0 50 
 229 1362622150     581750 0 1 40.0 50 
 229 1362622150     591755 0 1 40.0 50 
 229 1362622150     601787 0 1 40.0 50 
 229 1362622150     611734 0 1 40.0 50 
 229 1362622150     621749 0 1 40.0 50 
 229 1362622150     631809 0 1 40.0 50 
 229 1362622150     641782 0 1 40.0 50 
 229 1362622150     651783 0 1 40.0 50 
 228 1362622150     661779 0 1 40.0 50 
 229 1362622150     671821 0 1 40.0 50 
 229 1362622150     681805 0 1 40.0 50 
 229 1362622150     691844 0 1 40.0 50 
 229 1362622150     701836 0 1 40.0 50 
 228 1362622150     711834 0 1 40.0 50 
 229 1362622150     721806 0 1 40.0 50 
 229 1362622150     731818 0 1 40.0 50 
 229 1362622150     741865 0 1 40.0 50 
 228 1362622150     751881 0 1 40.0 50 
 228 1362622150     761836 0 1 40.0 50 
 229 1362622150     771858 0 1 40.0 50 
 229 1362622150     781859 0 1 40.0 50 
 229 1362622150     791858 0 1 40.0 50 
 229 1362622150     801885 0 1 40.0 50 
 228 1362622150     811882 0 1 40.0 50 
 229 1362622150     821930 0 1 40.0 50 
 229 1362622150     831900 0 1 40.0 50 
 229 1362622150     841941 0 1 40.0 50 
 228 1362622150     851940 0 1 40.0 50 
 228 1362622150     861915 0 1 40.0 50 
 229 1362622150     871941 0 1 40.0 50 
 229 1362622150     881936 0 1 40.0 50 
 229 1362622150     891940 0 1 40.0 50 
 228 1362622150     901979 0 1 40.0 50 
 228 1362622150     911955 0 1 40.0 50 
 229 1362622150     921964 0 1 40.0 50 
 228 1362622150     931951 0 1 40.0 50 
 229 1362622150     941963 0 1 40.0 50 
 228 1362622150     951995 0 1 40.0 50 
 228 1362622150     961995 0 1 40.0 50 
 229 1362622150     971976 0 1 40.0 50 
 228 1362622150     981992 0 1 40.0 50 
 228 1362622150     992012 0 1 40.0 50 
 228 1362622151       1995 0 1 40.0 50 
 229 1362622151      12022 0 1 40.0 50 
 229 1362622151      22051 0 1 40.0 50 
 228 1362622151      32020 0 1 40.0 50 
 228 1362622151      42048 0 1 40.0 50 
 228 1362622151      52064 0 1 40.0 50 
 229 1362622151      62044 0 1 40.0 50 
 229 1362622151      72073 0 1 40.0 50 
 228 1362622151      82083 0 1 40.0 50 
 228 1362622151      92104 0 1 40.0 50 
 228 1362622151     102112 0 1 40.0 50 
 228 1362622151     112122 0 1 40.0 50 
 229 1362622151     122100 0 1 40.0 50 
 228 1362622151     132105 0 1 40.0 50 
 228 1362622151     142088 0 1 40.0 50 
 228 1362622151     152144 0 1 40.0 50 
 229 1362622151     162151 0 1 40.0 50 
 229 1362622151     172155 0 1 40.0 50 
 228 1362622151     182132 0 1 40.0 50 
 228 1362622151     192139 0 1 40.0 50 
 229 1362622151     202137 0 1 40.0 50 
 229 1362622151     212184 0 1 40.0 50 
 229 1362622151     222193 0 1 40.0 50 
 228 1362622151     232175 0 1 40.0 50 
 228 1362622151     242162 0 1 40.0 50 
 229 1362622151     252190 0 1 40.0 50 
 229 1362622151     262194 0 1 40.0 50 
 229 1362622151     272183 0 1 40.0 50 
 228 1362622151     282200 0 1 40.0 50 
 229 1362622151     292197 0 1 40.0 50 
 229 1362622151     302215 0 1 40.0 50 
 228 1362622151     312251 0 1 40.0 50 
 229 1362622151     322237 0 1 40.0 50 
 228 1362622151     332225 0 1 40.0 50 
 229 1362622151     342221 0 1 40.0 50 
 229 1362622151     352240 0 1 40.0 50 
 229 1362622151     362269 0 1 40.0 50 
 229 1362622151     372286 0 1 40.0 50 
 229 1362622151     382278 0 1 40.0 50 
 229 1362622151     392290 0 1 40.0 50 
 230 1362622151     402264 0 1 40.0 50 
 228 1362622151     412268 0 1 40.0 50 
 229 1362622151     422279 0 1 40.0 50 
 229 1362622151     432318 0 1 40.0 50 
 228 1362622151     442301 0 1 40.0 50 
 229 1362622151     452329 0 1 40.0 50 
 229 1362622151     462345 0 1 40.0 50 
 229 1362622151     472324 0 1 40.0 50 
 229 1362622151     482332 0 1 40.0 50 
 229 1362622151     492323 0 1 40.0 50 
 229 1362622151     502350 0 1 40.0 50 
 229 1362622151     512355 0 1 40.0 50 
 229 1362622151     522362 0 1 40.0 50 
 229 1362622151     532384 0 1 40.0 50 
 229 1362622151     542361 0 1 40.0 50 
 230 1362622151     552387 0 1 40.0 50 
 229 1362622151     562363 0 1 40.0 50 
 229 1362622151     572429 0 1 40.0 50 
 229 1362622151     582402 0 1 40.0 50 
 229 1362622151     592405 0 1 40.0 50 
 229 1362622151     602443 0 1 40.0 50 
 229 1362622151     612440 0 1 40.0 50 
 228 1362622151     622453 0 1 40.0 50 
 229 1362622151     632460 0 1 40.0 50 
 228 1362622151     642437 0 1 40.0 50 
 229 1362622151     652467 0 1 40.0 50 
 229 1362622151     662429 0 1 40.0 50 
 229 1362622151     672457 0 1 40.0 50 
 229 1362622151     682473 0 1 40.0 50 
 229 1362622151     692494 0 1 40.0 50 
 229 1362622151     702487 0 1 40.0 50 
 229 1362622151     712508 0 1 40.0 50 
 229 1362622151     722493 0 1 40.0 50 
 229 1362622151     732495 0 1 40.0 50 
 229 1362622151     742482 0 1 40.0 50 
 229 1362622151     752608 0 1 40.0 50 
 229 1362622151     762540 0 1 40.0 50 
 229 1362622151     772507 0 1 40.0 50 
 229 1362622151     782558 0 1 40.0 50 
 228 1362622151     792538 0 1 40.0 50 
 229 1362622151     802552 0 1 40.0 50 
 229 1362622151     812582 0 1 40.0 50 
 229 1362622151     822579 0 1 40.0 50 
 229 1362622151     832567 0 1 40.0 50 
 229 1362622151     842597 0 1 40.0 50 
 229 1362622151     852558 0 1 40.0 50 
 229 1362622151     862621 0 1 40.0 50 
 229 1362622151     872619 0 1 40.0 50 
 229 1362622151     882599 0 1 40.0 50 
 228 1362622151     892636 0 1 40.0 50 
 229 1362622151     902626 0 1 40.0 50 
 229 1362622151     912648 0 1 40.0 50 
 228 1362622151     922631 0 1 40.0 50 
 229 1362622151     932642 0 1 40.0 50 
 228 1362622151     942643 0 1 40.0 50 
 229 1362622151     952639 0 1 40.0 50 
 229 1362622151     962667 0 1 40.0 50 
 228 1362622151     972688 0 1 40.0 50 
 229 1362622151     982679 0 1 40.0 50 
 228 1362622151     992654 0 1 40.0 50 
 229 1362622152       2672 0 1 40.0 50 
 229 1362622152      12706 0 1 40.0 50 
 228 1362622152      22719 0 1 40.0 50 
 229 1362622152      32705 0 1 40.0 50 
 229 1362622152      42725 0 1 40.0 50 
 229 1362622152      52713 0 1 40.0 50 
 229 1362622152      62727 0 1 40.0 50 
 228 1362622152      72720 0 1 40.0 50 
 229 1362622152      82722 0 1 40.0 50 
 229 1362622152      92748 0 1 40.0 50 
 229 1362622152     102778 0 1 40.0 50 
 229 1362622152     112787 0 1 40.0 50 
 228 1362622152     122768 0 1 40.0 50 
 229 1362622152     132790 0 1 40.0 50 
 229 1362622152     142749 0 1 40.0 50 
 229 1362622152     152805 0 1 40.0 50 
 229 1362622152     162803 0 1 40.0 50 
 229 1362622152     172775 0 1 40.0 50 
 229 1362622152     182797 0 1 40.0 50 
 229 1362622152     192798 0 1 40.0 50 
 229 1362622152     202796 0 1 40.0 50 
 229 1362622152     212802 0 1 40.0 50 
 228 1362622152     222832 0 1 40.0 50 
 229 1362622152     232838 0 1 40.0 50 
 229 1362622152     242846 0 1 40.0 50 
 229 1362622152     252847 0 1 40.0 50 
 229 1362622152     262859 0 1 40.0 50 
 229 1362622152     272842 0 1 40.0 50 
 229 1362622152     282853 0 1 40.0 50 
 229 1362622152     292884 0 1 40.0 50 
 229 1362622152     302884 0 1 40.0 50 
 229 1362622152     312914 0 1 40.0 50 
 229 1362622152     322924 0 1 40.0 50 
 228 1362622152     332961 0 1 40.0 50 
 229 1362622152     342906 0 1 40.0 50 
 228 1362622152     352909 0 1 40.0 50 
 229 1362622152     362942 0 1 40.0 50 
 228 1362622152     372934 0 1 40.0 50 
 229 1362622152     382903 0 1 40.0 50 
 229 1362622152     392970 0 1 40.0 50 
 229 1362622152     402975 0 1 40.0 50 
 229 1362622152     412962 0 1 40.0 50 
 229 1362622152     422934 0 1 40.0 50 
 229 1362622152     432964 0 1 40.0 50 
 229 1362622152     442959 0 1 40.0 50 
 229 1362622152     453006 0 1 40.0 50 
 230 1362622152     462957 0 1 40.0 50 
 228 1362622152     472979 0 1 40.0 50 
 229 1362622152     482987 0 1 40.0 50 
 229 1362622152     493008 0 1 40.0 50 
 229 1362622152     502983 0 1 40.0 50 
 229 1362622152     513003 0 1 40.0 50 
 228 1362622152     523044 0 1 40.0 50 
 229 1362622152     533040 0 1 40.0 50 
 228 1362622152     543029 0 1 40.0 50 
 228 1362622152     553031 0 1 40.0 50 
 229 1362622152     563068 0 1 40.0 50 
 228 1362622152     573067 0 1 40.0 50 
 229 1362622152     583038 0 1 40.0 50 
 229 1362622152     593067 0 1 40.0 50 
 228 1362622152     603107 0 1 40.0 50 
 229 1362622152     613104 0 1 40.0 50 
 229 1362622152     623099 0 1 40.0 50 
 229 1362622152     633127 0 1 40.0 50 
 228 1362622152     643136 0 1 40.0 50 
 228 1362622152     653107 0 1 40.0 50 
 229 1362622152     663099 0 1 40.0 50 
 229 1362622152     673136 0 1 40.0 50 
 229 1362622152     683145 0 1 40.0 50 
 229 1362622152     693120 0 1 40.0 50 
 229 1362622152     703141 0 1 40.0 50 
 229 1362622152     713138 0 1 40.0 50 
 229 1362622152     723152 0 1 40.0 50 
 228 1362622152     733135 0 1 40.0 50 
 229 1362622152     743156 0 1 40.0 50 
 229 1362622152     753162 0 1 40.0 50 
 229 1362622152     763180 0 1 40.0 50 
 228 1362622152     773213 0 1 40.0 50 
 228 1362622152     783227 0 1 40.0 50 
 229 1362622152     793229 0 1 40.0 50 
 228 1362622152     803222 0 1 40.0 50 
 228 1362622152     813221 0 1 40.0 50 
 229 1362622152     823256 0 1 40.0 50 
 229 1362622152     833207 0 1 40.0 50 
 228 1362622152     843254 0 1 40.0 50 
 228 1362622152     853237 0 1 40.0 50 
 229 1362622152     863246 0 1 40.0 50 
 229 1362622152     873430 0 1 40.0 50 
 229 1362622152     883252 0 1 40.0 50 
 229 1362622152     893253 0 1 40.0 50 
 229 1362622152     903292 0 1 40.0 50 
 228 1362622152     913311 0 1 40.0 50 
 228 1362622152     923295 0 1 40.0 50 
 229 1362622152     933318 0 1 40.0 50 
 229 1362622152     943273 0 1 40.0 50 
 228 1362622152     953287 0 1 40.0 50 
 229 1362622152     963307 0 1 40.0 50 
 229 1362622152     973323 0 1 40.0 50 
 228 1362622152     983309 0 1 40.0 50 
 229 1362622152     993311 0 1 40.0 50 
 228 1362622153       3372 0 1 40.0 50 
 229 1362622153      13348 0 1 40.0 50 
 229 1362622153      23339 0 1 40.0 50 
 229 1362622153      33370 0 1 40.0 50 
 230 1362622153      43363 0 1 40.0 50 
 228 1362622153      53366 0 1 40.0 50 
 229 1362622153      63360 0 1 40.0 50 
 229 1362622153      73403 0 1 40.0 50 
 229 1362622153      83402 0 1 40.0 50 
 229 1362622153      93433 0 1 40.0 50 
 228 1362622153     103435 0 1 40.0 50 
 229 1362622153     113418 0 1 40.0 50 
 229 1362622153     123419 0 1 40.0 50 
 228 1362622153     133418 0 1 40.0 50 
 229 1362622153     143455 0 1 40.0 50 
 229 1362622153     153438 0 1 40.0 50 
 229 1362622153     163439 0 1 40.0 50 
 228 1362622153     173450 0 1 40.0 50 
 228 1362622153     183492 0 1 40.0 50 
 229 1362622153     193490 0 1 40.0 50 
 228 1362622153     203464 0 1 40.0 50 
 229 1362622153     213471 0 1 40.0 50 
 229 1362622153     223504 0 1 40.0 50 
 229 1362622153     233505 0 1 40.0 50 
 229 1362622153     243515 0 1 40.0 50 
 228 1362622153     253534 0 1 40.0 50 
 229 1362622153     263507 0 1 40.0 50 
 229 1362622153     273496 0 1 40.0 50 
 229 1362622153     283551 0 1 40.0 50 
 229 1362622153     293525 0 1 40.0 50 
 228 1362622153     303532 0 1 40.0 50 
 229 1362622153     313565 0 1 40.0 50 
 229 1362622153     323554 0 1 40.0 50 
 228 1362622153     333570 0 1 40.0 50 
 229 1362622153     343543 0 1 40.0 50 
 229 1362622153     353590 0 1 40.0 50 
 228 1362622153     363594 0 1 40.0 50 
 228 1362622153     373581 0 1 40.0 50 
 228 1362622153     383582 0 1 40.0 50 
 229 1362622153     393588 0 1 40.0 50 
 228 1362622153     403611 0 1 40.0 50 
 229 1362622153     413591 0 1 40.0 50 
 229 1362622153     423610 0 1 40.0 50 
 229 1362622153     433604 0 1 40.0 50 
 229 1362622153     443656 0 1 40.0 50 
 229 1362622153     453668 0 1 40.0 50 
 229 1362622153     463655 0 1 40.0 50 
 229 1362622153     473675 0 1 40.0 50 
 228 1362622153     483658 0 1 40.0 50 
 229 1362622153     493672 0 1 40.0 50 
 229 1362622153     503668 0 1 40.0 50 
 228 1362622153     513669 0 1 40.0 50 
 228 1362622153     523681 0 1 40.0 50 
 228 1362622153     533674 0 1 40.0 50 
 229 1362622153     543705 0 1 40.0 50 
 228 1362622153     553735 0 1 40.0 50 
 228 1362622153     563729 0 1 40.0 50 
 229 1362622153     573699 0 1 40.0 50 
 229 1362622153     583806 0 1 40.0 50 
 229 1362622153     593717 0 1 40.0 50 
 229 1362622153     603756 0 1 40.0 50 
 229 1362622153     613772 0 1 40.0 50 
 229 1362622153     623728 0 1 40.0 50 
 228 1362622153     633794 0 1 40.0 50 
 229 1362622153     643761 0 1 40.0 50 
 229 1362622153     653779 0 1 40.0 50 
 229 1362622153     663772 0 1 40.0 50 
 229 1362622153     673782 0 1 40.0 50 
 228 1362622153     683806 0 1 40.0 50 
 229 1362622153     693773 0 1 40.0 50 
 229 1362622153     703791 0 1 40.0 50 
 228 1362622153     713801 0 1 40.0 50 
 229 1362622153     723790 0 1 40.0 50 
 228 1362622153     733810 0 1 40.0 50 
 228 1362622153     743807 0 1 40.0 50 
 229 1362622153     753867 0 1 40.0 50 
 229 1362622153     763827 0 1 40.0 50 
 229 1362622153     773844 0 1 40.0 50 
 228 1362622153     783852 0 1 40.0 50 
 229 1362622153     793882 0 1 40.0 50 
 229 1362622153     803849 0 1 40.0 50 
 229 1362622153     813893 0 1 40.0 50 
 229 1362622153     823863 0 1 40.0 50 
 229 1362622153     833867 0 1 40.0 50 
 229 1362622153     843880 0 1 40.0 50 
 229 1362622153     853918 0 1 40.0 50 
 228 1362622153     863920 0 1 40.0 50 
 229 1362622153     873910 0 1 40.0 50 
 229 1362622153     883945 0 1 40.0 50 
 229 1362622153     893910 0 1 40.0 50 
 228 1362622153     903909 0 1 40.0 50 
 228 1362622153     913930 0 1 40.0 50 
 229 1362622153     923928 0 1 40.0 50 
 228 1362622153     933960 0 1 40.0 50 
 228 1362622153     943946 0 1 40.0 50 
 228 1362622153     953954 0 1 40.0 50 
 229 1362622153     964190 0 1 40.0 50 
 229 1362622153     974015 0 1 40.0 50 
 228 1362622153     983971 0 1 40.0 50 
 229 1362622153     993983 0 1 40.0 50 
 229 1362622154       4007 0 1 40.0 50 
 229 1362622154      14018 0 1 40.0 50 
 229 1362622154      23988 0 1 40.0 50 
 229 1362622154      34035 0 1 40.0 50 
 229 1362622154      44062 0 1 40.0 50 
 229 1362622154      54058 0 1 40.0 50 
 229 1362622154      64016 0 1 40.0 50 
 229 1362622154      74083 0 1 40.0 50 
 229 1362622154      84028 0 1 40.0 50 
 228 1362622154      94061 0 1 40.0 50 
 229 1362622154     104076 0 1 40.0 50 
 228 1362622154     114046 0 1 40.0 50 
 229 1362622154     124102 0 1 40.0 50 
 228 1362622154     134121 0 1 40.0 50 
 228 1362622154     144101 0 1 40.0 50 
 229 1362622154     154091 0 1 40.0 50 
 228 1362622154     164128 0 1 40.0 50 
 229 1362622154     174094 0 1 40.0 50 
 229 1362622154     184148 0 1 40.0 50 
 229 1362622154     194127 0 1 40.0 50 
 229 1362622154     204116 0 1 40.0 50 
 228 1362622154     214127 0 1 40.0 50 
 229 1362622154     224170 0 1 40.0 50 
 229 1362622154     234157 0 1 40.0 50 
 229 1362622154     244137 0 1 40.0 50 
 229 1362622154     254142 0 1 40.0 50 
 228 1362622154     264152 0 1 40.0 50 
 228 1362622154     274194 0 1 40.0 50 
 228 1362622154     284197 0 1 40.0 50 
 229 1362622154     294219 0 1 40.0 50 
 229 1362622154     304215 0 1 40.0 50 
