 463 1362622904     699992 0 6 40.0 150 
 463 1362622904     710016 0 6 40.0 150 
 463 1362622904     720115 0 6 40.0 150 
 463 1362622904     730090 0 6 40.0 150 
 464 1362622904     740067 0 6 40.0 150 
 462 1362622904     750137 0 6 40.0 150 
 463 1362622904     760066 0 6 40.0 150 
 463 1362622904     770098 0 6 40.0 150 
 463 1362622904     780141 0 6 40.0 150 
 463 1362622904     790023 0 6 40.0 150 
 463 1362622904     800078 0 6 40.0 150 
 463 1362622904     810132 0 6 40.0 150 
 463 1362622904     820109 0 6 40.0 150 
 463 1362622904     830183 0 6 40.0 150 
 462 1362622904     840188 0 6 40.0 150 
 462 1362622904     850100 0 6 40.0 150 
 463 1362622904     860190 0 6 40.0 150 
 463 1362622904     870119 0 6 40.0 150 
 463 1362622904     880205 0 6 40.0 150 
 463 1362622904     890158 0 6 40.0 150 
 462 1362622904     900130 0 6 40.0 150 
 464 1362622904     910280 0 6 40.0 150 
 463 1362622904     920135 0 6 40.0 150 
 462 1362622904     930123 0 6 40.0 150 
 463 1362622904     940095 0 6 40.0 150 
 463 1362622904     950080 0 6 40.0 150 
 463 1362622904     960148 0 6 40.0 150 
 463 1362622904     970090 0 6 40.0 150 
 463 1362622904     980163 0 6 40.0 150 
 463 1362622904     990171 0 6 40.0 150 
 462 1362622905        188 0 6 40.0 150 
 463 1362622905      10161 0 6 40.0 150 
 463 1362622905      20129 0 6 40.0 150 
 462 1362622905      30148 0 6 40.0 150 
 464 1362622905      40176 0 6 40.0 150 
 463 1362622905      50167 0 6 40.0 150 
 463 1362622905      60187 0 6 40.0 150 
 463 1362622905      70224 0 6 40.0 150 
 464 1362622905      80196 0 6 40.0 150 
 463 1362622905      90213 0 6 40.0 150 
 463 1362622905     100233 0 6 40.0 150 
 463 1362622905     110211 0 6 40.0 150 
 463 1362622905     120256 0 6 40.0 150 
 463 1362622905     130242 0 6 40.0 150 
 463 1362622905     140262 0 6 40.0 150 
 462 1362622905     150233 0 6 40.0 150 
 463 1362622905     160219 0 6 40.0 150 
 463 1362622905     170266 0 6 40.0 150 
 462 1362622905     180252 0 6 40.0 150 
 464 1362622905     190296 0 6 40.0 150 
 463 1362622905     200268 0 6 40.0 150 
 464 1362622905     210261 0 6 40.0 150 
 462 1362622905     220267 0 6 40.0 150 
 463 1362622905     230276 0 6 40.0 150 
 463 1362622905     240287 0 6 40.0 150 
 462 1362622905     250309 0 6 40.0 150 
 463 1362622905     260324 0 6 40.0 150 
 463 1362622905     270340 0 6 40.0 150 
 463 1362622905     280335 0 6 40.0 150 
 462 1362622905     290338 0 6 40.0 150 
 463 1362622905     300338 0 6 40.0 150 
 463 1362622905     310354 0 6 40.0 150 
 463 1362622905     320375 0 6 40.0 150 
 462 1362622905     330380 0 6 40.0 150 
 463 1362622905     340381 0 6 40.0 150 
 462 1362622905     350380 0 6 40.0 150 
 464 1362622905     360395 0 6 40.0 150 
 463 1362622905     370399 0 6 40.0 150 
 464 1362622905     380396 0 6 40.0 150 
 463 1362622905     390413 0 6 40.0 150 
 462 1362622905     400438 0 6 40.0 150 
 464 1362622905     410435 0 6 40.0 150 
 463 1362622905     420430 0 6 40.0 150 
 463 1362622905     430437 0 6 40.0 150 
 463 1362622905     440442 0 6 40.0 150 
 463 1362622905     450463 0 6 40.0 150 
 463 1362622905     460473 0 6 40.0 150 
 463 1362622905     470475 0 6 40.0 150 
 463 1362622905     480458 0 6 40.0 150 
 463 1362622905     490450 0 6 40.0 150 
 463 1362622905     500455 0 6 40.0 150 
 463 1362622905     510459 0 6 40.0 150 
 462 1362622905     520468 0 6 40.0 150 
 463 1362622905     530466 0 6 40.0 150 
 463 1362622905     540481 0 6 40.0 150 
 462 1362622905     550493 0 6 40.0 150 
 463 1362622905     560491 0 6 40.0 150 
 463 1362622905     570509 0 6 40.0 150 
 463 1362622905     580506 0 6 40.0 150 
 463 1362622905     590520 0 6 40.0 150 
 464 1362622905     600537 0 6 40.0 150 
 462 1362622905     610555 0 6 40.0 150 
 463 1362622905     620561 0 6 40.0 150 
 462 1362622905     630559 0 6 40.0 150 
 464 1362622905     640581 0 6 40.0 150 
 463 1362622905     650587 0 6 40.0 150 
 463 1362622905     660586 0 6 40.0 150 
 463 1362622905     670581 0 6 40.0 150 
 463 1362622905     680584 0 6 40.0 150 
 463 1362622905     690583 0 6 40.0 150 
 463 1362622905     700592 0 6 40.0 150 
 463 1362622905     710614 0 6 40.0 150 
 463 1362622905     720636 0 6 40.0 150 
 463 1362622905     730645 0 6 40.0 150 
 463 1362622905     740648 0 6 40.0 150 
 463 1362622905     750661 0 6 40.0 150 
 463 1362622905     760680 0 6 40.0 150 
 463 1362622905     770686 0 6 40.0 150 
 463 1362622905     780626 0 6 40.0 150 
 464 1362622905     790638 0 6 40.0 150 
 462 1362622905     800652 0 6 40.0 150 
 463 1362622905     810653 0 6 40.0 150 
 463 1362622905     820673 0 6 40.0 150 
 463 1362622905     830676 0 6 40.0 150 
 463 1362622905     840677 0 6 40.0 150 
 463 1362622905     850685 0 6 40.0 150 
 463 1362622905     860678 0 6 40.0 150 
 463 1362622905     870697 0 6 40.0 150 
 463 1362622905     880696 0 6 40.0 150 
 463 1362622905     890765 0 6 40.0 150 
 463 1362622905     900710 0 6 40.0 150 
 462 1362622905     910779 0 6 40.0 150 
 463 1362622905     920778 0 6 40.0 150 
 463 1362622905     930753 0 6 40.0 150 
 462 1362622905     940748 0 6 40.0 150 
 463 1362622905     950759 0 6 40.0 150 
 463 1362622905     960762 0 6 40.0 150 
 463 1362622905     970771 0 6 40.0 150 
 463 1362622905     980767 0 6 40.0 150 
 462 1362622905     990789 0 6 40.0 150 
 463 1362622906        806 0 6 40.0 150 
 463 1362622906      10795 0 6 40.0 150 
 463 1362622906      20801 0 6 40.0 150 
 463 1362622906      30815 0 6 40.0 150 
 463 1362622906      40814 0 6 40.0 150 
 462 1362622906      50812 0 6 40.0 150 
 462 1362622906      60813 0 6 40.0 150 
 463 1362622906      70831 0 6 40.0 150 
 463 1362622906      80834 0 6 40.0 150 
 463 1362622906      90834 0 6 40.0 150 
 463 1362622906     100843 0 6 40.0 150 
 463 1362622906     110871 0 6 40.0 150 
 462 1362622906     120871 0 6 40.0 150 
 463 1362622906     130864 0 6 40.0 150 
 463 1362622906     140870 0 6 40.0 150 
 463 1362622906     150884 0 6 40.0 150 
 463 1362622906     160910 0 6 40.0 150 
 463 1362622906     170908 0 6 40.0 150 
 464 1362622906     180902 0 6 40.0 150 
 463 1362622906     190912 0 6 40.0 150 
 462 1362622906     200916 0 6 40.0 150 
 463 1362622906     210930 0 6 40.0 150 
 463 1362622906     220945 0 6 40.0 150 
 463 1362622906     230929 0 6 40.0 150 
 464 1362622906     240954 0 6 40.0 150 
 463 1362622906     250953 0 6 40.0 150 
 462 1362622906     260945 0 6 40.0 150 
 463 1362622906     270957 0 6 40.0 150 
 463 1362622906     280961 0 6 40.0 150 
 463 1362622906     290969 0 6 40.0 150 
 463 1362622906     300976 0 6 40.0 150 
 463 1362622906     310977 0 6 40.0 150 
 463 1362622906     320985 0 6 40.0 150 
 462 1362622906     331050 0 6 40.0 150 
 463 1362622906     341061 0 6 40.0 150 
 464 1362622906     351066 0 6 40.0 150 
 463 1362622906     361069 0 6 40.0 150 
 463 1362622906     371066 0 6 40.0 150 
 463 1362622906     381071 0 6 40.0 150 
 463 1362622906     391069 0 6 40.0 150 
 462 1362622906     401057 0 6 40.0 150 
 463 1362622906     411082 0 6 40.0 150 
 462 1362622906     421084 0 6 40.0 150 
 463 1362622906     431063 0 6 40.0 150 
 463 1362622906     441076 0 6 40.0 150 
 463 1362622906     451084 0 6 40.0 150 
 463 1362622906     461095 0 6 40.0 150 
 463 1362622906     471095 0 6 40.0 150 
 463 1362622906     481132 0 6 40.0 150 
 463 1362622906     491137 0 6 40.0 150 
 463 1362622906     501132 0 6 40.0 150 
 463 1362622906     511155 0 6 40.0 150 
 464 1362622906     521187 0 6 40.0 150 
 462 1362622906     531127 0 6 40.0 150 
 464 1362622906     541196 0 6 40.0 150 
 463 1362622906     551164 0 6 40.0 150 
 463 1362622906     561172 0 6 40.0 150 
 463 1362622906     571171 0 6 40.0 150 
 463 1362622906     581208 0 6 40.0 150 
 463 1362622906     591209 0 6 40.0 150 
 462 1362622906     601172 0 6 40.0 150 
 463 1362622906     611214 0 6 40.0 150 
 463 1362622906     621186 0 6 40.0 150 
 462 1362622906     631212 0 6 40.0 150 
 463 1362622906     641257 0 6 40.0 150 
 462 1362622906     651234 0 6 40.0 150 
 463 1362622906     661238 0 6 40.0 150 
 462 1362622906     671257 0 6 40.0 150 
 463 1362622906     681240 0 6 40.0 150 
 463 1362622906     691226 0 6 40.0 150 
 462 1362622906     701262 0 6 40.0 150 
 463 1362622906     711291 0 6 40.0 150 
 463 1362622906     721286 0 6 40.0 150 
 463 1362622906     731264 0 6 40.0 150 
 463 1362622906     741277 0 6 40.0 150 
 463 1362622906     751256 0 6 40.0 150 
 463 1362622906     761283 0 6 40.0 150 
 463 1362622906     771278 0 6 40.0 150 
 463 1362622906     781314 0 6 40.0 150 
 463 1362622906     791327 0 6 40.0 150 
 463 1362622906     801344 0 6 40.0 150 
 463 1362622906     811339 0 6 40.0 150 
 463 1362622906     821307 0 6 40.0 150 
 463 1362622906     831319 0 6 40.0 150 
 463 1362622906     841369 0 6 40.0 150 
 463 1362622906     851332 0 6 40.0 150 
 463 1362622906     861331 0 6 40.0 150 
 463 1362622906     871339 0 6 40.0 150 
 463 1362622906     881340 0 6 40.0 150 
 463 1362622906     891369 0 6 40.0 150 
 463 1362622906     901404 0 6 40.0 150 
 463 1362622906     911410 0 6 40.0 150 
 463 1362622906     921426 0 6 40.0 150 
 463 1362622906     931420 0 6 40.0 150 
 463 1362622906     941413 0 6 40.0 150 
 464 1362622906     951415 0 6 40.0 150 
 463 1362622906     961449 0 6 40.0 150 
 463 1362622906     971460 0 6 40.0 150 
 462 1362622906     981422 0 6 40.0 150 
 464 1362622906     991472 0 6 40.0 150 
 463 1362622907       1487 0 6 40.0 150 
 462 1362622907      11438 0 6 40.0 150 
 463 1362622907      21453 0 6 40.0 150 
 463 1362622907      31487 0 6 40.0 150 
 463 1362622907      41457 0 6 40.0 150 
 462 1362622907      51451 0 6 40.0 150 
 463 1362622907      61458 0 6 40.0 150 
 463 1362622907      71508 0 6 40.0 150 
 463 1362622907      81476 0 6 40.0 150 
 463 1362622907      91514 0 6 40.0 150 
 464 1362622907     101501 0 6 40.0 150 
 462 1362622907     111540 0 6 40.0 150 
 463 1362622907     121503 0 6 40.0 150 
 462 1362622907     131504 0 6 40.0 150 
 463 1362622907     141534 0 6 40.0 150 
 463 1362622907     151577 0 6 40.0 150 
 463 1362622907     161564 0 6 40.0 150 
 463 1362622907     171593 0 6 40.0 150 
 462 1362622907     181587 0 6 40.0 150 
 463 1362622907     191555 0 6 40.0 150 
 463 1362622907     201596 0 6 40.0 150 
 463 1362622907     211586 0 6 40.0 150 
 463 1362622907     221595 0 6 40.0 150 
 464 1362622907     231625 0 6 40.0 150 
 463 1362622907     241581 0 6 40.0 150 
 462 1362622907     251590 0 6 40.0 150 
 463 1362622907     261622 0 6 40.0 150 
 462 1362622907     271660 0 6 40.0 150 
 462 1362622907     281655 0 6 40.0 150 
 463 1362622907     291672 0 6 40.0 150 
 463 1362622907     301647 0 6 40.0 150 
 463 1362622907     311651 0 6 40.0 150 
 462 1362622907     321638 0 6 40.0 150 
 464 1362622907     331684 0 6 40.0 150 
 463 1362622907     341673 0 6 40.0 150 
 463 1362622907     351664 0 6 40.0 150 
 464 1362622907     361676 0 6 40.0 150 
 463 1362622907     371679 0 6 40.0 150 
 463 1362622907     381720 0 6 40.0 150 
 463 1362622907     391738 0 6 40.0 150 
 463 1362622907     401690 0 6 40.0 150 
 463 1362622907     411721 0 6 40.0 150 
 463 1362622907     421753 0 6 40.0 150 
 463 1362622907     431760 0 6 40.0 150 
 463 1362622907     441736 0 6 40.0 150 
 463 1362622907     451724 0 6 40.0 150 
 463 1362622907     461779 0 6 40.0 150 
 463 1362622907     471781 0 6 40.0 150 
 463 1362622907     481777 0 6 40.0 150 
 462 1362622907     491753 0 6 40.0 150 
 464 1362622907     501803 0 6 40.0 150 
 463 1362622907     511804 0 6 40.0 150 
 462 1362622907     521809 0 6 40.0 150 
 464 1362622907     531799 0 6 40.0 150 
 462 1362622907     541779 0 6 40.0 150 
 463 1362622907     551782 0 6 40.0 150 
 462 1362622907     561795 0 6 40.0 150 
 463 1362622907     571798 0 6 40.0 150 
 463 1362622907     581852 0 6 40.0 150 
 463 1362622907     591819 0 6 40.0 150 
 463 1362622907     601836 0 6 40.0 150 
 463 1362622907     611876 0 6 40.0 150 
 462 1362622907     621863 0 6 40.0 150 
 463 1362622907     631866 0 6 40.0 150 
 463 1362622907     641875 0 6 40.0 150 
 463 1362622907     651852 0 6 40.0 150 
 463 1362622907     661858 0 6 40.0 150 
 463 1362622907     671872 0 6 40.0 150 
 463 1362622907     681919 0 6 40.0 150 
 463 1362622907     691913 0 6 40.0 150 
 463 1362622907     701932 0 6 40.0 150 
 463 1362622907     711932 0 6 40.0 150 
 462 1362622907     721904 0 6 40.0 150 
 464 1362622907     731955 0 6 40.0 150 
 463 1362622907     741946 0 6 40.0 150 
 463 1362622907     751948 0 6 40.0 150 
 463 1362622907     761951 0 6 40.0 150 
 463 1362622907     771960 0 6 40.0 150 
 463 1362622907     781979 0 6 40.0 150 
 463 1362622907     791963 0 6 40.0 150 
 463 1362622907     801951 0 6 40.0 150 
 463 1362622907     811956 0 6 40.0 150 
 462 1362622907     822006 0 6 40.0 150 
 463 1362622907     831978 0 6 40.0 150 
 462 1362622907     842022 0 6 40.0 150 
 463 1362622907     852023 0 6 40.0 150 
 463 1362622907     861994 0 6 40.0 150 
 463 1362622907     872052 0 6 40.0 150 
 464 1362622907     882040 0 6 40.0 150 
 463 1362622907     892045 0 6 40.0 150 
 463 1362622907     902053 0 6 40.0 150 
 463 1362622907     912074 0 6 40.0 150 
 463 1362622907     922067 0 6 40.0 150 
 462 1362622907     932073 0 6 40.0 150 
 463 1362622907     942097 0 6 40.0 150 
 463 1362622907     952081 0 6 40.0 150 
 463 1362622907     962103 0 6 40.0 150 
 463 1362622907     972087 0 6 40.0 150 
 463 1362622907     982092 0 6 40.0 150 
 462 1362622907     992129 0 6 40.0 150 
 463 1362622908       2122 0 6 40.0 150 
 463 1362622908      12102 0 6 40.0 150 
 463 1362622908      22095 0 6 40.0 150 
 463 1362622908      32143 0 6 40.0 150 
 462 1362622908      42152 0 6 40.0 150 
 463 1362622908      52136 0 6 40.0 150 
 463 1362622908      62149 0 6 40.0 150 
 464 1362622908      72155 0 6 40.0 150 
 463 1362622908      82191 0 6 40.0 150 
 463 1362622908      92140 0 6 40.0 150 
 462 1362622908     102183 0 6 40.0 150 
 463 1362622908     112175 0 6 40.0 150 
 463 1362622908     122173 0 6 40.0 150 
 463 1362622908     132199 0 6 40.0 150 
 462 1362622908     142232 0 6 40.0 150 
 463 1362622908     152186 0 6 40.0 150 
 462 1362622908     162216 0 6 40.0 150 
 463 1362622908     172200 0 6 40.0 150 
 463 1362622908     182233 0 6 40.0 150 
 462 1362622908     192228 0 6 40.0 150 
 464 1362622908     202210 0 6 40.0 150 
 462 1362622908     212273 0 6 40.0 150 
 463 1362622908     222243 0 6 40.0 150 
 463 1362622908     232273 0 6 40.0 150 
 464 1362622908     242285 0 6 40.0 150 
 463 1362622908     252305 0 6 40.0 150 
 463 1362622908     262298 0 6 40.0 150 
 463 1362622908     272259 0 6 40.0 150 
 463 1362622908     282286 0 6 40.0 150 
 463 1362622908     292324 0 6 40.0 150 
 462 1362622908     302322 0 6 40.0 150 
 464 1362622908     312331 0 6 40.0 150 
 463 1362622908     322333 0 6 40.0 150 
 463 1362622908     332358 0 6 40.0 150 
 463 1362622908     342323 0 6 40.0 150 
 464 1362622908     352333 0 6 40.0 150 
 463 1362622908     362368 0 6 40.0 150 
 462 1362622908     372333 0 6 40.0 150 
 463 1362622908     382335 0 6 40.0 150 
 463 1362622908     392352 0 6 40.0 150 
 464 1362622908     402402 0 6 40.0 150 
 463 1362622908     412391 0 6 40.0 150 
 462 1362622908     422390 0 6 40.0 150 
 463 1362622908     432363 0 6 40.0 150 
 463 1362622908     442378 0 6 40.0 150 
 463 1362622908     452429 0 6 40.0 150 
 463 1362622908     462406 0 6 40.0 150 
 464 1362622908     472414 0 6 40.0 150 
 463 1362622908     482426 0 6 40.0 150 
 463 1362622908     492462 0 6 40.0 150 
 464 1362622908     502468 0 6 40.0 150 
 462 1362622908     512421 0 6 40.0 150 
 463 1362622908     522471 0 6 40.0 150 
 463 1362622908     532482 0 6 40.0 150 
 463 1362622908     542457 0 6 40.0 150 
 462 1362622908     552489 0 6 40.0 150 
 463 1362622908     562500 0 6 40.0 150 
 463 1362622908     572512 0 6 40.0 150 
 463 1362622908     582505 0 6 40.0 150 
 463 1362622908     592480 0 6 40.0 150 
 463 1362622908     602524 0 6 40.0 150 
 463 1362622908     612501 0 6 40.0 150 
 462 1362622908     622500 0 6 40.0 150 
 463 1362622908     632549 0 6 40.0 150 
 463 1362622908     642556 0 6 40.0 150 
 463 1362622908     652509 0 6 40.0 150 
 462 1362622908     662523 0 6 40.0 150 
 462 1362622908     672575 0 6 40.0 150 
 464 1362622908     682540 0 6 40.0 150 
 463 1362622908     692565 0 6 40.0 150 
 463 1362622908     702585 0 6 40.0 150 
 463 1362622908     712584 0 6 40.0 150 
 463 1362622908     722562 0 6 40.0 150 
 462 1362622908     732603 0 6 40.0 150 
 464 1362622908     742579 0 6 40.0 150 
 462 1362622908     752627 0 6 40.0 150 
 464 1362622908     762598 0 6 40.0 150 
 462 1362622908     772648 0 6 40.0 150 
 462 1362622908     782621 0 6 40.0 150 
 464 1362622908     792619 0 6 40.0 150 
 463 1362622908     802617 0 6 40.0 150 
 463 1362622908     812665 0 6 40.0 150 
 464 1362622908     822623 0 6 40.0 150 
 464 1362622908     832630 0 6 40.0 150 
 462 1362622908     842681 0 6 40.0 150 
 464 1362622908     852657 0 6 40.0 150 
 463 1362622908     862650 0 6 40.0 150 
 463 1362622908     872697 0 6 40.0 150 
 463 1362622908     882707 0 6 40.0 150 
 464 1362622908     892726 0 6 40.0 150 
 462 1362622908     902698 0 6 40.0 150 
 463 1362622908     912688 0 6 40.0 150 
 463 1362622908     922702 0 6 40.0 150 
 463 1362622908     932715 0 6 40.0 150 
 463 1362622908     942762 0 6 40.0 150 
 463 1362622908     952758 0 6 40.0 150 
 464 1362622908     962769 0 6 40.0 150 
 463 1362622908     972726 0 6 40.0 150 
 463 1362622908     982766 0 6 40.0 150 
 463 1362622908     992737 0 6 40.0 150 
 463 1362622909       2808 0 6 40.0 150 
 462 1362622909      12758 0 6 40.0 150 
 464 1362622909      22808 0 6 40.0 150 
 463 1362622909      32765 0 6 40.0 150 
 463 1362622909      42800 0 6 40.0 150 
 463 1362622909      52823 0 6 40.0 150 
 463 1362622909      62815 0 6 40.0 150 
 463 1362622909      72820 0 6 40.0 150 
 463 1362622909      82843 0 6 40.0 150 
 463 1362622909      92823 0 6 40.0 150 
 463 1362622909     102844 0 6 40.0 150 
 463 1362622909     112822 0 6 40.0 150 
 463 1362622909     122846 0 6 40.0 150 
 463 1362622909     132853 0 6 40.0 150 
 462 1362622909     142861 0 6 40.0 150 
 463 1362622909     152888 0 6 40.0 150 
 462 1362622909     162857 0 6 40.0 150 
 463 1362622909     172879 0 6 40.0 150 
 463 1362622909     182915 0 6 40.0 150 
 463 1362622909     192895 0 6 40.0 150 
 463 1362622909     202927 0 6 40.0 150 
 462 1362622909     212937 0 6 40.0 150 
 463 1362622909     222908 0 6 40.0 150 
 464 1362622909     232905 0 6 40.0 150 
 462 1362622909     242962 0 6 40.0 150 
 463 1362622909     252945 0 6 40.0 150 
 463 1362622909     262927 0 6 40.0 150 
 463 1362622909     272925 0 6 40.0 150 
 463 1362622909     282956 0 6 40.0 150 
 464 1362622909     292955 0 6 40.0 150 
 463 1362622909     302985 0 6 40.0 150 
 463 1362622909     312985 0 6 40.0 150 
 463 1362622909     322982 0 6 40.0 150 
 462 1362622909     333009 0 6 40.0 150 
 463 1362622909     343001 0 6 40.0 150 
 463 1362622909     352974 0 6 40.0 150 
 464 1362622909     362982 0 6 40.0 150 
 464 1362622909     373034 0 6 40.0 150 
 463 1362622909     383031 0 6 40.0 150 
 463 1362622909     393052 0 6 40.0 150 
 463 1362622909     403068 0 6 40.0 150 
 463 1362622909     413029 0 6 40.0 150 
 463 1362622909     423041 0 6 40.0 150 
 463 1362622909     433034 0 6 40.0 150 
 463 1362622909     443061 0 6 40.0 150 
 463 1362622909     453058 0 6 40.0 150 
 462 1362622909     463101 0 6 40.0 150 
 463 1362622909     473099 0 6 40.0 150 
 463 1362622909     483110 0 6 40.0 150 
 462 1362622909     493095 0 6 40.0 150 
 463 1362622909     503082 0 6 40.0 150 
 463 1362622909     513084 0 6 40.0 150 
 463 1362622909     523106 0 6 40.0 150 
 462 1362622909     533113 0 6 40.0 150 
 463 1362622909     543153 0 6 40.0 150 
 462 1362622909     553145 0 6 40.0 150 
 463 1362622909     563135 0 6 40.0 150 
 463 1362622909     573175 0 6 40.0 150 
 464 1362622909     583142 0 6 40.0 150 
 462 1362622909     593189 0 6 40.0 150 
 463 1362622909     603160 0 6 40.0 150 
 463 1362622909     613174 0 6 40.0 150 
 463 1362622909     623201 0 6 40.0 150 
 463 1362622909     633161 0 6 40.0 150 
 463 1362622909     643225 0 6 40.0 150 
 463 1362622909     653207 0 6 40.0 150 
 463 1362622909     663192 0 6 40.0 150 
 463 1362622909     673221 0 6 40.0 150 
 463 1362622909     683191 0 6 40.0 150 
 463 1362622909     693227 0 6 40.0 150 
 462 1362622909     703206 0 6 40.0 150 
 463 1362622909     713243 0 6 40.0 150 
 462 1362622909     723274 0 6 40.0 150 
 463 1362622909     733270 0 6 40.0 150 
 463 1362622909     743270 0 6 40.0 150 
 463 1362622909     753291 0 6 40.0 150 
 463 1362622909     763273 0 6 40.0 150 
 464 1362622909     773261 0 6 40.0 150 
 463 1362622909     783295 0 6 40.0 150 
 463 1362622909     793287 0 6 40.0 150 
 463 1362622909     803297 0 6 40.0 150 
 463 1362622909     813323 0 6 40.0 150 
 462 1362622909     823337 0 6 40.0 150 
 463 1362622909     833327 0 6 40.0 150 
 464 1362622909     843307 0 6 40.0 150 
 462 1362622909     853330 0 6 40.0 150 
 463 1362622909     863360 0 6 40.0 150 
 462 1362622909     873325 0 6 40.0 150 
 463 1362622909     883323 0 6 40.0 150 
 463 1362622909     893385 0 6 40.0 150 
 463 1362622909     903340 0 6 40.0 150 
 463 1362622909     913358 0 6 40.0 150 
 462 1362622909     923374 0 6 40.0 150 
 463 1362622909     933409 0 6 40.0 150 
 463 1362622909     943410 0 6 40.0 150 
 463 1362622909     953423 0 6 40.0 150 
 463 1362622909     963375 0 6 40.0 150 
 464 1362622909     973384 0 6 40.0 150 
 463 1362622909     983426 0 6 40.0 150 
 463 1362622909     993429 0 6 40.0 150 
 463 1362622910       3402 0 6 40.0 150 
 463 1362622910      13425 0 6 40.0 150 
 462 1362622910      23459 0 6 40.0 150 
 463 1362622910      33446 0 6 40.0 150 
 463 1362622910      43434 0 6 40.0 150 
 463 1362622910      53449 0 6 40.0 150 
 462 1362622910      63450 0 6 40.0 150 
 463 1362622910      73502 0 6 40.0 150 
 463 1362622910      83489 0 6 40.0 150 
 463 1362622910      93519 0 6 40.0 150 
 463 1362622910     103466 0 6 40.0 150 
 463 1362622910     113497 0 6 40.0 150 
 463 1362622910     123519 0 6 40.0 150 
 463 1362622910     133494 0 6 40.0 150 
 463 1362622910     143532 0 6 40.0 150 
 463 1362622910     153529 0 6 40.0 150 
 463 1362622910     163540 0 6 40.0 150 
 464 1362622910     173523 0 6 40.0 150 
 463 1362622910     183562 0 6 40.0 150 
 463 1362622910     193575 0 6 40.0 150 
 463 1362622910     203596 0 6 40.0 150 
 463 1362622910     213594 0 6 40.0 150 
 463 1362622910     223547 0 6 40.0 150 
 463 1362622910     233597 0 6 40.0 150 
 463 1362622910     243606 0 6 40.0 150 
 463 1362622910     253573 0 6 40.0 150 
 462 1362622910     263600 0 6 40.0 150 
 463 1362622910     273582 0 6 40.0 150 
 463 1362622910     283652 0 6 40.0 150 
 463 1362622910     293629 0 6 40.0 150 
 463 1362622910     303651 0 6 40.0 150 
 462 1362622910     313619 0 6 40.0 150 
 464 1362622910     323630 0 6 40.0 150 
 463 1362622910     333665 0 6 40.0 150 
 463 1362622910     343657 0 6 40.0 150 
 463 1362622910     353691 0 6 40.0 150 
 464 1362622910     363663 0 6 40.0 150 
 463 1362622910     373702 0 6 40.0 150 
 463 1362622910     383666 0 6 40.0 150 
 463 1362622910     393665 0 6 40.0 150 
 463 1362622910     403722 0 6 40.0 150 
 463 1362622910     413722 0 6 40.0 150 
 464 1362622910     423709 0 6 40.0 150 
 463 1362622910     433738 0 6 40.0 150 
 463 1362622910     443718 0 6 40.0 150 
 463 1362622910     453720 0 6 40.0 150 
 462 1362622910     463756 0 6 40.0 150 
 463 1362622910     473747 0 6 40.0 150 
 463 1362622910     483734 0 6 40.0 150 
 462 1362622910     493756 0 6 40.0 150 
 463 1362622910     503768 0 6 40.0 150 
 463 1362622910     513768 0 6 40.0 150 
 463 1362622910     523762 0 6 40.0 150 
 463 1362622910     533780 0 6 40.0 150 
 462 1362622910     543788 0 6 40.0 150 
 463 1362622910     553786 0 6 40.0 150 
 462 1362622910     563798 0 6 40.0 150 
 463 1362622910     573834 0 6 40.0 150 
 463 1362622910     583831 0 6 40.0 150 
 464 1362622910     593796 0 6 40.0 150 
 463 1362622910     603801 0 6 40.0 150 
 463 1362622910     613838 0 6 40.0 150 
 463 1362622910     623841 0 6 40.0 150 
 463 1362622910     633880 0 6 40.0 150 
 463 1362622910     643825 0 6 40.0 150 
 463 1362622910     653869 0 6 40.0 150 
 464 1362622910     663846 0 6 40.0 150 
 462 1362622910     673890 0 6 40.0 150 
 463 1362622910     683872 0 6 40.0 150 
 462 1362622910     693919 0 6 40.0 150 
 463 1362622910     703901 0 6 40.0 150 
 463 1362622910     713928 0 6 40.0 150 
 463 1362622910     723911 0 6 40.0 150 
 463 1362622910     733907 0 6 40.0 150 
 463 1362622910     743936 0 6 40.0 150 
 464 1362622910     753908 0 6 40.0 150 
 463 1362622910     763965 0 6 40.0 150 
 464 1362622910     773972 0 6 40.0 150 
 463 1362622910     783930 0 6 40.0 150 
 463 1362622910     793968 0 6 40.0 150 
 463 1362622910     803939 0 6 40.0 150 
 463 1362622910     813937 0 6 40.0 150 
 463 1362622910     823982 0 6 40.0 150 
 462 1362622910     833984 0 6 40.0 150 
 463 1362622910     843982 0 6 40.0 150 
 463 1362622910     853991 0 6 40.0 150 
 463 1362622910     864014 0 6 40.0 150 
 463 1362622910     874029 0 6 40.0 150 
 463 1362622910     884033 0 6 40.0 150 
 464 1362622910     894006 0 6 40.0 150 
 464 1362622910     904037 0 6 40.0 150 
 462 1362622910     914035 0 6 40.0 150 
 463 1362622910     924034 0 6 40.0 150 
 462 1362622910     934077 0 6 40.0 150 
 464 1362622910     944030 0 6 40.0 150 
 462 1362622910     954033 0 6 40.0 150 
 463 1362622910     964037 0 6 40.0 150 
 463 1362622910     974102 0 6 40.0 150 
 464 1362622910     984050 0 6 40.0 150 
 462 1362622910     994073 0 6 40.0 150 
 463 1362622911       4110 0 6 40.0 150 
 463 1362622911      14123 0 6 40.0 150 
 463 1362622911      24091 0 6 40.0 150 
 463 1362622911      34098 0 6 40.0 150 
 463 1362622911      44093 0 6 40.0 150 
 464 1362622911      54142 0 6 40.0 150 
 462 1362622911      64120 0 6 40.0 150 
 463 1362622911      74110 0 6 40.0 150 
 462 1362622911      84174 0 6 40.0 150 
 463 1362622911      94159 0 6 40.0 150 
 463 1362622911     104189 0 6 40.0 150 
 464 1362622911     114187 0 6 40.0 150 
 463 1362622911     124173 0 6 40.0 150 
 463 1362622911     134151 0 6 40.0 150 
 463 1362622911     144185 0 6 40.0 150 
 464 1362622911     154216 0 6 40.0 150 
 463 1362622911     164199 0 6 40.0 150 
 462 1362622911     174187 0 6 40.0 150 
 464 1362622911     184237 0 6 40.0 150 
 463 1362622911     194219 0 6 40.0 150 
 463 1362622911     204245 0 6 40.0 150 
 463 1362622911     214244 0 6 40.0 150 
 463 1362622911     224242 0 6 40.0 150 
 463 1362622911     234238 0 6 40.0 150 
 462 1362622911     244233 0 6 40.0 150 
 462 1362622911     254269 0 6 40.0 150 
 464 1362622911     264237 0 6 40.0 150 
 462 1362622911     274280 0 6 40.0 150 
 463 1362622911     284275 0 6 40.0 150 
 463 1362622911     294289 0 6 40.0 150 
 464 1362622911     304320 0 6 40.0 150 
 463 1362622911     314282 0 6 40.0 150 
 462 1362622911     324300 0 6 40.0 150 
 463 1362622911     334331 0 6 40.0 150 
 463 1362622911     344326 0 6 40.0 150 
 463 1362622911     354303 0 6 40.0 150 
 463 1362622911     364349 0 6 40.0 150 
 463 1362622911     374317 0 6 40.0 150 
 462 1362622911     384356 0 6 40.0 150 
 463 1362622911     394347 0 6 40.0 150 
 463 1362622911     404361 0 6 40.0 150 
 463 1362622911     414379 0 6 40.0 150 
 462 1362622911     424402 0 6 40.0 150 
 464 1362622911     434377 0 6 40.0 150 
 463 1362622911     444376 0 6 40.0 150 
 463 1362622911     454372 0 6 40.0 150 
 463 1362622911     464370 0 6 40.0 150 
 463 1362622911     474399 0 6 40.0 150 
 463 1362622911     484432 0 6 40.0 150 
 463 1362622911     494442 0 6 40.0 150 
 464 1362622911     504403 0 6 40.0 150 
 463 1362622911     514425 0 6 40.0 150 
 463 1362622911     524437 0 6 40.0 150 
 462 1362622911     534477 0 6 40.0 150 
 463 1362622911     544457 0 6 40.0 150 
 462 1362622911     554446 0 6 40.0 150 
 463 1362622911     564468 0 6 40.0 150 
 463 1362622911     574493 0 6 40.0 150 
 463 1362622911     584469 0 6 40.0 150 
 463 1362622911     594516 0 6 40.0 150 
 463 1362622911     604510 0 6 40.0 150 
 463 1362622911     614492 0 6 40.0 150 
 462 1362622911     624485 0 6 40.0 150 
 463 1362622911     634482 0 6 40.0 150 
 463 1362622911     644542 0 6 40.0 150 
 463 1362622911     654533 0 6 40.0 150 
 462 1362622911     664503 0 6 40.0 150 
 463 1362622911     674568 0 6 40.0 150 
 463 1362622911     684559 0 6 40.0 150 
 463 1362622911     694574 0 6 40.0 150 
 462 1362622911     704535 0 6 40.0 150 
 463 1362622911     714541 0 6 40.0 150 
 463 1362622911     724546 0 6 40.0 150 
 463 1362622911     734553 0 6 40.0 150 
 463 1362622911     744553 0 6 40.0 150 
 463 1362622911     754558 0 6 40.0 150 
 463 1362622911     764614 0 6 40.0 150 
 463 1362622911     774623 0 6 40.0 150 
 463 1362622911     784612 0 6 40.0 150 
 463 1362622911     794597 0 6 40.0 150 
 463 1362622911     804653 0 6 40.0 150 
 463 1362622911     814612 0 6 40.0 150 
 464 1362622911     824616 0 6 40.0 150 
 463 1362622911     834659 0 6 40.0 150 
 463 1362622911     844629 0 6 40.0 150 
 463 1362622911     854684 0 6 40.0 150 
 464 1362622911     864637 0 6 40.0 150 
 463 1362622911     874677 0 6 40.0 150 
 463 1362622911     884688 0 6 40.0 150 
 463 1362622911     894701 0 6 40.0 150 
 463 1362622911     904717 0 6 40.0 150 
 463 1362622911     914707 0 6 40.0 150 
 463 1362622911     924681 0 6 40.0 150 
 464 1362622911     934685 0 6 40.0 150 
 463 1362622911     944721 0 6 40.0 150 
 462 1362622911     954725 0 6 40.0 150 
 463 1362622911     964706 0 6 40.0 150 
 464 1362622911     974744 0 6 40.0 150 
 463 1362622911     984754 0 6 40.0 150 
 463 1362622911     994765 0 6 40.0 150 
 463 1362622912       4785 0 6 40.0 150 
 463 1362622912      14776 0 6 40.0 150 
 462 1362622912      24795 0 6 40.0 150 
 463 1362622912      34752 0 6 40.0 150 
 463 1362622912      44760 0 6 40.0 150 
 463 1362622912      54796 0 6 40.0 150 
 463 1362622912      64787 0 6 40.0 150 
 464 1362622912      74798 0 6 40.0 150 
 463 1362622912      84780 0 6 40.0 150 
 462 1362622912      94840 0 6 40.0 150 
 463 1362622912     104804 0 6 40.0 150 
 463 1362622912     114832 0 6 40.0 150 
 463 1362622912     124860 0 6 40.0 150 
 463 1362622912     134859 0 6 40.0 150 
 463 1362622912     144814 0 6 40.0 150 
 463 1362622912     154877 0 6 40.0 150 
 463 1362622912     164858 0 6 40.0 150 
 462 1362622912     174845 0 6 40.0 150 
 463 1362622912     184894 0 6 40.0 150 
 463 1362622912     194897 0 6 40.0 150 
 463 1362622912     204875 0 6 40.0 150 
 462 1362622912     214877 0 6 40.0 150 
 464 1362622912     224875 0 6 40.0 150 
 463 1362622912     234881 0 6 40.0 150 
 463 1362622912     244926 0 6 40.0 150 
 463 1362622912     254910 0 6 40.0 150 
 463 1362622912     264933 0 6 40.0 150 
 463 1362622912     274953 0 6 40.0 150 
 463 1362622912     284930 0 6 40.0 150 
 463 1362622912     294951 0 6 40.0 150 
 463 1362622912     304956 0 6 40.0 150 
 463 1362622912     314939 0 6 40.0 150 
 463 1362622912     324947 0 6 40.0 150 
 463 1362622912     334965 0 6 40.0 150 
 463 1362622912     345003 0 6 40.0 150 
 463 1362622912     354955 0 6 40.0 150 
 462 1362622912     364983 0 6 40.0 150 
 463 1362622912     375029 0 6 40.0 150 
 463 1362622912     385025 0 6 40.0 150 
 462 1362622912     395019 0 6 40.0 150 
 463 1362622912     405036 0 6 40.0 150 
 463 1362622912     414998 0 6 40.0 150 
 463 1362622912     425048 0 6 40.0 150 
 463 1362622912     435039 0 6 40.0 150 
 463 1362622912     445041 0 6 40.0 150 
 463 1362622912     455075 0 6 40.0 150 
 463 1362622912     465078 0 6 40.0 150 
 463 1362622912     475071 0 6 40.0 150 
 464 1362622912     485095 0 6 40.0 150 
 463 1362622912     495080 0 6 40.0 150 
 463 1362622912     505097 0 6 40.0 150 
 463 1362622912     515063 0 6 40.0 150 
 464 1362622912     525084 0 6 40.0 150 
 462 1362622912     535094 0 6 40.0 150 
 464 1362622912     545130 0 6 40.0 150 
 462 1362622912     555115 0 6 40.0 150 
 462 1362622912     565094 0 6 40.0 150 
 463 1362622912     575098 0 6 40.0 150 
 463 1362622912     585155 0 6 40.0 150 
 463 1362622912     595177 0 6 40.0 150 
 463 1362622912     605169 0 6 40.0 150 
 463 1362622912     615142 0 6 40.0 150 
 463 1362622912     625170 0 6 40.0 150 
 464 1362622912     635141 0 6 40.0 150 
 462 1362622912     645161 0 6 40.0 150 
 463 1362622912     655151 0 6 40.0 150 
 463 1362622912     665160 0 6 40.0 150 
 463 1362622912     675221 0 6 40.0 150 
 463 1362622912     685220 0 6 40.0 150 
 463 1362622912     695187 0 6 40.0 150 
 463 1362622912     705204 0 6 40.0 150 
 463 1362622912     715214 0 6 40.0 150 
 463 1362622912     725236 0 6 40.0 150 
 463 1362622912     735229 0 6 40.0 150 
 463 1362622912     745268 0 6 40.0 150 
 463 1362622912     755258 0 6 40.0 150 
 462 1362622912     765274 0 6 40.0 150 
 464 1362622912     775259 0 6 40.0 150 
 463 1362622912     785298 0 6 40.0 150 
 463 1362622912     795291 0 6 40.0 150 
 463 1362622912     805264 0 6 40.0 150 
 463 1362622912     815278 0 6 40.0 150 
 463 1362622912     825316 0 6 40.0 150 
 463 1362622912     835290 0 6 40.0 150 
 463 1362622912     845294 0 6 40.0 150 
 463 1362622912     855319 0 6 40.0 150 
 463 1362622912     865352 0 6 40.0 150 
 463 1362622912     875354 0 6 40.0 150 
 463 1362622912     885365 0 6 40.0 150 
 463 1362622912     895371 0 6 40.0 150 
 463 1362622912     905362 0 6 40.0 150 
 462 1362622912     915325 0 6 40.0 150 
 463 1362622912     925387 0 6 40.0 150 
 463 1362622912     935384 0 6 40.0 150 
 463 1362622912     945401 0 6 40.0 150 
 463 1362622912     955398 0 6 40.0 150 
 463 1362622912     965412 0 6 40.0 150 
 463 1362622912     975405 0 6 40.0 150 
 463 1362622912     985416 0 6 40.0 150 
 463 1362622912     995401 0 6 40.0 150 
 463 1362622913       5389 0 6 40.0 150 
 463 1362622913      15409 0 6 40.0 150 
 463 1362622913      25408 0 6 40.0 150 
 463 1362622913      35450 0 6 40.0 150 
 463 1362622913      45448 0 6 40.0 150 
 463 1362622913      55427 0 6 40.0 150 
 463 1362622913      65440 0 6 40.0 150 
 464 1362622913      75440 0 6 40.0 150 
 464 1362622913      85452 0 6 40.0 150 
 463 1362622913      95447 0 6 40.0 150 
 463 1362622913     105507 0 6 40.0 150 
 463 1362622913     115457 0 6 40.0 150 
 463 1362622913     125512 0 6 40.0 150 
 463 1362622913     135525 0 6 40.0 150 
 463 1362622913     145491 0 6 40.0 150 
 463 1362622913     155524 0 6 40.0 150 
 463 1362622913     165525 0 6 40.0 150 
 462 1362622913     175558 0 6 40.0 150 
 463 1362622913     185509 0 6 40.0 150 
 462 1362622913     195556 0 6 40.0 150 
 463 1362622913     205535 0 6 40.0 150 
 463 1362622913     215528 0 6 40.0 150 
 462 1362622913     225543 0 6 40.0 150 
 463 1362622913     235564 0 6 40.0 150 
 463 1362622913     245586 0 6 40.0 150 
 463 1362622913     255557 0 6 40.0 150 
 463 1362622913     265589 0 6 40.0 150 
 463 1362622913     275581 0 6 40.0 150 
 462 1362622913     285570 0 6 40.0 150 
 463 1362622913     295632 0 6 40.0 150 
 463 1362622913     305598 0 6 40.0 150 
 463 1362622913     315632 0 6 40.0 150 
 462 1362622913     325616 0 6 40.0 150 
 464 1362622913     335660 0 6 40.0 150 
 462 1362622913     345628 0 6 40.0 150 
 463 1362622913     355664 0 6 40.0 150 
 463 1362622913     365623 0 6 40.0 150 
 463 1362622913     375670 0 6 40.0 150 
 463 1362622913     385641 0 6 40.0 150 
 463 1362622913     395699 0 6 40.0 150 
 463 1362622913     405684 0 6 40.0 150 
 463 1362622913     415657 0 6 40.0 150 
 464 1362622913     425681 0 6 40.0 150 
 464 1362622913     435679 0 6 40.0 150 
 463 1362622913     445691 0 6 40.0 150 
 462 1362622913     455681 0 6 40.0 150 
 463 1362622913     465707 0 6 40.0 150 
 463 1362622913     475750 0 6 40.0 150 
 464 1362622913     485752 0 6 40.0 150 
 463 1362622913     495770 0 6 40.0 150 
 464 1362622913     505744 0 6 40.0 150 
 463 1362622913     515763 0 6 40.0 150 
 463 1362622913     525771 0 6 40.0 150 
 462 1362622913     535787 0 6 40.0 150 
 463 1362622913     545775 0 6 40.0 150 
 463 1362622913     555752 0 6 40.0 150 
 464 1362622913     565772 0 6 40.0 150 
 463 1362622913     575782 0 6 40.0 150 
 463 1362622913     585827 0 6 40.0 150 
 464 1362622913     595791 0 6 40.0 150 
 464 1362622913     605815 0 6 40.0 150 
 463 1362622913     615838 0 6 40.0 150 
 463 1362622913     625808 0 6 40.0 150 
 463 1362622913     635819 0 6 40.0 150 
 462 1362622913     645811 0 6 40.0 150 
 463 1362622913     655861 0 6 40.0 150 
 463 1362622913     665865 0 6 40.0 150 
 463 1362622913     675876 0 6 40.0 150 
 463 1362622913     685851 0 6 40.0 150 
 464 1362622913     695900 0 6 40.0 150 
 463 1362622913     705866 0 6 40.0 150 
 463 1362622913     715910 0 6 40.0 150 
 463 1362622913     725873 0 6 40.0 150 
 463 1362622913     735905 0 6 40.0 150 
 463 1362622913     745892 0 6 40.0 150 
 464 1362622913     755940 0 6 40.0 150 
 463 1362622913     765924 0 6 40.0 150 
 463 1362622913     775916 0 6 40.0 150 
 463 1362622913     785928 0 6 40.0 150 
 463 1362622913     795948 0 6 40.0 150 
 463 1362622913     805932 0 6 40.0 150 
 464 1362622913     815937 0 6 40.0 150 
 463 1362622913     825971 0 6 40.0 150 
 463 1362622913     835989 0 6 40.0 150 
 463 1362622913     845945 0 6 40.0 150 
 463 1362622913     855974 0 6 40.0 150 
 463 1362622913     865977 0 6 40.0 150 
 462 1362622913     876015 0 6 40.0 150 
 463 1362622913     886003 0 6 40.0 150 
 463 1362622913     895998 0 6 40.0 150 
 463 1362622913     906027 0 6 40.0 150 
 464 1362622913     916043 0 6 40.0 150 
 463 1362622913     925998 0 6 40.0 150 
 463 1362622913     936009 0 6 40.0 150 
 463 1362622913     946069 0 6 40.0 150 
 463 1362622913     956055 0 6 40.0 150 
 463 1362622913     966035 0 6 40.0 150 
 463 1362622913     976077 0 6 40.0 150 
 463 1362622913     986043 0 6 40.0 150 
 463 1362622913     996074 0 6 40.0 150 
 463 1362622914       6055 0 6 40.0 150 
 463 1362622914      16100 0 6 40.0 150 
 463 1362622914      26183 0 6 40.0 150 
 464 1362622914      36109 0 6 40.0 150 
 463 1362622914      46105 0 6 40.0 150 
 463 1362622914      56113 0 6 40.0 150 
 463 1362622914      66123 0 6 40.0 150 
 463 1362622914      76126 0 6 40.0 150 
 463 1362622914      86141 0 6 40.0 150 
 464 1362622914      96124 0 6 40.0 150 
 463 1362622914     106166 0 6 40.0 150 
 463 1362622914     116153 0 6 40.0 150 
 463 1362622914     126153 0 6 40.0 150 
 463 1362622914     136189 0 6 40.0 150 
 463 1362622914     146162 0 6 40.0 150 
 463 1362622914     156151 0 6 40.0 150 
 463 1362622914     166194 0 6 40.0 150 
 463 1362622914     176157 0 6 40.0 150 
 463 1362622914     186214 0 6 40.0 150 
 463 1362622914     196175 0 6 40.0 150 
 462 1362622914     206199 0 6 40.0 150 
 463 1362622914     216191 0 6 40.0 150 
 463 1362622914     226200 0 6 40.0 150 
 463 1362622914     236206 0 6 40.0 150 
 463 1362622914     246239 0 6 40.0 150 
 463 1362622914     256215 0 6 40.0 150 
 464 1362622914     266238 0 6 40.0 150 
 463 1362622914     276257 0 6 40.0 150 
 463 1362622914     286288 0 6 40.0 150 
 463 1362622914     296240 0 6 40.0 150 
 463 1362622914     306262 0 6 40.0 150 
 464 1362622914     316263 0 6 40.0 150 
 464 1362622914     326262 0 6 40.0 150 
 463 1362622914     336300 0 6 40.0 150 
 463 1362622914     346279 0 6 40.0 150 
 463 1362622914     356300 0 6 40.0 150 
 463 1362622914     366286 0 6 40.0 150 
 464 1362622914     376294 0 6 40.0 150 
 463 1362622914     386316 0 6 40.0 150 
 463 1362622914     396324 0 6 40.0 150 
 462 1362622914     406355 0 6 40.0 150 
 464 1362622914     416346 0 6 40.0 150 
 463 1362622914     426339 0 6 40.0 150 
 463 1362622914     436361 0 6 40.0 150 
 462 1362622914     446346 0 6 40.0 150 
 463 1362622914     456362 0 6 40.0 150 
 462 1362622914     466409 0 6 40.0 150 
 463 1362622914     476356 0 6 40.0 150 
 463 1362622914     486419 0 6 40.0 150 
 463 1362622914     496388 0 6 40.0 150 
 463 1362622914     506395 0 6 40.0 150 
 463 1362622914     516394 0 6 40.0 150 
 463 1362622914     526400 0 6 40.0 150 
 462 1362622914     536397 0 6 40.0 150 
 463 1362622914     546416 0 6 40.0 150 
 463 1362622914     556469 0 6 40.0 150 
 463 1362622914     566478 0 6 40.0 150 
 463 1362622914     576469 0 6 40.0 150 
 463 1362622914     586490 0 6 40.0 150 
 462 1362622914     596462 0 6 40.0 150 
 463 1362622914     606478 0 6 40.0 150 
 463 1362622914     616471 0 6 40.0 150 
 463 1362622914     626489 0 6 40.0 150 
 463 1362622914     636502 0 6 40.0 150 
 463 1362622914     646507 0 6 40.0 150 
 463 1362622914     656494 0 6 40.0 150 
 463 1362622914     666493 0 6 40.0 150 
 463 1362622914     676525 0 6 40.0 150 
 462 1362622914     686526 0 6 40.0 150 
 463 1362622914     696542 0 6 40.0 150 
