 471 1362629483     320484 2 7 40.0 150.0 
 473 1362629483     330469 2 7 40.0 150.0 
 472 1362629483     340430 2 7 40.0 150.0 
 473 1362629483     350511 2 7 40.0 150.0 
 471 1362629483     360430 2 7 40.0 150.0 
 472 1362629483     370381 2 7 40.0 150.0 
 472 1362629483     380541 2 7 40.0 150.0 
 472 1362629483     390476 2 7 40.0 150.0 
 472 1362629483     400458 2 7 40.0 150.0 
 472 1362629483     410501 2 7 40.0 150.0 
 472 1362629483     420485 2 7 40.0 150.0 
 472 1362629483     440417 2 7 40.0 150.0 
 472 1362629483     450440 2 7 40.0 150.0 
 472 1362629483     460477 2 7 40.0 150.0 
 472 1362629483     470478 2 7 40.0 150.0 
 472 1362629483     480481 2 7 40.0 150.0 
 472 1362629483     490507 2 7 40.0 150.0 
 473 1362629483     500501 2 7 40.0 150.0 
 472 1362629483     510488 2 7 40.0 150.0 
 471 1362629483     520492 2 7 40.0 150.0 
 472 1362629483     530497 2 7 40.0 150.0 
 472 1362629483     540498 2 7 40.0 150.0 
 472 1362629483     550488 2 7 40.0 150.0 
 472 1362629483     560520 2 7 40.0 150.0 
 472 1362629483     570519 2 7 40.0 150.0 
 471 1362629483     580515 2 7 40.0 150.0 
 472 1362629483     590508 2 7 40.0 150.0 
 472 1362629483     600583 2 7 40.0 150.0 
 473 1362629483     610537 2 7 40.0 150.0 
 472 1362629483     620545 2 7 40.0 150.0 
 473 1362629483     630554 2 7 40.0 150.0 
 472 1362629483     640555 2 7 40.0 150.0 
 472 1362629483     650566 2 7 40.0 150.0 
 472 1362629483     660621 2 7 40.0 150.0 
 472 1362629483     670622 2 7 40.0 150.0 
 473 1362629483     680611 2 7 40.0 150.0 
 471 1362629483     690612 2 7 40.0 150.0 
 472 1362629483     700618 2 7 40.0 150.0 
 473 1362629483     710611 2 7 40.0 150.0 
 472 1362629483     720621 2 7 40.0 150.0 
 472 1362629483     730626 2 7 40.0 150.0 
 472 1362629483     740624 2 7 40.0 150.0 
 472 1362629483     750654 2 7 40.0 150.0 
 472 1362629483     760653 2 7 40.0 150.0 
 472 1362629483     770651 2 7 40.0 150.0 
 472 1362629483     780659 2 7 40.0 150.0 
 473 1362629483     790654 2 7 40.0 150.0 
 472 1362629483     800652 2 7 40.0 150.0 
 472 1362629483     810658 2 7 40.0 150.0 
 472 1362629483     820662 2 7 40.0 150.0 
 471 1362629483     830725 2 7 40.0 150.0 
 472 1362629483     840732 2 7 40.0 150.0 
 472 1362629483     850738 2 7 40.0 150.0 
 472 1362629483     860751 2 7 40.0 150.0 
 472 1362629483     870757 2 7 40.0 150.0 
 473 1362629483     880753 2 7 40.0 150.0 
 472 1362629483     890711 2 7 40.0 150.0 
 472 1362629483     900727 2 7 40.0 150.0 
 472 1362629483     910724 2 7 40.0 150.0 
 472 1362629483     920750 2 7 40.0 150.0 
 471 1362629483     930773 2 7 40.0 150.0 
 472 1362629483     940799 2 7 40.0 150.0 
 473 1362629483     950787 2 7 40.0 150.0 
 472 1362629483     960771 2 7 40.0 150.0 
 471 1362629483     970768 2 7 40.0 150.0 
 472 1362629483     980770 2 7 40.0 150.0 
 473 1362629483     990828 2 7 40.0 150.0 
 473 1362629484        827 2 7 40.0 150.0 
 472 1362629484      10837 2 7 40.0 150.0 
 472 1362629484      20829 2 7 40.0 150.0 
 473 1362629484      30837 2 7 40.0 150.0 
 471 1362629484      40846 2 7 40.0 150.0 
 472 1362629484      50847 2 7 40.0 150.0 
 472 1362629484      60851 2 7 40.0 150.0 
 472 1362629484      70853 2 7 40.0 150.0 
 473 1362629484      80858 2 7 40.0 150.0 
 471 1362629484      90858 2 7 40.0 150.0 
 473 1362629484     100914 2 7 40.0 150.0 
 473 1362629484     110917 2 7 40.0 150.0 
 472 1362629484     120922 2 7 40.0 150.0 
 472 1362629484     130930 2 7 40.0 150.0 
 472 1362629484     140931 2 7 40.0 150.0 
 472 1362629484     150902 2 7 40.0 150.0 
 473 1362629484     160903 2 7 40.0 150.0 
 472 1362629484     170916 2 7 40.0 150.0 
 472 1362629484     180916 2 7 40.0 150.0 
 472 1362629484     190912 2 7 40.0 150.0 
 472 1362629484     200979 2 7 40.0 150.0 
 472 1362629484     210923 2 7 40.0 150.0 
 472 1362629484     220935 2 7 40.0 150.0 
 472 1362629484     230931 2 7 40.0 150.0 
 473 1362629484     241006 2 7 40.0 150.0 
 472 1362629484     250954 2 7 40.0 150.0 
 472 1362629484     261014 2 7 40.0 150.0 
 473 1362629484     271007 2 7 40.0 150.0 
 472 1362629484     280997 2 7 40.0 150.0 
 473 1362629484     291016 2 7 40.0 150.0 
 472 1362629484     301008 2 7 40.0 150.0 
 472 1362629484     311020 2 7 40.0 150.0 
 472 1362629484     321007 2 7 40.0 150.0 
