 432 1362624794     778968 1 5 40.0 100.0 
 432 1362624794     788896 1 5 40.0 100.0 
 433 1362624794     798931 1 5 40.0 100.0 
 433 1362624794     808978 1 5 40.0 100.0 
 432 1362624794     818936 1 5 40.0 100.0 
 432 1362624794     828961 1 5 40.0 100.0 
 432 1362624794     838996 1 5 40.0 100.0 
 432 1362624794     848957 1 5 40.0 100.0 
 433 1362624794     859001 1 5 40.0 100.0 
 432 1362624794     868966 1 5 40.0 100.0 
 433 1362624794     879006 1 5 40.0 100.0 
 432 1362624794     889025 1 5 40.0 100.0 
 432 1362624794     898988 1 5 40.0 100.0 
 432 1362624794     909019 1 5 40.0 100.0 
 432 1362624794     919050 1 5 40.0 100.0 
 432 1362624794     929012 1 5 40.0 100.0 
 432 1362624794     939035 1 5 40.0 100.0 
 432 1362624794     949004 1 5 40.0 100.0 
 432 1362624794     959033 1 5 40.0 100.0 
 432 1362624794     969070 1 5 40.0 100.0 
 432 1362624794     979083 1 5 40.0 100.0 
 432 1362624794     989090 1 5 40.0 100.0 
 433 1362624794     999074 1 5 40.0 100.0 
 432 1362624795       9084 1 5 40.0 100.0 
 432 1362624795      19060 1 5 40.0 100.0 
 432 1362624795      29099 1 5 40.0 100.0 
 432 1362624795      39075 1 5 40.0 100.0 
 432 1362624795      49079 1 5 40.0 100.0 
 432 1362624795      59133 1 5 40.0 100.0 
 432 1362624795      69128 1 5 40.0 100.0 
 432 1362624795      79156 1 5 40.0 100.0 
 432 1362624795      89147 1 5 40.0 100.0 
 432 1362624795      99129 1 5 40.0 100.0 
 432 1362624795     109128 1 5 40.0 100.0 
 431 1362624795     119120 1 5 40.0 100.0 
 431 1362624795     129177 1 5 40.0 100.0 
 432 1362624795     139171 1 5 40.0 100.0 
 432 1362624795     149169 1 5 40.0 100.0 
 432 1362624795     159174 1 5 40.0 100.0 
 432 1362624795     169165 1 5 40.0 100.0 
 432 1362624795     179154 1 5 40.0 100.0 
 432 1362624795     189223 1 5 40.0 100.0 
 433 1362624795     199176 1 5 40.0 100.0 
 433 1362624795     209230 1 5 40.0 100.0 
 432 1362624795     219239 1 5 40.0 100.0 
 433 1362624795     229187 1 5 40.0 100.0 
 432 1362624795     239230 1 5 40.0 100.0 
 432 1362624795     249255 1 5 40.0 100.0 
 432 1362624795     259224 1 5 40.0 100.0 
 432 1362624795     269243 1 5 40.0 100.0 
 432 1362624795     279272 1 5 40.0 100.0 
 432 1362624795     289282 1 5 40.0 100.0 
 433 1362624795     299250 1 5 40.0 100.0 
 432 1362624795     309285 1 5 40.0 100.0 
 431 1362624795     319246 1 5 40.0 100.0 
 433 1362624795     329274 1 5 40.0 100.0 
 432 1362624795     339313 1 5 40.0 100.0 
 433 1362624795     349279 1 5 40.0 100.0 
 432 1362624795     359304 1 5 40.0 100.0 
 432 1362624795     369333 1 5 40.0 100.0 
 432 1362624795     379295 1 5 40.0 100.0 
 431 1362624795     389327 1 5 40.0 100.0 
 432 1362624795     399301 1 5 40.0 100.0 
 432 1362624795     409330 1 5 40.0 100.0 
 432 1362624795     419370 1 5 40.0 100.0 
 432 1362624795     429372 1 5 40.0 100.0 
 432 1362624795     439348 1 5 40.0 100.0 
 433 1362624795     449330 1 5 40.0 100.0 
 432 1362624795     459368 1 5 40.0 100.0 
 431 1362624795     469403 1 5 40.0 100.0 
 432 1362624795     479358 1 5 40.0 100.0 
 431 1362624795     489377 1 5 40.0 100.0 
 432 1362624795     499394 1 5 40.0 100.0 
 432 1362624795     509418 1 5 40.0 100.0 
 431 1362624795     519381 1 5 40.0 100.0 
 432 1362624795     529404 1 5 40.0 100.0 
 432 1362624795     539425 1 5 40.0 100.0 
 432 1362624795     549402 1 5 40.0 100.0 
 432 1362624795     559445 1 5 40.0 100.0 
 431 1362624795     569463 1 5 40.0 100.0 
 433 1362624795     579416 1 5 40.0 100.0 
 432 1362624795     589459 1 5 40.0 100.0 
 432 1362624795     599490 1 5 40.0 100.0 
 433 1362624795     609456 1 5 40.0 100.0 
 432 1362624795     619484 1 5 40.0 100.0 
 433 1362624795     629506 1 5 40.0 100.0 
 432 1362624795     639459 1 5 40.0 100.0 
 432 1362624795     649482 1 5 40.0 100.0 
 431 1362624795     659529 1 5 40.0 100.0 
 432 1362624795     669477 1 5 40.0 100.0 
 432 1362624795     679503 1 5 40.0 100.0 
 432 1362624795     689547 1 5 40.0 100.0 
 432 1362624795     699521 1 5 40.0 100.0 
 432 1362624795     709530 1 5 40.0 100.0 
 433 1362624795     719572 1 5 40.0 100.0 
 432 1362624795     729533 1 5 40.0 100.0 
 432 1362624795     739570 1 5 40.0 100.0 
 433 1362624795     749537 1 5 40.0 100.0 
 432 1362624795     759593 1 5 40.0 100.0 
 432 1362624795     769556 1 5 40.0 100.0 
