 404 1362629303     341328 2 4 40.0 50.0 
 404 1362629303     351274 2 4 40.0 50.0 
 404 1362629303     361310 2 4 40.0 50.0 
 404 1362629303     371272 2 4 40.0 50.0 
 404 1362629303     381285 2 4 40.0 50.0 
 404 1362629303     391316 2 4 40.0 50.0 
 404 1362629303     401339 2 4 40.0 50.0 
 404 1362629303     411304 2 4 40.0 50.0 
 404 1362629303     421337 2 4 40.0 50.0 
 404 1362629303     431360 2 4 40.0 50.0 
 404 1362629303     441314 2 4 40.0 50.0 
 404 1362629303     451331 2 4 40.0 50.0 
 404 1362629303     461357 2 4 40.0 50.0 
 404 1362629303     471380 2 4 40.0 50.0 
 404 1362629303     481394 2 4 40.0 50.0 
 404 1362629303     491348 2 4 40.0 50.0 
 404 1362629303     501385 2 4 40.0 50.0 
 404 1362629303     511425 2 4 40.0 50.0 
 405 1362629303     521417 2 4 40.0 50.0 
 404 1362629303     531432 2 4 40.0 50.0 
 404 1362629303     541389 2 4 40.0 50.0 
 404 1362629303     551425 2 4 40.0 50.0 
 404 1362629303     561444 2 4 40.0 50.0 
 404 1362629303     571457 2 4 40.0 50.0 
 404 1362629303     581406 2 4 40.0 50.0 
 405 1362629303     591432 2 4 40.0 50.0 
 404 1362629303     601472 2 4 40.0 50.0 
 404 1362629303     611496 2 4 40.0 50.0 
 404 1362629303     621447 2 4 40.0 50.0 
 404 1362629303     631470 2 4 40.0 50.0 
 404 1362629303     641495 2 4 40.0 50.0 
 404 1362629303     651464 2 4 40.0 50.0 
 404 1362629303     661487 2 4 40.0 50.0 
 404 1362629303     671503 2 4 40.0 50.0 
 404 1362629303     681510 2 4 40.0 50.0 
 404 1362629303     691548 2 4 40.0 50.0 
 403 1362629303     701507 2 4 40.0 50.0 
 404 1362629303     711540 2 4 40.0 50.0 
 404 1362629303     721560 2 4 40.0 50.0 
 404 1362629303     731544 2 4 40.0 50.0 
 404 1362629303     741555 2 4 40.0 50.0 
 404 1362629303     751587 2 4 40.0 50.0 
 404 1362629303     761567 2 4 40.0 50.0 
 404 1362629303     771582 2 4 40.0 50.0 
 404 1362629303     781605 2 4 40.0 50.0 
 404 1362629303     791558 2 4 40.0 50.0 
 404 1362629303     801587 2 4 40.0 50.0 
 404 1362629303     811625 2 4 40.0 50.0 
 404 1362629303     821630 2 4 40.0 50.0 
 404 1362629303     831636 2 4 40.0 50.0 
 405 1362629303     841577 2 4 40.0 50.0 
 404 1362629303     851609 2 4 40.0 50.0 
 403 1362629303     861628 2 4 40.0 50.0 
 404 1362629303     871650 2 4 40.0 50.0 
 405 1362629303     881614 2 4 40.0 50.0 
 404 1362629303     891655 2 4 40.0 50.0 
 404 1362629303     901686 2 4 40.0 50.0 
 404 1362629303     911690 2 4 40.0 50.0 
 404 1362629303     921658 2 4 40.0 50.0 
 404 1362629303     931652 2 4 40.0 50.0 
 404 1362629303     941667 2 4 40.0 50.0 
 404 1362629303     951718 2 4 40.0 50.0 
 404 1362629303     961668 2 4 40.0 50.0 
 404 1362629303     971696 2 4 40.0 50.0 
 405 1362629303     981701 2 4 40.0 50.0 
 404 1362629303     991738 2 4 40.0 50.0 
 405 1362629304       1750 2 4 40.0 50.0 
 405 1362629304      11715 2 4 40.0 50.0 
 405 1362629304      21746 2 4 40.0 50.0 
 404 1362629304      31736 2 4 40.0 50.0 
 405 1362629304      41743 2 4 40.0 50.0 
 404 1362629304      51782 2 4 40.0 50.0 
 404 1362629304      61741 2 4 40.0 50.0 
 403 1362629304      71760 2 4 40.0 50.0 
 404 1362629304      81758 2 4 40.0 50.0 
 403 1362629304      91782 2 4 40.0 50.0 
 403 1362629304     101806 2 4 40.0 50.0 
 404 1362629304     111763 2 4 40.0 50.0 
 404 1362629304     121786 2 4 40.0 50.0 
 404 1362629304     131816 2 4 40.0 50.0 
 404 1362629304     141834 2 4 40.0 50.0 
 404 1362629304     151792 2 4 40.0 50.0 
 404 1362629304     161820 2 4 40.0 50.0 
 405 1362629304     171831 2 4 40.0 50.0 
 404 1362629304     181817 2 4 40.0 50.0 
 405 1362629304     191858 2 4 40.0 50.0 
 404 1362629304     201881 2 4 40.0 50.0 
 404 1362629304     211831 2 4 40.0 50.0 
 404 1362629304     221858 2 4 40.0 50.0 
 404 1362629304     231877 2 4 40.0 50.0 
 405 1362629304     241886 2 4 40.0 50.0 
 404 1362629304     251905 2 4 40.0 50.0 
 403 1362629304     261924 2 4 40.0 50.0 
 404 1362629304     271884 2 4 40.0 50.0 
 404 1362629304     281884 2 4 40.0 50.0 
 404 1362629304     291919 2 4 40.0 50.0 
 404 1362629304     301943 2 4 40.0 50.0 
 404 1362629304     311895 2 4 40.0 50.0 
 404 1362629304     321936 2 4 40.0 50.0 
 404 1362629304     331928 2 4 40.0 50.0 
