 432 1362629942     644297 3 2 40.0 100.0 
 432 1362629942     654244 3 2 40.0 100.0 
 432 1362629942     664294 3 2 40.0 100.0 
 432 1362629942     674291 3 2 40.0 100.0 
 433 1362629942     684317 3 2 40.0 100.0 
 431 1362629942     694265 3 2 40.0 100.0 
 433 1362629942     704288 3 2 40.0 100.0 
 432 1362629942     714318 3 2 40.0 100.0 
 433 1362629942     724342 3 2 40.0 100.0 
 432 1362629942     734356 3 2 40.0 100.0 
 432 1362629942     744330 3 2 40.0 100.0 
 433 1362629942     754357 3 2 40.0 100.0 
 432 1362629942     764307 3 2 40.0 100.0 
 433 1362629942     774328 3 2 40.0 100.0 
 432 1362629942     784320 3 2 40.0 100.0 
 433 1362629942     794352 3 2 40.0 100.0 
 432 1362629942     804361 3 2 40.0 100.0 
 432 1362629942     814403 3 2 40.0 100.0 
 432 1362629942     824361 3 2 40.0 100.0 
 433 1362629942     834409 3 2 40.0 100.0 
 432 1362629942     844363 3 2 40.0 100.0 
 432 1362629942     854406 3 2 40.0 100.0 
 432 1362629942     864433 3 2 40.0 100.0 
 432 1362629942     874442 3 2 40.0 100.0 
 432 1362629942     884443 3 2 40.0 100.0 
 432 1362629942     894408 3 2 40.0 100.0 
 432 1362629942     904443 3 2 40.0 100.0 
 432 1362629942     914465 3 2 40.0 100.0 
 433 1362629942     924423 3 2 40.0 100.0 
 432 1362629942     934445 3 2 40.0 100.0 
 433 1362629942     944469 3 2 40.0 100.0 
 432 1362629942     954467 3 2 40.0 100.0 
 433 1362629942     964471 3 2 40.0 100.0 
 432 1362629942     974507 3 2 40.0 100.0 
 431 1362629942     984486 3 2 40.0 100.0 
 433 1362629942     994492 3 2 40.0 100.0 
 432 1362629943       4522 3 2 40.0 100.0 
 433 1362629943      14544 3 2 40.0 100.0 
 432 1362629943      24531 3 2 40.0 100.0 
 433 1362629943      34512 3 2 40.0 100.0 
 432 1362629943      44540 3 2 40.0 100.0 
 432 1362629943      54519 3 2 40.0 100.0 
 432 1362629943      64576 3 2 40.0 100.0 
 432 1362629943      74553 3 2 40.0 100.0 
 432 1362629943      84536 3 2 40.0 100.0 
 432 1362629943      94587 3 2 40.0 100.0 
 432 1362629943     104585 3 2 40.0 100.0 
 433 1362629943     114604 3 2 40.0 100.0 
 431 1362629943     124611 3 2 40.0 100.0 
 432 1362629943     134619 3 2 40.0 100.0 
 433 1362629943     144606 3 2 40.0 100.0 
 433 1362629943     154601 3 2 40.0 100.0 
 431 1362629943     164603 3 2 40.0 100.0 
 432 1362629943     174586 3 2 40.0 100.0 
 433 1362629943     184595 3 2 40.0 100.0 
 433 1362629943     194659 3 2 40.0 100.0 
 432 1362629943     204618 3 2 40.0 100.0 
 432 1362629943     214642 3 2 40.0 100.0 
 433 1362629943     224646 3 2 40.0 100.0 
 432 1362629943     234668 3 2 40.0 100.0 
 433 1362629943     244689 3 2 40.0 100.0 
 432 1362629943     254642 3 2 40.0 100.0 
 433 1362629943     264671 3 2 40.0 100.0 
 433 1362629943     274693 3 2 40.0 100.0 
 433 1362629943     284665 3 2 40.0 100.0 
 432 1362629943     294695 3 2 40.0 100.0 
 432 1362629943     304667 3 2 40.0 100.0 
 433 1362629943     314694 3 2 40.0 100.0 
 432 1362629943     324714 3 2 40.0 100.0 
 432 1362629943     334754 3 2 40.0 100.0 
 432 1362629943     344729 3 2 40.0 100.0 
 433 1362629943     354744 3 2 40.0 100.0 
 433 1362629943     364706 3 2 40.0 100.0 
 432 1362629943     374731 3 2 40.0 100.0 
 432 1362629943     384747 3 2 40.0 100.0 
 433 1362629943     394783 3 2 40.0 100.0 
 432 1362629943     404745 3 2 40.0 100.0 
 432 1362629943     414779 3 2 40.0 100.0 
 432 1362629943     424753 3 2 40.0 100.0 
 432 1362629943     434765 3 2 40.0 100.0 
 433 1362629943     444787 3 2 40.0 100.0 
 432 1362629943     454813 3 2 40.0 100.0 
 432 1362629943     464789 3 2 40.0 100.0 
 432 1362629943     474799 3 2 40.0 100.0 
 433 1362629943     484816 3 2 40.0 100.0 
 433 1362629943     494790 3 2 40.0 100.0 
 432 1362629943     504827 3 2 40.0 100.0 
 433 1362629943     514846 3 2 40.0 100.0 
 433 1362629943     524874 3 2 40.0 100.0 
 433 1362629943     534825 3 2 40.0 100.0 
 432 1362629943     544852 3 2 40.0 100.0 
 433 1362629943     554876 3 2 40.0 100.0 
 432 1362629943     564845 3 2 40.0 100.0 
 433 1362629943     574876 3 2 40.0 100.0 
 433 1362629943     584891 3 2 40.0 100.0 
 432 1362629943     594919 3 2 40.0 100.0 
 432 1362629943     604878 3 2 40.0 100.0 
 433 1362629943     614913 3 2 40.0 100.0 
 432 1362629943     624940 3 2 40.0 100.0 
 433 1362629943     634887 3 2 40.0 100.0 
