 589 1362629826     277379 3 0 40.0 150.0 
 589 1362629826     287327 3 0 40.0 150.0 
 589 1362629826     297324 3 0 40.0 150.0 
 589 1362629826     307335 3 0 40.0 150.0 
 589 1362629826     317349 3 0 40.0 150.0 
 589 1362629826     327352 3 0 40.0 150.0 
 590 1362629826     337440 3 0 40.0 150.0 
 589 1362629826     347412 3 0 40.0 150.0 
 589 1362629826     357399 3 0 40.0 150.0 
 589 1362629826     367403 3 0 40.0 150.0 
 589 1362629826     377478 3 0 40.0 150.0 
 589 1362629826     387352 3 0 40.0 150.0 
 589 1362629826     397341 3 0 40.0 150.0 
 589 1362629826     407373 3 0 40.0 150.0 
 590 1362629826     417372 3 0 40.0 150.0 
 589 1362629826     427387 3 0 40.0 150.0 
 589 1362629826     437374 3 0 40.0 150.0 
 589 1362629826     447381 3 0 40.0 150.0 
 589 1362629826     457398 3 0 40.0 150.0 
 590 1362629826     467362 3 0 40.0 150.0 
 589 1362629826     477379 3 0 40.0 150.0 
 589 1362629826     487435 3 0 40.0 150.0 
 588 1362629826     497449 3 0 40.0 150.0 
 589 1362629826     507452 3 0 40.0 150.0 
 590 1362629826     517421 3 0 40.0 150.0 
 589 1362629826     527425 3 0 40.0 150.0 
 590 1362629826     537416 3 0 40.0 150.0 
 589 1362629826     547431 3 0 40.0 150.0 
 589 1362629826     557443 3 0 40.0 150.0 
 589 1362629826     567478 3 0 40.0 150.0 
 589 1362629826     577481 3 0 40.0 150.0 
 588 1362629826     587487 3 0 40.0 150.0 
 589 1362629826     597484 3 0 40.0 150.0 
 589 1362629826     607483 3 0 40.0 150.0 
 589 1362629826     617471 3 0 40.0 150.0 
 589 1362629826     627471 3 0 40.0 150.0 
 589 1362629826     637543 3 0 40.0 150.0 
 589 1362629826     647545 3 0 40.0 150.0 
 590 1362629826     657541 3 0 40.0 150.0 
 589 1362629826     667514 3 0 40.0 150.0 
 589 1362629826     677569 3 0 40.0 150.0 
 589 1362629826     687572 3 0 40.0 150.0 
 590 1362629826     697572 3 0 40.0 150.0 
 589 1362629826     707577 3 0 40.0 150.0 
 589 1362629826     717564 3 0 40.0 150.0 
 589 1362629826     727569 3 0 40.0 150.0 
 589 1362629826     737555 3 0 40.0 150.0 
 590 1362629826     747555 3 0 40.0 150.0 
 589 1362629826     757557 3 0 40.0 150.0 
 589 1362629826     767590 3 0 40.0 150.0 
 589 1362629826     777592 3 0 40.0 150.0 
 589 1362629826     787604 3 0 40.0 150.0 
 588 1362629826     797622 3 0 40.0 150.0 
 589 1362629826     807600 3 0 40.0 150.0 
 589 1362629826     817624 3 0 40.0 150.0 
 590 1362629826     827619 3 0 40.0 150.0 
 589 1362629826     837643 3 0 40.0 150.0 
 589 1362629826     847638 3 0 40.0 150.0 
 589 1362629826     857634 3 0 40.0 150.0 
 589 1362629826     867633 3 0 40.0 150.0 
 589 1362629826     877695 3 0 40.0 150.0 
 589 1362629826     887698 3 0 40.0 150.0 
 589 1362629826     897694 3 0 40.0 150.0 
 589 1362629826     907696 3 0 40.0 150.0 
 590 1362629826     917701 3 0 40.0 150.0 
 589 1362629826     927696 3 0 40.0 150.0 
 589 1362629826     937715 3 0 40.0 150.0 
 589 1362629826     947730 3 0 40.0 150.0 
 590 1362629826     957738 3 0 40.0 150.0 
 590 1362629826     967737 3 0 40.0 150.0 
 589 1362629826     977733 3 0 40.0 150.0 
 589 1362629826     987719 3 0 40.0 150.0 
 588 1362629826     997793 3 0 40.0 150.0 
 590 1362629827       7732 3 0 40.0 150.0 
 589 1362629827      17752 3 0 40.0 150.0 
 589 1362629827      27764 3 0 40.0 150.0 
 589 1362629827      37798 3 0 40.0 150.0 
 589 1362629827      47807 3 0 40.0 150.0 
 590 1362629827      57764 3 0 40.0 150.0 
 589 1362629827      67799 3 0 40.0 150.0 
 589 1362629827      77830 3 0 40.0 150.0 
 589 1362629827      87790 3 0 40.0 150.0 
 589 1362629827      97802 3 0 40.0 150.0 
 589 1362629827     107855 3 0 40.0 150.0 
 589 1362629827     117821 3 0 40.0 150.0 
 589 1362629827     127857 3 0 40.0 150.0 
 590 1362629827     137833 3 0 40.0 150.0 
 589 1362629827     147832 3 0 40.0 150.0 
 589 1362629827     157871 3 0 40.0 150.0 
 589 1362629827     167840 3 0 40.0 150.0 
 590 1362629827     177864 3 0 40.0 150.0 
 588 1362629827     187900 3 0 40.0 150.0 
 589 1362629827     197872 3 0 40.0 150.0 
 588 1362629827     207869 3 0 40.0 150.0 
 589 1362629827     217921 3 0 40.0 150.0 
 589 1362629827     227917 3 0 40.0 150.0 
 588 1362629827     237932 3 0 40.0 150.0 
 589 1362629827     247930 3 0 40.0 150.0 
 589 1362629827     257940 3 0 40.0 150.0 
 589 1362629827     267927 3 0 40.0 150.0 
