 266 1362630469     993178 3 7 40.0 50.0 
 266 1362630470       3196 3 7 40.0 50.0 
 267 1362630470      13172 3 7 40.0 50.0 
 267 1362630470      23235 3 7 40.0 50.0 
 267 1362630470      33206 3 7 40.0 50.0 
 266 1362630470      43242 3 7 40.0 50.0 
 266 1362630470      53194 3 7 40.0 50.0 
 266 1362630470      63245 3 7 40.0 50.0 
 267 1362630470      73222 3 7 40.0 50.0 
 266 1362630470      83267 3 7 40.0 50.0 
 267 1362630470      93245 3 7 40.0 50.0 
 267 1362630470     103245 3 7 40.0 50.0 
 267 1362630470     113277 3 7 40.0 50.0 
 266 1362630470     123259 3 7 40.0 50.0 
 266 1362630470     133291 3 7 40.0 50.0 
 266 1362630470     143266 3 7 40.0 50.0 
 266 1362630470     153273 3 7 40.0 50.0 
 267 1362630470     163303 3 7 40.0 50.0 
 267 1362630470     173265 3 7 40.0 50.0 
 266 1362630470     183299 3 7 40.0 50.0 
 266 1362630470     193346 3 7 40.0 50.0 
 267 1362630470     203305 3 7 40.0 50.0 
 267 1362630470     213350 3 7 40.0 50.0 
 266 1362630470     223371 3 7 40.0 50.0 
 266 1362630470     233316 3 7 40.0 50.0 
 266 1362630470     243357 3 7 40.0 50.0 
 267 1362630470     253375 3 7 40.0 50.0 
 266 1362630470     263341 3 7 40.0 50.0 
 266 1362630470     273366 3 7 40.0 50.0 
 266 1362630470     283394 3 7 40.0 50.0 
 267 1362630470     293363 3 7 40.0 50.0 
 266 1362630470     303393 3 7 40.0 50.0 
 266 1362630470     313417 3 7 40.0 50.0 
 266 1362630470     323385 3 7 40.0 50.0 
 266 1362630470     333427 3 7 40.0 50.0 
 266 1362630470     343392 3 7 40.0 50.0 
 267 1362630470     353425 3 7 40.0 50.0 
 266 1362630470     363398 3 7 40.0 50.0 
 266 1362630470     373437 3 7 40.0 50.0 
 266 1362630470     383473 3 7 40.0 50.0 
 266 1362630470     393425 3 7 40.0 50.0 
 266 1362630470     403440 3 7 40.0 50.0 
 266 1362630470     413481 3 7 40.0 50.0 
 266 1362630470     423455 3 7 40.0 50.0 
 266 1362630470     433476 3 7 40.0 50.0 
 266 1362630470     443511 3 7 40.0 50.0 
 266 1362630470     453516 3 7 40.0 50.0 
 266 1362630470     463469 3 7 40.0 50.0 
 266 1362630470     473506 3 7 40.0 50.0 
 265 1362630470     483539 3 7 40.0 50.0 
 267 1362630470     493504 3 7 40.0 50.0 
 267 1362630470     503508 3 7 40.0 50.0 
 266 1362630470     513524 3 7 40.0 50.0 
 266 1362630470     523512 3 7 40.0 50.0 
 266 1362630470     533556 3 7 40.0 50.0 
 266 1362630470     543522 3 7 40.0 50.0 
 267 1362630470     553541 3 7 40.0 50.0 
 266 1362630470     563571 3 7 40.0 50.0 
 266 1362630470     573531 3 7 40.0 50.0 
 266 1362630470     583573 3 7 40.0 50.0 
 266 1362630470     593590 3 7 40.0 50.0 
 266 1362630470     603603 3 7 40.0 50.0 
 267 1362630470     613582 3 7 40.0 50.0 
 266 1362630470     623604 3 7 40.0 50.0 
 267 1362630470     633578 3 7 40.0 50.0 
 267 1362630470     643604 3 7 40.0 50.0 
 267 1362630470     653630 3 7 40.0 50.0 
 265 1362630470     663594 3 7 40.0 50.0 
 266 1362630470     673633 3 7 40.0 50.0 
 267 1362630470     683606 3 7 40.0 50.0 
 267 1362630470     693654 3 7 40.0 50.0 
 266 1362630470     703636 3 7 40.0 50.0 
 266 1362630470     713673 3 7 40.0 50.0 
 266 1362630470     723637 3 7 40.0 50.0 
 266 1362630470     733664 3 7 40.0 50.0 
 266 1362630470     743693 3 7 40.0 50.0 
 267 1362630470     753716 3 7 40.0 50.0 
 266 1362630470     763689 3 7 40.0 50.0 
 266 1362630470     773705 3 7 40.0 50.0 
 266 1362630470     783676 3 7 40.0 50.0 
 267 1362630470     793727 3 7 40.0 50.0 
 266 1362630470     803728 3 7 40.0 50.0 
 266 1362630470     813710 3 7 40.0 50.0 
 266 1362630470     823750 3 7 40.0 50.0 
 266 1362630470     833774 3 7 40.0 50.0 
 266 1362630470     843726 3 7 40.0 50.0 
 266 1362630470     853746 3 7 40.0 50.0 
 266 1362630470     863792 3 7 40.0 50.0 
 266 1362630470     873749 3 7 40.0 50.0 
 266 1362630470     883768 3 7 40.0 50.0 
 267 1362630470     893805 3 7 40.0 50.0 
 266 1362630470     903809 3 7 40.0 50.0 
 266 1362630470     913772 3 7 40.0 50.0 
 267 1362630470     923824 3 7 40.0 50.0 
 267 1362630470     933786 3 7 40.0 50.0 
 266 1362630470     943818 3 7 40.0 50.0 
 266 1362630470     953839 3 7 40.0 50.0 
 265 1362630470     963789 3 7 40.0 50.0 
 267 1362630470     973828 3 7 40.0 50.0 
 266 1362630470     983810 3 7 40.0 50.0 
