 307 1362624309     498189 1 0 40.0 50.0 
 307 1362624309     508196 1 0 40.0 50.0 
 306 1362624309     518155 1 0 40.0 50.0 
 307 1362624309     528221 1 0 40.0 50.0 
 307 1362624309     538167 1 0 40.0 50.0 
 307 1362624309     548180 1 0 40.0 50.0 
 307 1362624309     558209 1 0 40.0 50.0 
 307 1362624309     568218 1 0 40.0 50.0 
 307 1362624309     578229 1 0 40.0 50.0 
 306 1362624309     588239 1 0 40.0 50.0 
 306 1362624309     598247 1 0 40.0 50.0 
 307 1362624309     608244 1 0 40.0 50.0 
 307 1362624309     618244 1 0 40.0 50.0 
 307 1362624309     628268 1 0 40.0 50.0 
 307 1362624309     638282 1 0 40.0 50.0 
 307 1362624309     648290 1 0 40.0 50.0 
 306 1362624309     658238 1 0 40.0 50.0 
 307 1362624309     668245 1 0 40.0 50.0 
 307 1362624309     678254 1 0 40.0 50.0 
 307 1362624309     688253 1 0 40.0 50.0 
 307 1362624309     698267 1 0 40.0 50.0 
 307 1362624309     708337 1 0 40.0 50.0 
 307 1362624309     718281 1 0 40.0 50.0 
 307 1362624309     728300 1 0 40.0 50.0 
 307 1362624309     738301 1 0 40.0 50.0 
 308 1362624309     748302 1 0 40.0 50.0 
 307 1362624309     758302 1 0 40.0 50.0 
 307 1362624309     768325 1 0 40.0 50.0 
 307 1362624309     778337 1 0 40.0 50.0 
 307 1362624309     788362 1 0 40.0 50.0 
 307 1362624309     798372 1 0 40.0 50.0 
 307 1362624309     808385 1 0 40.0 50.0 
 307 1362624309     818393 1 0 40.0 50.0 
 306 1362624309     828407 1 0 40.0 50.0 
 307 1362624309     838420 1 0 40.0 50.0 
 307 1362624309     848374 1 0 40.0 50.0 
 306 1362624309     858376 1 0 40.0 50.0 
 307 1362624309     868383 1 0 40.0 50.0 
 307 1362624309     878391 1 0 40.0 50.0 
 307 1362624309     888406 1 0 40.0 50.0 
 306 1362624309     898395 1 0 40.0 50.0 
 307 1362624309     908469 1 0 40.0 50.0 
 307 1362624309     918416 1 0 40.0 50.0 
 306 1362624309     928454 1 0 40.0 50.0 
 307 1362624309     938453 1 0 40.0 50.0 
 307 1362624309     948472 1 0 40.0 50.0 
 307 1362624309     958480 1 0 40.0 50.0 
 307 1362624309     968502 1 0 40.0 50.0 
 307 1362624309     978477 1 0 40.0 50.0 
 307 1362624309     988511 1 0 40.0 50.0 
 306 1362624309     998478 1 0 40.0 50.0 
 307 1362624310       8501 1 0 40.0 50.0 
 307 1362624310      18533 1 0 40.0 50.0 
 307 1362624310      28517 1 0 40.0 50.0 
 306 1362624310      38543 1 0 40.0 50.0 
 306 1362624310      48500 1 0 40.0 50.0 
 307 1362624310      58543 1 0 40.0 50.0 
 307 1362624310      68519 1 0 40.0 50.0 
 307 1362624310      78565 1 0 40.0 50.0 
 307 1362624310      88542 1 0 40.0 50.0 
 307 1362624310      98576 1 0 40.0 50.0 
 307 1362624310     108595 1 0 40.0 50.0 
 307 1362624310     118554 1 0 40.0 50.0 
 307 1362624310     128595 1 0 40.0 50.0 
 307 1362624310     138620 1 0 40.0 50.0 
 306 1362624310     148626 1 0 40.0 50.0 
 307 1362624310     158617 1 0 40.0 50.0 
 306 1362624310     168585 1 0 40.0 50.0 
 306 1362624310     178614 1 0 40.0 50.0 
 306 1362624310     188644 1 0 40.0 50.0 
 307 1362624310     198623 1 0 40.0 50.0 
 307 1362624310     208642 1 0 40.0 50.0 
 306 1362624310     218658 1 0 40.0 50.0 
 308 1362624310     228638 1 0 40.0 50.0 
 307 1362624310     238664 1 0 40.0 50.0 
 307 1362624310     248627 1 0 40.0 50.0 
 307 1362624310     258648 1 0 40.0 50.0 
 307 1362624310     268688 1 0 40.0 50.0 
 307 1362624310     278707 1 0 40.0 50.0 
 306 1362624310     288670 1 0 40.0 50.0 
 307 1362624310     298717 1 0 40.0 50.0 
 307 1362624310     308678 1 0 40.0 50.0 
 306 1362624310     318719 1 0 40.0 50.0 
 307 1362624310     328690 1 0 40.0 50.0 
 306 1362624310     338701 1 0 40.0 50.0 
 307 1362624310     348726 1 0 40.0 50.0 
 307 1362624310     358752 1 0 40.0 50.0 
 307 1362624310     368704 1 0 40.0 50.0 
 307 1362624310     378734 1 0 40.0 50.0 
 307 1362624310     388773 1 0 40.0 50.0 
 307 1362624310     398732 1 0 40.0 50.0 
 306 1362624310     408750 1 0 40.0 50.0 
 307 1362624310     418784 1 0 40.0 50.0 
 307 1362624310     428810 1 0 40.0 50.0 
 306 1362624310     438781 1 0 40.0 50.0 
 306 1362624310     448819 1 0 40.0 50.0 
 306 1362624310     458781 1 0 40.0 50.0 
 307 1362624310     468813 1 0 40.0 50.0 
 307 1362624310     478809 1 0 40.0 50.0 
 307 1362624310     488831 1 0 40.0 50.0 
