 601 1362630093     424030 3 3 40.0 150.0 
 600 1362630093     434044 3 3 40.0 150.0 
 601 1362630093     444041 3 3 40.0 150.0 
 600 1362630093     454058 3 3 40.0 150.0 
 601 1362630093     464022 3 3 40.0 150.0 
 600 1362630093     474068 3 3 40.0 150.0 
 601 1362630093     484048 3 3 40.0 150.0 
 601 1362630093     494098 3 3 40.0 150.0 
 601 1362630093     504089 3 3 40.0 150.0 
 600 1362630093     514081 3 3 40.0 150.0 
 600 1362630093     524119 3 3 40.0 150.0 
 601 1362630093     534103 3 3 40.0 150.0 
 600 1362630093     544086 3 3 40.0 150.0 
 601 1362630093     554135 3 3 40.0 150.0 
 600 1362630093     564126 3 3 40.0 150.0 
 601 1362630093     574099 3 3 40.0 150.0 
 600 1362630093     584132 3 3 40.0 150.0 
 600 1362630093     594106 3 3 40.0 150.0 
 600 1362630093     604178 3 3 40.0 150.0 
 600 1362630093     614164 3 3 40.0 150.0 
 601 1362630093     624135 3 3 40.0 150.0 
 601 1362630093     634187 3 3 40.0 150.0 
 601 1362630093     644174 3 3 40.0 150.0 
 600 1362630093     654152 3 3 40.0 150.0 
 600 1362630093     664193 3 3 40.0 150.0 
 600 1362630093     674158 3 3 40.0 150.0 
 601 1362630093     684188 3 3 40.0 150.0 
 601 1362630093     694171 3 3 40.0 150.0 
 601 1362630093     704224 3 3 40.0 150.0 
 600 1362630093     714193 3 3 40.0 150.0 
 601 1362630093     724194 3 3 40.0 150.0 
 600 1362630093     734223 3 3 40.0 150.0 
 601 1362630093     744259 3 3 40.0 150.0 
 601 1362630093     754246 3 3 40.0 150.0 
 600 1362630093     764237 3 3 40.0 150.0 
 601 1362630093     774243 3 3 40.0 150.0 
 600 1362630093     784281 3 3 40.0 150.0 
 602 1362630093     794252 3 3 40.0 150.0 
 600 1362630093     804247 3 3 40.0 150.0 
 601 1362630093     814308 3 3 40.0 150.0 
 600 1362630093     824281 3 3 40.0 150.0 
 600 1362630093     834264 3 3 40.0 150.0 
 600 1362630093     844296 3 3 40.0 150.0 
 601 1362630093     854341 3 3 40.0 150.0 
 600 1362630093     864319 3 3 40.0 150.0 
 601 1362630093     874350 3 3 40.0 150.0 
 600 1362630093     884338 3 3 40.0 150.0 
 601 1362630093     894315 3 3 40.0 150.0 
 600 1362630093     904361 3 3 40.0 150.0 
 601 1362630093     914353 3 3 40.0 150.0 
 600 1362630093     924337 3 3 40.0 150.0 
 601 1362630093     934395 3 3 40.0 150.0 
 601 1362630093     944367 3 3 40.0 150.0 
 601 1362630093     954353 3 3 40.0 150.0 
 601 1362630093     964396 3 3 40.0 150.0 
 601 1362630093     974386 3 3 40.0 150.0 
 601 1362630093     984363 3 3 40.0 150.0 
 600 1362630093     994412 3 3 40.0 150.0 
 601 1362630094       4391 3 3 40.0 150.0 
 600 1362630094      14444 3 3 40.0 150.0 
 601 1362630094      24428 3 3 40.0 150.0 
 600 1362630094      34421 3 3 40.0 150.0 
 600 1362630094      44438 3 3 40.0 150.0 
 602 1362630094      54434 3 3 40.0 150.0 
 600 1362630094      64420 3 3 40.0 150.0 
 601 1362630094      74470 3 3 40.0 150.0 
 601 1362630094      84445 3 3 40.0 150.0 
 601 1362630094      94499 3 3 40.0 150.0 
 601 1362630094     104471 3 3 40.0 150.0 
 601 1362630094     114490 3 3 40.0 150.0 
 600 1362630094     124474 3 3 40.0 150.0 
 600 1362630094     134462 3 3 40.0 150.0 
 601 1362630094     144507 3 3 40.0 150.0 
 601 1362630094     154496 3 3 40.0 150.0 
 601 1362630094     164549 3 3 40.0 150.0 
 601 1362630094     174534 3 3 40.0 150.0 
 600 1362630094     184509 3 3 40.0 150.0 
 602 1362630094     194551 3 3 40.0 150.0 
 600 1362630094     204537 3 3 40.0 150.0 
 601 1362630094     214523 3 3 40.0 150.0 
 601 1362630094     224581 3 3 40.0 150.0 
 601 1362630094     234572 3 3 40.0 150.0 
 600 1362630094     244604 3 3 40.0 150.0 
 601 1362630094     254583 3 3 40.0 150.0 
 600 1362630094     264573 3 3 40.0 150.0 
 602 1362630094     274627 3 3 40.0 150.0 
 601 1362630094     284611 3 3 40.0 150.0 
 601 1362630094     294590 3 3 40.0 150.0 
 601 1362630094     304585 3 3 40.0 150.0 
 601 1362630094     314624 3 3 40.0 150.0 
 601 1362630094     324601 3 3 40.0 150.0 
 600 1362630094     334658 3 3 40.0 150.0 
 601 1362630094     344642 3 3 40.0 150.0 
 600 1362630094     354632 3 3 40.0 150.0 
 601 1362630094     364618 3 3 40.0 150.0 
 600 1362630094     374671 3 3 40.0 150.0 
 600 1362630094     384673 3 3 40.0 150.0 
 601 1362630094     394661 3 3 40.0 150.0 
 601 1362630094     404708 3 3 40.0 150.0 
 601 1362630094     414696 3 3 40.0 150.0 
