 280 1362629524     657815 2 8 40.0 100.0 
 279 1362629524     667780 2 8 40.0 100.0 
 280 1362629524     677760 2 8 40.0 100.0 
 280 1362629524     687866 2 8 40.0 100.0 
 280 1362629524     697874 2 8 40.0 100.0 
 279 1362629524     707835 2 8 40.0 100.0 
 279 1362629524     717866 2 8 40.0 100.0 
 280 1362629524     727820 2 8 40.0 100.0 
 280 1362629524     737827 2 8 40.0 100.0 
 279 1362629524     747909 2 8 40.0 100.0 
 280 1362629524     757983 2 8 40.0 100.0 
 279 1362629524     767866 2 8 40.0 100.0 
 280 1362629524     777810 2 8 40.0 100.0 
 279 1362629524     787819 2 8 40.0 100.0 
 279 1362629524     797827 2 8 40.0 100.0 
 279 1362629524     807821 2 8 40.0 100.0 
 280 1362629524     817827 2 8 40.0 100.0 
 279 1362629524     827807 2 8 40.0 100.0 
 279 1362629524     837840 2 8 40.0 100.0 
 279 1362629524     847861 2 8 40.0 100.0 
 280 1362629524     857873 2 8 40.0 100.0 
 279 1362629524     867886 2 8 40.0 100.0 
 279 1362629524     877842 2 8 40.0 100.0 
 280 1362629524     887891 2 8 40.0 100.0 
 280 1362629524     897856 2 8 40.0 100.0 
 280 1362629524     907880 2 8 40.0 100.0 
 279 1362629524     917894 2 8 40.0 100.0 
 280 1362629524     927913 2 8 40.0 100.0 
 280 1362629524     937898 2 8 40.0 100.0 
 279 1362629524     947903 2 8 40.0 100.0 
 279 1362629524     957920 2 8 40.0 100.0 
 279 1362629524     967940 2 8 40.0 100.0 
 279 1362629524     977943 2 8 40.0 100.0 
 280 1362629524     987923 2 8 40.0 100.0 
 279 1362629524     997964 2 8 40.0 100.0 
 280 1362629525       7924 2 8 40.0 100.0 
 280 1362629525      17957 2 8 40.0 100.0 
 280 1362629525      27986 2 8 40.0 100.0 
 279 1362629525      38001 2 8 40.0 100.0 
 280 1362629525      47950 2 8 40.0 100.0 
 279 1362629525      57979 2 8 40.0 100.0 
 279 1362629525      67997 2 8 40.0 100.0 
 280 1362629525      78028 2 8 40.0 100.0 
 280 1362629525      87967 2 8 40.0 100.0 
 279 1362629525      98032 2 8 40.0 100.0 
 280 1362629525     108026 2 8 40.0 100.0 
 279 1362629525     117990 2 8 40.0 100.0 
 279 1362629525     128027 2 8 40.0 100.0 
 280 1362629525     138049 2 8 40.0 100.0 
 279 1362629525     148047 2 8 40.0 100.0 
 279 1362629525     158031 2 8 40.0 100.0 
 279 1362629525     168033 2 8 40.0 100.0 
 279 1362629525     178090 2 8 40.0 100.0 
 279 1362629525     188062 2 8 40.0 100.0 
 279 1362629525     198079 2 8 40.0 100.0 
 279 1362629525     208076 2 8 40.0 100.0 
 280 1362629525     218073 2 8 40.0 100.0 
 279 1362629525     228088 2 8 40.0 100.0 
 279 1362629525     238066 2 8 40.0 100.0 
 279 1362629525     248084 2 8 40.0 100.0 
 279 1362629525     258098 2 8 40.0 100.0 
 279 1362629525     268111 2 8 40.0 100.0 
 279 1362629525     278133 2 8 40.0 100.0 
 279 1362629525     288107 2 8 40.0 100.0 
 280 1362629525     298124 2 8 40.0 100.0 
 280 1362629525     308152 2 8 40.0 100.0 
 279 1362629525     318168 2 8 40.0 100.0 
 278 1362629525     328174 2 8 40.0 100.0 
 279 1362629525     338170 2 8 40.0 100.0 
 279 1362629525     348190 2 8 40.0 100.0 
 279 1362629525     358200 2 8 40.0 100.0 
 279 1362629525     368218 2 8 40.0 100.0 
 279 1362629525     378166 2 8 40.0 100.0 
 280 1362629525     388219 2 8 40.0 100.0 
 280 1362629525     398238 2 8 40.0 100.0 
 279 1362629525     408178 2 8 40.0 100.0 
 279 1362629525     418247 2 8 40.0 100.0 
 279 1362629525     428195 2 8 40.0 100.0 
 279 1362629525     438246 2 8 40.0 100.0 
 279 1362629525     448258 2 8 40.0 100.0 
 279 1362629525     458275 2 8 40.0 100.0 
 280 1362629525     468224 2 8 40.0 100.0 
 279 1362629525     478243 2 8 40.0 100.0 
 279 1362629525     488237 2 8 40.0 100.0 
 279 1362629525     498253 2 8 40.0 100.0 
 280 1362629525     508267 2 8 40.0 100.0 
 279 1362629525     518286 2 8 40.0 100.0 
 279 1362629525     528285 2 8 40.0 100.0 
 279 1362629525     538276 2 8 40.0 100.0 
 280 1362629525     548276 2 8 40.0 100.0 
 280 1362629525     558295 2 8 40.0 100.0 
 279 1362629525     568322 2 8 40.0 100.0 
 279 1362629525     578294 2 8 40.0 100.0 
 280 1362629525     588345 2 8 40.0 100.0 
 279 1362629525     598346 2 8 40.0 100.0 
 278 1362629525     608342 2 8 40.0 100.0 
 280 1362629525     618365 2 8 40.0 100.0 
 279 1362629525     628385 2 8 40.0 100.0 
 279 1362629525     638372 2 8 40.0 100.0 
 279 1362629525     648377 2 8 40.0 100.0 
