 578 1362625108     266095 1 9 40.0 150.0 
 578 1362625108     276192 1 9 40.0 150.0 
 578 1362625108     286257 1 9 40.0 150.0 
 578 1362625108     296178 1 9 40.0 150.0 
 578 1362625108     306296 1 9 40.0 150.0 
 579 1362625108     316130 1 9 40.0 150.0 
 578 1362625108     326197 1 9 40.0 150.0 
 578 1362625108     336308 1 9 40.0 150.0 
 578 1362625108     346260 1 9 40.0 150.0 
 578 1362625108     356212 1 9 40.0 150.0 
 577 1362625108     366236 1 9 40.0 150.0 
 578 1362625108     376177 1 9 40.0 150.0 
 578 1362625108     386242 1 9 40.0 150.0 
 578 1362625108     396244 1 9 40.0 150.0 
 578 1362625108     406243 1 9 40.0 150.0 
 578 1362625108     416209 1 9 40.0 150.0 
 579 1362625108     426249 1 9 40.0 150.0 
 578 1362625108     436216 1 9 40.0 150.0 
 578 1362625108     446381 1 9 40.0 150.0 
 579 1362625108     456269 1 9 40.0 150.0 
 578 1362625108     466348 1 9 40.0 150.0 
 578 1362625108     476319 1 9 40.0 150.0 
 579 1362625108     486320 1 9 40.0 150.0 
 578 1362625108     496766 1 9 40.0 150.0 
 578 1362625108     506484 1 9 40.0 150.0 
 578 1362625108     516268 1 9 40.0 150.0 
 578 1362625108     526285 1 9 40.0 150.0 
 578 1362625108     536302 1 9 40.0 150.0 
 579 1362625108     546333 1 9 40.0 150.0 
 579 1362625108     556327 1 9 40.0 150.0 
 578 1362625108     566339 1 9 40.0 150.0 
 577 1362625108     576290 1 9 40.0 150.0 
 578 1362625108     586300 1 9 40.0 150.0 
 578 1362625108     596325 1 9 40.0 150.0 
 578 1362625108     606324 1 9 40.0 150.0 
 578 1362625108     616342 1 9 40.0 150.0 
 578 1362625108     626359 1 9 40.0 150.0 
 578 1362625108     636369 1 9 40.0 150.0 
 578 1362625108     646394 1 9 40.0 150.0 
 578 1362625108     656380 1 9 40.0 150.0 
 579 1362625108     666396 1 9 40.0 150.0 
 578 1362625108     676413 1 9 40.0 150.0 
 577 1362625108     686419 1 9 40.0 150.0 
 578 1362625108     696368 1 9 40.0 150.0 
 578 1362625108     706385 1 9 40.0 150.0 
 578 1362625108     716391 1 9 40.0 150.0 
 579 1362625108     726418 1 9 40.0 150.0 
 578 1362625108     736441 1 9 40.0 150.0 
 578 1362625108     746465 1 9 40.0 150.0 
 578 1362625108     756467 1 9 40.0 150.0 
 578 1362625108     766436 1 9 40.0 150.0 
 578 1362625108     776470 1 9 40.0 150.0 
 578 1362625108     786427 1 9 40.0 150.0 
 578 1362625108     796450 1 9 40.0 150.0 
 579 1362625108     806457 1 9 40.0 150.0 
 578 1362625108     816484 1 9 40.0 150.0 
 579 1362625108     826494 1 9 40.0 150.0 
 578 1362625108     836512 1 9 40.0 150.0 
 577 1362625108     846474 1 9 40.0 150.0 
 579 1362625108     856528 1 9 40.0 150.0 
 578 1362625108     866487 1 9 40.0 150.0 
 578 1362625108     876515 1 9 40.0 150.0 
 578 1362625108     886536 1 9 40.0 150.0 
 578 1362625108     896550 1 9 40.0 150.0 
 578 1362625108     906545 1 9 40.0 150.0 
 578 1362625108     916571 1 9 40.0 150.0 
 578 1362625108     926555 1 9 40.0 150.0 
 579 1362625108     936579 1 9 40.0 150.0 
 578 1362625108     946553 1 9 40.0 150.0 
 578 1362625108     956550 1 9 40.0 150.0 
 578 1362625108     966561 1 9 40.0 150.0 
 578 1362625108     976577 1 9 40.0 150.0 
 578 1362625108     986618 1 9 40.0 150.0 
 578 1362625108     996627 1 9 40.0 150.0 
 579 1362625109       6622 1 9 40.0 150.0 
 579 1362625109      16595 1 9 40.0 150.0 
 578 1362625109      26638 1 9 40.0 150.0 
 579 1362625109      36654 1 9 40.0 150.0 
 578 1362625109      46604 1 9 40.0 150.0 
 578 1362625109      56615 1 9 40.0 150.0 
 578 1362625109      66661 1 9 40.0 150.0 
 578 1362625109      76625 1 9 40.0 150.0 
 578 1362625109      86670 1 9 40.0 150.0 
 578 1362625109      96627 1 9 40.0 150.0 
 579 1362625109     106634 1 9 40.0 150.0 
 578 1362625109     116704 1 9 40.0 150.0 
 578 1362625109     126696 1 9 40.0 150.0 
 578 1362625109     136700 1 9 40.0 150.0 
 578 1362625109     146705 1 9 40.0 150.0 
 578 1362625109     156666 1 9 40.0 150.0 
 578 1362625109     166736 1 9 40.0 150.0 
 579 1362625109     176738 1 9 40.0 150.0 
 578 1362625109     186755 1 9 40.0 150.0 
 578 1362625109     196694 1 9 40.0 150.0 
 579 1362625109     206711 1 9 40.0 150.0 
 578 1362625109     216736 1 9 40.0 150.0 
 579 1362625109     226774 1 9 40.0 150.0 
 578 1362625109     236729 1 9 40.0 150.0 
 578 1362625109     246771 1 9 40.0 150.0 
 578 1362625109     256794 1 9 40.0 150.0 
