 279 1362630141     465792 3 4 40.0 50.0 
 279 1362630141     475793 3 4 40.0 50.0 
 279 1362630141     485834 3 4 40.0 50.0 
 279 1362630141     495811 3 4 40.0 50.0 
 279 1362630141     505823 3 4 40.0 50.0 
 279 1362630141     515831 3 4 40.0 50.0 
 279 1362630141     525828 3 4 40.0 50.0 
 279 1362630141     535853 3 4 40.0 50.0 
 279 1362630141     545885 3 4 40.0 50.0 
 279 1362630141     555852 3 4 40.0 50.0 
 278 1362630141     565894 3 4 40.0 50.0 
 280 1362630141     575860 3 4 40.0 50.0 
 280 1362630141     585876 3 4 40.0 50.0 
 279 1362630141     595906 3 4 40.0 50.0 
 279 1362630141     605935 3 4 40.0 50.0 
 278 1362630141     615903 3 4 40.0 50.0 
 279 1362630141     625934 3 4 40.0 50.0 
 279 1362630141     635929 3 4 40.0 50.0 
 279 1362630141     645954 3 4 40.0 50.0 
 279 1362630141     655911 3 4 40.0 50.0 
 279 1362630141     665948 3 4 40.0 50.0 
 280 1362630141     675974 3 4 40.0 50.0 
 280 1362630141     685953 3 4 40.0 50.0 
 279 1362630141     695971 3 4 40.0 50.0 
 279 1362630141     705948 3 4 40.0 50.0 
 279 1362630141     715972 3 4 40.0 50.0 
 280 1362630141     725995 3 4 40.0 50.0 
 279 1362630141     735963 3 4 40.0 50.0 
 279 1362630141     745980 3 4 40.0 50.0 
 279 1362630141     755985 3 4 40.0 50.0 
 279 1362630141     765980 3 4 40.0 50.0 
 279 1362630141     776003 3 4 40.0 50.0 
 279 1362630141     786026 3 4 40.0 50.0 
 279 1362630141     796057 3 4 40.0 50.0 
 280 1362630141     806016 3 4 40.0 50.0 
 279 1362630141     816022 3 4 40.0 50.0 
 279 1362630141     826065 3 4 40.0 50.0 
 279 1362630141     836084 3 4 40.0 50.0 
 279 1362630141     846042 3 4 40.0 50.0 
 279 1362630141     856054 3 4 40.0 50.0 
 279 1362630141     866091 3 4 40.0 50.0 
 279 1362630141     876053 3 4 40.0 50.0 
 279 1362630141     886059 3 4 40.0 50.0 
 279 1362630141     896083 3 4 40.0 50.0 
 280 1362630141     906094 3 4 40.0 50.0 
 279 1362630141     916125 3 4 40.0 50.0 
 279 1362630141     926148 3 4 40.0 50.0 
 278 1362630141     936090 3 4 40.0 50.0 
 280 1362630141     946111 3 4 40.0 50.0 
 279 1362630141     956128 3 4 40.0 50.0 
 279 1362630141     966144 3 4 40.0 50.0 
 279 1362630141     976146 3 4 40.0 50.0 
 278 1362630141     986163 3 4 40.0 50.0 
 279 1362630141     996186 3 4 40.0 50.0 
 279 1362630142       6138 3 4 40.0 50.0 
 279 1362630142      16165 3 4 40.0 50.0 
 279 1362630142      26183 3 4 40.0 50.0 
 279 1362630142      36203 3 4 40.0 50.0 
 279 1362630142      46217 3 4 40.0 50.0 
 279 1362630142      56178 3 4 40.0 50.0 
 279 1362630142      66202 3 4 40.0 50.0 
 279 1362630142      76220 3 4 40.0 50.0 
 279 1362630142      86236 3 4 40.0 50.0 
 280 1362630142      96250 3 4 40.0 50.0 
 279 1362630142     106265 3 4 40.0 50.0 
 279 1362630142     116221 3 4 40.0 50.0 
 278 1362630142     126229 3 4 40.0 50.0 
 279 1362630142     136262 3 4 40.0 50.0 
 279 1362630142     146236 3 4 40.0 50.0 
 279 1362630142     156258 3 4 40.0 50.0 
 279 1362630142     166256 3 4 40.0 50.0 
 279 1362630142     176276 3 4 40.0 50.0 
 279 1362630142     186302 3 4 40.0 50.0 
 279 1362630142     196274 3 4 40.0 50.0 
 279 1362630142     206321 3 4 40.0 50.0 
 279 1362630142     216279 3 4 40.0 50.0 
 279 1362630142     226303 3 4 40.0 50.0 
 280 1362630142     236318 3 4 40.0 50.0 
 279 1362630142     246336 3 4 40.0 50.0 
 280 1362630142     256358 3 4 40.0 50.0 
 279 1362630142     266314 3 4 40.0 50.0 
 279 1362630142     276335 3 4 40.0 50.0 
 280 1362630142     286363 3 4 40.0 50.0 
 279 1362630142     296379 3 4 40.0 50.0 
 279 1362630142     306378 3 4 40.0 50.0 
 279 1362630142     316395 3 4 40.0 50.0 
 280 1362630142     326412 3 4 40.0 50.0 
 279 1362630142     336371 3 4 40.0 50.0 
 279 1362630142     346409 3 4 40.0 50.0 
 278 1362630142     356436 3 4 40.0 50.0 
 279 1362630142     366401 3 4 40.0 50.0 
 279 1362630142     376406 3 4 40.0 50.0 
 279 1362630142     386440 3 4 40.0 50.0 
 279 1362630142     396397 3 4 40.0 50.0 
 279 1362630142     406435 3 4 40.0 50.0 
 279 1362630142     416460 3 4 40.0 50.0 
 280 1362630142     426473 3 4 40.0 50.0 
 279 1362630142     436488 3 4 40.0 50.0 
 278 1362630142     446452 3 4 40.0 50.0 
 279 1362630142     456476 3 4 40.0 50.0 
