 440 1362624699     686076 1 4 40.0 100.0 
 439 1362624699     696049 1 4 40.0 100.0 
 438 1362624699     706050 1 4 40.0 100.0 
 439 1362624699     716119 1 4 40.0 100.0 
 439 1362624699     726093 1 4 40.0 100.0 
 440 1362624699     736136 1 4 40.0 100.0 
 439 1362624699     746102 1 4 40.0 100.0 
 439 1362624699     756146 1 4 40.0 100.0 
 439 1362624699     766125 1 4 40.0 100.0 
 439 1362624699     776117 1 4 40.0 100.0 
 439 1362624699     786169 1 4 40.0 100.0 
 439 1362624699     796131 1 4 40.0 100.0 
 439 1362624699     806119 1 4 40.0 100.0 
 440 1362624699     816157 1 4 40.0 100.0 
 439 1362624699     826192 1 4 40.0 100.0 
 439 1362624699     836165 1 4 40.0 100.0 
 439 1362624699     846209 1 4 40.0 100.0 
 439 1362624699     856190 1 4 40.0 100.0 
 439 1362624699     866163 1 4 40.0 100.0 
 439 1362624699     876201 1 4 40.0 100.0 
 440 1362624699     886170 1 4 40.0 100.0 
 439 1362624699     896213 1 4 40.0 100.0 
 439 1362624699     906200 1 4 40.0 100.0 
 440 1362624699     916254 1 4 40.0 100.0 
 440 1362624699     926219 1 4 40.0 100.0 
 439 1362624699     936270 1 4 40.0 100.0 
 439 1362624699     946246 1 4 40.0 100.0 
 439 1362624699     956226 1 4 40.0 100.0 
 440 1362624699     966273 1 4 40.0 100.0 
 439 1362624699     976243 1 4 40.0 100.0 
 440 1362624699     986291 1 4 40.0 100.0 
 439 1362624699     996261 1 4 40.0 100.0 
 440 1362624700       6318 1 4 40.0 100.0 
 439 1362624700      16281 1 4 40.0 100.0 
 439 1362624700      26267 1 4 40.0 100.0 
 440 1362624700      36316 1 4 40.0 100.0 
 439 1362624700      46293 1 4 40.0 100.0 
 439 1362624700      56317 1 4 40.0 100.0 
 439 1362624700      66332 1 4 40.0 100.0 
 439 1362624700      76364 1 4 40.0 100.0 
 440 1362624700      86327 1 4 40.0 100.0 
 439 1362624700      96349 1 4 40.0 100.0 
 439 1362624700     106355 1 4 40.0 100.0 
 440 1362624700     116324 1 4 40.0 100.0 
 439 1362624700     126337 1 4 40.0 100.0 
 439 1362624700     136376 1 4 40.0 100.0 
 439 1362624700     146379 1 4 40.0 100.0 
 439 1362624700     156406 1 4 40.0 100.0 
 439 1362624700     166424 1 4 40.0 100.0 
 440 1362624700     176382 1 4 40.0 100.0 
 440 1362624700     186368 1 4 40.0 100.0 
 440 1362624700     196443 1 4 40.0 100.0 
 439 1362624700     206384 1 4 40.0 100.0 
 440 1362624700     216413 1 4 40.0 100.0 
 439 1362624700     226440 1 4 40.0 100.0 
 439 1362624700     236457 1 4 40.0 100.0 
 439 1362624700     246471 1 4 40.0 100.0 
 439 1362624700     256485 1 4 40.0 100.0 
 439 1362624700     266430 1 4 40.0 100.0 
 439 1362624700     276449 1 4 40.0 100.0 
 440 1362624700     286480 1 4 40.0 100.0 
 439 1362624700     296466 1 4 40.0 100.0 
 439 1362624700     306470 1 4 40.0 100.0 
 440 1362624700     316489 1 4 40.0 100.0 
 439 1362624700     326461 1 4 40.0 100.0 
 439 1362624700     336501 1 4 40.0 100.0 
 439 1362624700     346513 1 4 40.0 100.0 
 439 1362624700     356527 1 4 40.0 100.0 
 439 1362624700     366555 1 4 40.0 100.0 
 439 1362624700     376496 1 4 40.0 100.0 
 440 1362624700     386508 1 4 40.0 100.0 
 440 1362624700     396523 1 4 40.0 100.0 
 439 1362624700     406542 1 4 40.0 100.0 
 440 1362624700     416575 1 4 40.0 100.0 
 440 1362624700     426528 1 4 40.0 100.0 
 441 1362624700     436572 1 4 40.0 100.0 
 439 1362624700     446582 1 4 40.0 100.0 
 438 1362624700     456608 1 4 40.0 100.0 
 440 1362624700     466567 1 4 40.0 100.0 
 439 1362624700     476587 1 4 40.0 100.0 
 439 1362624700     486622 1 4 40.0 100.0 
 439 1362624700     496639 1 4 40.0 100.0 
 440 1362624700     506599 1 4 40.0 100.0 
 441 1362624700     516631 1 4 40.0 100.0 
 439 1362624700     526655 1 4 40.0 100.0 
 440 1362624700     536617 1 4 40.0 100.0 
 440 1362624700     546643 1 4 40.0 100.0 
 439 1362624700     556661 1 4 40.0 100.0 
 439 1362624700     566677 1 4 40.0 100.0 
 439 1362624700     576630 1 4 40.0 100.0 
 440 1362624700     586645 1 4 40.0 100.0 
 438 1362624700     596663 1 4 40.0 100.0 
 439 1362624700     606683 1 4 40.0 100.0 
 439 1362624700     616710 1 4 40.0 100.0 
 440 1362624700     626667 1 4 40.0 100.0 
 439 1362624700     636707 1 4 40.0 100.0 
 439 1362624700     646742 1 4 40.0 100.0 
 439 1362624700     656684 1 4 40.0 100.0 
 440 1362624700     666713 1 4 40.0 100.0 
 439 1362624700     676731 1 4 40.0 100.0 
