 720 1362629275     713044 2 4 40.0 150.0 
 719 1362629275     723027 2 4 40.0 150.0 
 720 1362629275     733022 2 4 40.0 150.0 
 719 1362629275     742993 2 4 40.0 150.0 
 720 1362629275     753033 2 4 40.0 150.0 
 719 1362629275     763037 2 4 40.0 150.0 
 720 1362629275     773068 2 4 40.0 150.0 
 720 1362629275     783040 2 4 40.0 150.0 
 719 1362629275     793069 2 4 40.0 150.0 
 719 1362629275     803092 2 4 40.0 150.0 
 720 1362629275     813054 2 4 40.0 150.0 
 720 1362629275     823086 2 4 40.0 150.0 
 720 1362629275     833091 2 4 40.0 150.0 
 719 1362629275     843059 2 4 40.0 150.0 
 720 1362629275     853074 2 4 40.0 150.0 
 721 1362629275     863118 2 4 40.0 150.0 
 719 1362629275     873135 2 4 40.0 150.0 
 720 1362629275     883136 2 4 40.0 150.0 
 720 1362629275     893152 2 4 40.0 150.0 
 720 1362629275     903115 2 4 40.0 150.0 
 720 1362629275     913137 2 4 40.0 150.0 
 719 1362629275     923111 2 4 40.0 150.0 
 720 1362629275     933137 2 4 40.0 150.0 
 720 1362629275     943170 2 4 40.0 150.0 
 720 1362629275     953126 2 4 40.0 150.0 
 720 1362629275     963137 2 4 40.0 150.0 
 721 1362629275     973177 2 4 40.0 150.0 
 720 1362629275     983176 2 4 40.0 150.0 
 720 1362629275     993215 2 4 40.0 150.0 
 721 1362629276       3160 2 4 40.0 150.0 
 720 1362629276      13184 2 4 40.0 150.0 
 719 1362629276      23214 2 4 40.0 150.0 
 719 1362629276      33234 2 4 40.0 150.0 
 721 1362629276      43204 2 4 40.0 150.0 
 720 1362629276      53222 2 4 40.0 150.0 
 720 1362629276      63230 2 4 40.0 150.0 
 719 1362629276      73236 2 4 40.0 150.0 
 721 1362629276      83254 2 4 40.0 150.0 
 720 1362629276      93272 2 4 40.0 150.0 
 719 1362629276     103295 2 4 40.0 150.0 
 720 1362629276     113242 2 4 40.0 150.0 
 719 1362629276     123271 2 4 40.0 150.0 
 719 1362629276     133276 2 4 40.0 150.0 
 720 1362629276     143297 2 4 40.0 150.0 
 720 1362629276     153268 2 4 40.0 150.0 
 720 1362629276     163278 2 4 40.0 150.0 
 719 1362629276     173318 2 4 40.0 150.0 
 720 1362629276     183320 2 4 40.0 150.0 
 721 1362629276     193349 2 4 40.0 150.0 
 720 1362629276     203296 2 4 40.0 150.0 
 719 1362629276     213317 2 4 40.0 150.0 
 720 1362629276     223365 2 4 40.0 150.0 
 720 1362629276     233355 2 4 40.0 150.0 
 720 1362629276     243326 2 4 40.0 150.0 
 720 1362629276     253390 2 4 40.0 150.0 
 720 1362629276     263346 2 4 40.0 150.0 
 720 1362629276     273390 2 4 40.0 150.0 
 720 1362629276     283390 2 4 40.0 150.0 
 719 1362629276     293417 2 4 40.0 150.0 
 720 1362629276     303361 2 4 40.0 150.0 
 720 1362629276     313386 2 4 40.0 150.0 
 720 1362629276     323385 2 4 40.0 150.0 
 719 1362629276     333377 2 4 40.0 150.0 
 719 1362629276     343408 2 4 40.0 150.0 
 720 1362629276     353425 2 4 40.0 150.0 
 720 1362629276     363448 2 4 40.0 150.0 
 720 1362629276     373406 2 4 40.0 150.0 
 720 1362629276     383434 2 4 40.0 150.0 
 720 1362629276     393447 2 4 40.0 150.0 
 720 1362629276     403465 2 4 40.0 150.0 
 720 1362629276     413478 2 4 40.0 150.0 
 720 1362629276     423439 2 4 40.0 150.0 
 721 1362629276     433490 2 4 40.0 150.0 
 720 1362629276     443505 2 4 40.0 150.0 
 720 1362629276     453505 2 4 40.0 150.0 
 720 1362629276     463473 2 4 40.0 150.0 
 721 1362629276     473494 2 4 40.0 150.0 
 720 1362629276     483500 2 4 40.0 150.0 
 720 1362629276     493501 2 4 40.0 150.0 
 719 1362629276     503493 2 4 40.0 150.0 
 721 1362629276     513521 2 4 40.0 150.0 
 720 1362629276     523530 2 4 40.0 150.0 
 720 1362629276     533528 2 4 40.0 150.0 
 720 1362629276     543558 2 4 40.0 150.0 
 720 1362629276     553566 2 4 40.0 150.0 
 720 1362629276     563593 2 4 40.0 150.0 
 719 1362629276     573544 2 4 40.0 150.0 
 720 1362629276     583552 2 4 40.0 150.0 
 720 1362629276     593576 2 4 40.0 150.0 
 719 1362629276     603606 2 4 40.0 150.0 
 720 1362629276     613619 2 4 40.0 150.0 
 721 1362629276     623573 2 4 40.0 150.0 
 720 1362629276     633622 2 4 40.0 150.0 
 719 1362629276     643647 2 4 40.0 150.0 
 720 1362629276     653615 2 4 40.0 150.0 
 720 1362629276     663628 2 4 40.0 150.0 
 720 1362629276     673662 2 4 40.0 150.0 
 719 1362629276     683659 2 4 40.0 150.0 
 720 1362629276     693628 2 4 40.0 150.0 
 720 1362629276     703650 2 4 40.0 150.0 
