 280 1362630439     102733 3 6 40.0 50.0 
 280 1362630439     112759 3 6 40.0 50.0 
 280 1362630439     122755 3 6 40.0 50.0 
 280 1362630439     132762 3 6 40.0 50.0 
 279 1362630439     142749 3 6 40.0 50.0 
 280 1362630439     152762 3 6 40.0 50.0 
 280 1362630439     162812 3 6 40.0 50.0 
 280 1362630439     172781 3 6 40.0 50.0 
 280 1362630439     182830 3 6 40.0 50.0 
 279 1362630439     192820 3 6 40.0 50.0 
 280 1362630439     202832 3 6 40.0 50.0 
 280 1362630439     212840 3 6 40.0 50.0 
 279 1362630439     222840 3 6 40.0 50.0 
 279 1362630439     232835 3 6 40.0 50.0 
 280 1362630439     242843 3 6 40.0 50.0 
 280 1362630439     252831 3 6 40.0 50.0 
 280 1362630439     262843 3 6 40.0 50.0 
 279 1362630439     272833 3 6 40.0 50.0 
 279 1362630439     282853 3 6 40.0 50.0 
 280 1362630439     292859 3 6 40.0 50.0 
 280 1362630439     302880 3 6 40.0 50.0 
 280 1362630439     312886 3 6 40.0 50.0 
 280 1362630439     322885 3 6 40.0 50.0 
 279 1362630439     332872 3 6 40.0 50.0 
 280 1362630439     342889 3 6 40.0 50.0 
 280 1362630439     352892 3 6 40.0 50.0 
 280 1362630439     362889 3 6 40.0 50.0 
 279 1362630439     372952 3 6 40.0 50.0 
 279 1362630439     382957 3 6 40.0 50.0 
 280 1362630439     392951 3 6 40.0 50.0 
 280 1362630439     402952 3 6 40.0 50.0 
 280 1362630439     412965 3 6 40.0 50.0 
 280 1362630439     422935 3 6 40.0 50.0 
 279 1362630439     432949 3 6 40.0 50.0 
 280 1362630439     442957 3 6 40.0 50.0 
 280 1362630439     452973 3 6 40.0 50.0 
 280 1362630439     462971 3 6 40.0 50.0 
 280 1362630439     472965 3 6 40.0 50.0 
 280 1362630439     482985 3 6 40.0 50.0 
 279 1362630439     492983 3 6 40.0 50.0 
 280 1362630439     502995 3 6 40.0 50.0 
 279 1362630439     513011 3 6 40.0 50.0 
 280 1362630439     522996 3 6 40.0 50.0 
 280 1362630439     533003 3 6 40.0 50.0 
 280 1362630439     543010 3 6 40.0 50.0 
 280 1362630439     553012 3 6 40.0 50.0 
 280 1362630439     563024 3 6 40.0 50.0 
 279 1362630439     573043 3 6 40.0 50.0 
 279 1362630439     583037 3 6 40.0 50.0 
 280 1362630439     593103 3 6 40.0 50.0 
 280 1362630439     603047 3 6 40.0 50.0 
 280 1362630439     613046 3 6 40.0 50.0 
 280 1362630439     623108 3 6 40.0 50.0 
 279 1362630439     633103 3 6 40.0 50.0 
 280 1362630439     643099 3 6 40.0 50.0 
 280 1362630439     653102 3 6 40.0 50.0 
 280 1362630439     663098 3 6 40.0 50.0 
 280 1362630439     673095 3 6 40.0 50.0 
 280 1362630439     683096 3 6 40.0 50.0 
 280 1362630439     693159 3 6 40.0 50.0 
 280 1362630439     703159 3 6 40.0 50.0 
 279 1362630439     713125 3 6 40.0 50.0 
 280 1362630439     723138 3 6 40.0 50.0 
 280 1362630439     733189 3 6 40.0 50.0 
 280 1362630439     743191 3 6 40.0 50.0 
 280 1362630439     753190 3 6 40.0 50.0 
 280 1362630439     763185 3 6 40.0 50.0 
 280 1362630439     773163 3 6 40.0 50.0 
 280 1362630439     783188 3 6 40.0 50.0 
 280 1362630439     793199 3 6 40.0 50.0 
 280 1362630439     803210 3 6 40.0 50.0 
 279 1362630439     813231 3 6 40.0 50.0 
 280 1362630439     823240 3 6 40.0 50.0 
 280 1362630439     833234 3 6 40.0 50.0 
 280 1362630439     843231 3 6 40.0 50.0 
 279 1362630439     853244 3 6 40.0 50.0 
 280 1362630439     863242 3 6 40.0 50.0 
 280 1362630439     873225 3 6 40.0 50.0 
 279 1362630439     883240 3 6 40.0 50.0 
 280 1362630439     893239 3 6 40.0 50.0 
 279 1362630439     903274 3 6 40.0 50.0 
 280 1362630439     913276 3 6 40.0 50.0 
 280 1362630439     923271 3 6 40.0 50.0 
 280 1362630439     933275 3 6 40.0 50.0 
 280 1362630439     943273 3 6 40.0 50.0 
 280 1362630439     953341 3 6 40.0 50.0 
 280 1362630439     963280 3 6 40.0 50.0 
 280 1362630439     973352 3 6 40.0 50.0 
 280 1362630439     983299 3 6 40.0 50.0 
 279 1362630439     993362 3 6 40.0 50.0 
 280 1362630440       3370 3 6 40.0 50.0 
 280 1362630440      13365 3 6 40.0 50.0 
 280 1362630440      23362 3 6 40.0 50.0 
 280 1362630440      33374 3 6 40.0 50.0 
 280 1362630440      43363 3 6 40.0 50.0 
 279 1362630440      53374 3 6 40.0 50.0 
 280 1362630440      63388 3 6 40.0 50.0 
 280 1362630440      73376 3 6 40.0 50.0 
 280 1362630440      83391 3 6 40.0 50.0 
 280 1362630440      93393 3 6 40.0 50.0 
