 278 1362629692       8471 2 10 40.0 100.0 
 279 1362629692      18437 2 10 40.0 100.0 
 279 1362629692      28453 2 10 40.0 100.0 
 278 1362629692      38452 2 10 40.0 100.0 
 279 1362629692      48447 2 10 40.0 100.0 
 279 1362629692      58485 2 10 40.0 100.0 
 279 1362629692      68485 2 10 40.0 100.0 
 279 1362629692      78473 2 10 40.0 100.0 
 277 1362629692      88522 2 10 40.0 100.0 
 279 1362629692      98498 2 10 40.0 100.0 
 279 1362629692     108489 2 10 40.0 100.0 
 279 1362629692     118484 2 10 40.0 100.0 
 278 1362629692     128554 2 10 40.0 100.0 
 278 1362629692     138532 2 10 40.0 100.0 
 279 1362629692     148520 2 10 40.0 100.0 
 279 1362629692     158559 2 10 40.0 100.0 
 279 1362629692     168559 2 10 40.0 100.0 
 278 1362629692     178534 2 10 40.0 100.0 
 279 1362629692     188590 2 10 40.0 100.0 
 279 1362629692     198575 2 10 40.0 100.0 
 279 1362629692     208556 2 10 40.0 100.0 
 279 1362629692     218614 2 10 40.0 100.0 
 279 1362629692     228553 2 10 40.0 100.0 
 279 1362629692     238618 2 10 40.0 100.0 
 279 1362629692     248594 2 10 40.0 100.0 
 278 1362629692     258628 2 10 40.0 100.0 
 279 1362629692     268631 2 10 40.0 100.0 
 279 1362629692     278613 2 10 40.0 100.0 
 279 1362629692     288661 2 10 40.0 100.0 
 278 1362629692     298630 2 10 40.0 100.0 
 278 1362629692     308672 2 10 40.0 100.0 
 279 1362629692     318660 2 10 40.0 100.0 
 279 1362629692     328636 2 10 40.0 100.0 
 278 1362629692     338688 2 10 40.0 100.0 
 278 1362629692     348660 2 10 40.0 100.0 
 278 1362629692     358677 2 10 40.0 100.0 
 279 1362629692     368675 2 10 40.0 100.0 
 278 1362629692     378659 2 10 40.0 100.0 
 279 1362629692     388711 2 10 40.0 100.0 
 278 1362629692     398695 2 10 40.0 100.0 
 279 1362629692     408724 2 10 40.0 100.0 
 278 1362629692     418717 2 10 40.0 100.0 
 278 1362629692     428689 2 10 40.0 100.0 
 278 1362629692     438734 2 10 40.0 100.0 
 278 1362629692     448731 2 10 40.0 100.0 
 279 1362629692     458710 2 10 40.0 100.0 
 278 1362629692     468766 2 10 40.0 100.0 
 278 1362629692     478735 2 10 40.0 100.0 
 278 1362629692     488777 2 10 40.0 100.0 
 279 1362629692     498747 2 10 40.0 100.0 
 279 1362629692     508802 2 10 40.0 100.0 
 279 1362629692     518792 2 10 40.0 100.0 
 279 1362629692     528760 2 10 40.0 100.0 
 279 1362629692     538814 2 10 40.0 100.0 
 279 1362629692     548793 2 10 40.0 100.0 
 278 1362629692     558834 2 10 40.0 100.0 
 279 1362629692     568816 2 10 40.0 100.0 
 279 1362629692     578786 2 10 40.0 100.0 
 279 1362629692     588840 2 10 40.0 100.0 
 279 1362629692     598818 2 10 40.0 100.0 
 278 1362629692     608861 2 10 40.0 100.0 
 279 1362629692     618820 2 10 40.0 100.0 
 279 1362629692     628874 2 10 40.0 100.0 
 279 1362629692     638857 2 10 40.0 100.0 
 278 1362629692     648850 2 10 40.0 100.0 
 279 1362629692     658892 2 10 40.0 100.0 
 280 1362629692     668883 2 10 40.0 100.0 
 278 1362629692     678864 2 10 40.0 100.0 
 278 1362629692     688900 2 10 40.0 100.0 
 279 1362629692     698891 2 10 40.0 100.0 
 279 1362629692     708881 2 10 40.0 100.0 
 279 1362629692     718942 2 10 40.0 100.0 
 278 1362629692     728914 2 10 40.0 100.0 
 279 1362629692     738918 2 10 40.0 100.0 
 278 1362629692     748920 2 10 40.0 100.0 
 279 1362629692     758971 2 10 40.0 100.0 
 278 1362629692     768946 2 10 40.0 100.0 
 278 1362629692     778931 2 10 40.0 100.0 
 279 1362629692     788991 2 10 40.0 100.0 
 279 1362629692     798979 2 10 40.0 100.0 
 278 1362629692     808984 2 10 40.0 100.0 
 278 1362629692     818970 2 10 40.0 100.0 
 279 1362629692     829017 2 10 40.0 100.0 
 279 1362629692     838991 2 10 40.0 100.0 
 278 1362629692     848978 2 10 40.0 100.0 
 278 1362629692     859012 2 10 40.0 100.0 
 279 1362629692     869013 2 10 40.0 100.0 
 278 1362629692     879006 2 10 40.0 100.0 
 278 1362629692     888989 2 10 40.0 100.0 
 279 1362629692     899037 2 10 40.0 100.0 
 277 1362629692     909006 2 10 40.0 100.0 
 280 1362629692     919046 2 10 40.0 100.0 
 279 1362629692     929031 2 10 40.0 100.0 
 278 1362629692     939023 2 10 40.0 100.0 
 278 1362629692     949077 2 10 40.0 100.0 
 278 1362629692     959050 2 10 40.0 100.0 
 280 1362629692     969101 2 10 40.0 100.0 
 279 1362629692     979088 2 10 40.0 100.0 
 278 1362629692     989076 2 10 40.0 100.0 
 279 1362629692     999082 2 10 40.0 100.0 
