 603 1362630416      17601 3 6 40.0 150.0 
 603 1362630416      27499 3 6 40.0 150.0 
 604 1362630416      37580 3 6 40.0 150.0 
 603 1362630416      47550 3 6 40.0 150.0 
 603 1362630416      57599 3 6 40.0 150.0 
 603 1362630416      67489 3 6 40.0 150.0 
 604 1362630416      77586 3 6 40.0 150.0 
 603 1362630416      87501 3 6 40.0 150.0 
 603 1362630416      97660 3 6 40.0 150.0 
 604 1362630416     107521 3 6 40.0 150.0 
 603 1362630416     117638 3 6 40.0 150.0 
 603 1362630416     127579 3 6 40.0 150.0 
 604 1362630416     137696 3 6 40.0 150.0 
 603 1362630416     147683 3 6 40.0 150.0 
 603 1362630416     157599 3 6 40.0 150.0 
 604 1362630416     167540 3 6 40.0 150.0 
 602 1362630416     177549 3 6 40.0 150.0 
 603 1362630416     187615 3 6 40.0 150.0 
 603 1362630416     197613 3 6 40.0 150.0 
 603 1362630416     207618 3 6 40.0 150.0 
 604 1362630416     217618 3 6 40.0 150.0 
 603 1362630416     227620 3 6 40.0 150.0 
 602 1362630416     237626 3 6 40.0 150.0 
 603 1362630416     247648 3 6 40.0 150.0 
 604 1362630416     257659 3 6 40.0 150.0 
 604 1362630416     267658 3 6 40.0 150.0 
 604 1362630416     277657 3 6 40.0 150.0 
 603 1362630416     287673 3 6 40.0 150.0 
 604 1362630416     297623 3 6 40.0 150.0 
 603 1362630416     307636 3 6 40.0 150.0 
 604 1362630416     317642 3 6 40.0 150.0 
 604 1362630416     327670 3 6 40.0 150.0 
 604 1362630416     337696 3 6 40.0 150.0 
 603 1362630416     347693 3 6 40.0 150.0 
 604 1362630416     357690 3 6 40.0 150.0 
 603 1362630416     367698 3 6 40.0 150.0 
 603 1362630416     377723 3 6 40.0 150.0 
 603 1362630416     387742 3 6 40.0 150.0 
 603 1362630416     397719 3 6 40.0 150.0 
 604 1362630416     407718 3 6 40.0 150.0 
 603 1362630416     417730 3 6 40.0 150.0 
 603 1362630416     427747 3 6 40.0 150.0 
 603 1362630416     437764 3 6 40.0 150.0 
 603 1362630416     447772 3 6 40.0 150.0 
 603 1362630416     457780 3 6 40.0 150.0 
 604 1362630416     467763 3 6 40.0 150.0 
 603 1362630416     477767 3 6 40.0 150.0 
 603 1362630416     487788 3 6 40.0 150.0 
 604 1362630416     497800 3 6 40.0 150.0 
 604 1362630416     507806 3 6 40.0 150.0 
 603 1362630416     517815 3 6 40.0 150.0 
 604 1362630416     527816 3 6 40.0 150.0 
 604 1362630416     537822 3 6 40.0 150.0 
 603 1362630416     547828 3 6 40.0 150.0 
 603 1362630416     557825 3 6 40.0 150.0 
 602 1362630416     567822 3 6 40.0 150.0 
 604 1362630416     577826 3 6 40.0 150.0 
 603 1362630416     587834 3 6 40.0 150.0 
 603 1362630416     597832 3 6 40.0 150.0 
 604 1362630416     607891 3 6 40.0 150.0 
 603 1362630416     617891 3 6 40.0 150.0 
 603 1362630416     627900 3 6 40.0 150.0 
 604 1362630416     637887 3 6 40.0 150.0 
 604 1362630416     647897 3 6 40.0 150.0 
 603 1362630416     657909 3 6 40.0 150.0 
 604 1362630416     667898 3 6 40.0 150.0 
 603 1362630416     677905 3 6 40.0 150.0 
 603 1362630416     687902 3 6 40.0 150.0 
 603 1362630416     697913 3 6 40.0 150.0 
 603 1362630416     707930 3 6 40.0 150.0 
 603 1362630416     717938 3 6 40.0 150.0 
 603 1362630416     727953 3 6 40.0 150.0 
 603 1362630416     737937 3 6 40.0 150.0 
 602 1362630416     747963 3 6 40.0 150.0 
 603 1362630416     757974 3 6 40.0 150.0 
 603 1362630416     767972 3 6 40.0 150.0 
 603 1362630416     777985 3 6 40.0 150.0 
 603 1362630416     787991 3 6 40.0 150.0 
 602 1362630416     797993 3 6 40.0 150.0 
 604 1362630416     807991 3 6 40.0 150.0 
 604 1362630416     817999 3 6 40.0 150.0 
 603 1362630416     827996 3 6 40.0 150.0 
 603 1362630416     837996 3 6 40.0 150.0 
 602 1362630416     847998 3 6 40.0 150.0 
 604 1362630416     858011 3 6 40.0 150.0 
 603 1362630416     868013 3 6 40.0 150.0 
 603 1362630416     878011 3 6 40.0 150.0 
 604 1362630416     888018 3 6 40.0 150.0 
 602 1362630416     898039 3 6 40.0 150.0 
 604 1362630416     908047 3 6 40.0 150.0 
 604 1362630416     918042 3 6 40.0 150.0 
 602 1362630416     928051 3 6 40.0 150.0 
 603 1362630416     938054 3 6 40.0 150.0 
 604 1362630416     948052 3 6 40.0 150.0 
 603 1362630416     958060 3 6 40.0 150.0 
 604 1362630416     968101 3 6 40.0 150.0 
 604 1362630416     978121 3 6 40.0 150.0 
 603 1362630416     988110 3 6 40.0 150.0 
 603 1362630416     998085 3 6 40.0 150.0 
 604 1362630417       8086 3 6 40.0 150.0 
