 666 1362629073     569247 2 0 40.0 150.0 
 665 1362629073     579264 2 0 40.0 150.0 
 665 1362629073     589241 2 0 40.0 150.0 
 666 1362629073     599276 2 0 40.0 150.0 
 665 1362629073     609241 2 0 40.0 150.0 
 665 1362629073     619270 2 0 40.0 150.0 
 666 1362629073     629294 2 0 40.0 150.0 
 666 1362629073     639327 2 0 40.0 150.0 
 666 1362629073     649285 2 0 40.0 150.0 
 664 1362629073     659318 2 0 40.0 150.0 
 665 1362629073     669337 2 0 40.0 150.0 
 666 1362629073     679352 2 0 40.0 150.0 
 665 1362629073     689323 2 0 40.0 150.0 
 666 1362629073     699354 2 0 40.0 150.0 
 665 1362629073     709370 2 0 40.0 150.0 
 665 1362629073     719321 2 0 40.0 150.0 
 665 1362629073     729328 2 0 40.0 150.0 
 666 1362629073     739342 2 0 40.0 150.0 
 666 1362629073     749365 2 0 40.0 150.0 
 666 1362629073     759392 2 0 40.0 150.0 
 665 1362629073     769394 2 0 40.0 150.0 
 666 1362629073     779420 2 0 40.0 150.0 
 665 1362629073     789390 2 0 40.0 150.0 
 665 1362629073     799419 2 0 40.0 150.0 
 665 1362629073     809439 2 0 40.0 150.0 
 665 1362629073     819405 2 0 40.0 150.0 
 665 1362629073     829438 2 0 40.0 150.0 
 665 1362629073     839399 2 0 40.0 150.0 
 666 1362629073     849424 2 0 40.0 150.0 
 665 1362629073     859449 2 0 40.0 150.0 
 665 1362629073     869473 2 0 40.0 150.0 
 666 1362629073     879433 2 0 40.0 150.0 
 665 1362629073     889449 2 0 40.0 150.0 
 665 1362629073     899475 2 0 40.0 150.0 
 666 1362629073     909497 2 0 40.0 150.0 
 665 1362629073     919466 2 0 40.0 150.0 
 664 1362629073     929495 2 0 40.0 150.0 
 665 1362629073     939524 2 0 40.0 150.0 
 666 1362629073     949470 2 0 40.0 150.0 
 666 1362629073     959480 2 0 40.0 150.0 
 665 1362629073     969502 2 0 40.0 150.0 
 666 1362629073     979522 2 0 40.0 150.0 
 665 1362629073     989545 2 0 40.0 150.0 
 666 1362629073     999504 2 0 40.0 150.0 
 665 1362629074       9516 2 0 40.0 150.0 
 666 1362629074      19530 2 0 40.0 150.0 
 665 1362629074      29564 2 0 40.0 150.0 
 666 1362629074      39566 2 0 40.0 150.0 
 665 1362629074      49574 2 0 40.0 150.0 
 665 1362629074      59596 2 0 40.0 150.0 
 665 1362629074      69558 2 0 40.0 150.0 
 665 1362629074      79585 2 0 40.0 150.0 
 665 1362629074      89596 2 0 40.0 150.0 
 666 1362629074      99627 2 0 40.0 150.0 
 666 1362629074     109580 2 0 40.0 150.0 
 664 1362629074     119597 2 0 40.0 150.0 
 665 1362629074     129615 2 0 40.0 150.0 
 666 1362629074     139650 2 0 40.0 150.0 
 665 1362629074     149604 2 0 40.0 150.0 
 665 1362629074     159618 2 0 40.0 150.0 
 666 1362629074     169646 2 0 40.0 150.0 
 665 1362629074     179666 2 0 40.0 150.0 
 666 1362629074     189689 2 0 40.0 150.0 
 666 1362629074     199639 2 0 40.0 150.0 
 666 1362629074     209667 2 0 40.0 150.0 
 665 1362629074     219679 2 0 40.0 150.0 
 666 1362629074     229679 2 0 40.0 150.0 
 666 1362629074     239696 2 0 40.0 150.0 
 666 1362629074     249710 2 0 40.0 150.0 
 665 1362629074     259723 2 0 40.0 150.0 
 665 1362629074     269744 2 0 40.0 150.0 
 665 1362629074     279700 2 0 40.0 150.0 
 666 1362629074     289732 2 0 40.0 150.0 
 665 1362629074     299762 2 0 40.0 150.0 
 666 1362629074     309709 2 0 40.0 150.0 
 665 1362629074     319736 2 0 40.0 150.0 
 666 1362629074     329759 2 0 40.0 150.0 
 666 1362629074     339793 2 0 40.0 150.0 
 665 1362629074     349753 2 0 40.0 150.0 
 666 1362629074     359767 2 0 40.0 150.0 
 666 1362629074     369800 2 0 40.0 150.0 
 666 1362629074     379820 2 0 40.0 150.0 
 665 1362629074     389764 2 0 40.0 150.0 
 665 1362629074     399786 2 0 40.0 150.0 
 665 1362629074     409796 2 0 40.0 150.0 
 665 1362629074     419839 2 0 40.0 150.0 
 665 1362629074     429785 2 0 40.0 150.0 
 665 1362629074     439811 2 0 40.0 150.0 
 666 1362629074     449820 2 0 40.0 150.0 
 665 1362629074     459814 2 0 40.0 150.0 
 665 1362629074     469837 2 0 40.0 150.0 
 666 1362629074     479884 2 0 40.0 150.0 
 665 1362629074     489848 2 0 40.0 150.0 
 666 1362629074     499854 2 0 40.0 150.0 
 665 1362629074     510465 2 0 40.0 150.0 
 666 1362629074     519862 2 0 40.0 150.0 
 666 1362629074     529916 2 0 40.0 150.0 
 666 1362629074     539898 2 0 40.0 150.0 
 664 1362629074     549867 2 0 40.0 150.0 
 666 1362629074     559887 2 0 40.0 150.0 
