 454 1362621781     798129 0 0 40.0 150 
 453 1362621781     808163 0 0 40.0 150 
 455 1362621781     818056 0 0 40.0 150 
 454 1362621781     828052 0 0 40.0 150 
 454 1362621781     838177 0 0 40.0 150 
 454 1362621781     848159 0 0 40.0 150 
 453 1362621781     858106 0 0 40.0 150 
 454 1362621781     868041 0 0 40.0 150 
 454 1362621781     878097 0 0 40.0 150 
 453 1362621781     888126 0 0 40.0 150 
 454 1362621781     898107 0 0 40.0 150 
 454 1362621781     908091 0 0 40.0 150 
 453 1362621781     918104 0 0 40.0 150 
 454 1362621781     928060 0 0 40.0 150 
 454 1362621781     938076 0 0 40.0 150 
 453 1362621781     948107 0 0 40.0 150 
 454 1362621781     958064 0 0 40.0 150 
 453 1362621781     968085 0 0 40.0 150 
 453 1362621781     978130 0 0 40.0 150 
 454 1362621781     988093 0 0 40.0 150 
 454 1362621781     998103 0 0 40.0 150 
 454 1362621782       8128 0 0 40.0 150 
 454 1362621782      18144 0 0 40.0 150 
 454 1362621782      28171 0 0 40.0 150 
 455 1362621782      38184 0 0 40.0 150 
 454 1362621782      48140 0 0 40.0 150 
 453 1362621782      58186 0 0 40.0 150 
 454 1362621782      68146 0 0 40.0 150 
 453 1362621782      78163 0 0 40.0 150 
 454 1362621782      88185 0 0 40.0 150 
 454 1362621782      98200 0 0 40.0 150 
 454 1362621782     108225 0 0 40.0 150 
 454 1362621782     118221 0 0 40.0 150 
 454 1362621782     128197 0 0 40.0 150 
 454 1362621782     138217 0 0 40.0 150 
 454 1362621782     148243 0 0 40.0 150 
 454 1362621782     158258 0 0 40.0 150 
 454 1362621782     168201 0 0 40.0 150 
 453 1362621782     178239 0 0 40.0 150 
 455 1362621782     188255 0 0 40.0 150 
 454 1362621782     198220 0 0 40.0 150 
 454 1362621782     208260 0 0 40.0 150 
 454 1362621782     218287 0 0 40.0 150 
 454 1362621782     228245 0 0 40.0 150 
 454 1362621782     238256 0 0 40.0 150 
 453 1362621782     248279 0 0 40.0 150 
 454 1362621782     258310 0 0 40.0 150 
 454 1362621782     268270 0 0 40.0 150 
 454 1362621782     278303 0 0 40.0 150 
 454 1362621782     288329 0 0 40.0 150 
 454 1362621782     298351 0 0 40.0 150 
 454 1362621782     308308 0 0 40.0 150 
 453 1362621782     318323 0 0 40.0 150 
 455 1362621782     328340 0 0 40.0 150 
 454 1362621782     338375 0 0 40.0 150 
 453 1362621782     348328 0 0 40.0 150 
 454 1362621782     358356 0 0 40.0 150 
 454 1362621782     368376 0 0 40.0 150 
 453 1362621782     378395 0 0 40.0 150 
 454 1362621782     388351 0 0 40.0 150 
 455 1362621782     398364 0 0 40.0 150 
 454 1362621782     408391 0 0 40.0 150 
 454 1362621782     418409 0 0 40.0 150 
 454 1362621782     428421 0 0 40.0 150 
 453 1362621782     438397 0 0 40.0 150 
 454 1362621782     448424 0 0 40.0 150 
 454 1362621782     458439 0 0 40.0 150 
 454 1362621782     468402 0 0 40.0 150 
 453 1362621782     478428 0 0 40.0 150 
 454 1362621782     488456 0 0 40.0 150 
 454 1362621782     498476 0 0 40.0 150 
 454 1362621782     508495 0 0 40.0 150 
 453 1362621782     518440 0 0 40.0 150 
 454 1362621782     528448 0 0 40.0 150 
 454 1362621782     538485 0 0 40.0 150 
 453 1362621782     548504 0 0 40.0 150 
 454 1362621782     558463 0 0 40.0 150 
 454 1362621782     568493 0 0 40.0 150 
 453 1362621782     578512 0 0 40.0 150 
 454 1362621782     588488 0 0 40.0 150 
 454 1362621782     598514 0 0 40.0 150 
 454 1362621782     608543 0 0 40.0 150 
 454 1362621782     618562 0 0 40.0 150 
 455 1362621782     628532 0 0 40.0 150 
 454 1362621782     638569 0 0 40.0 150 
 455 1362621782     648588 0 0 40.0 150 
 453 1362621782     658540 0 0 40.0 150 
 454 1362621782     668554 0 0 40.0 150 
 453 1362621782     678589 0 0 40.0 150 
 454 1362621782     688606 0 0 40.0 150 
 455 1362621782     698564 0 0 40.0 150 
 454 1362621782     708598 0 0 40.0 150 
 454 1362621782     718616 0 0 40.0 150 
 454 1362621782     728639 0 0 40.0 150 
 454 1362621782     738593 0 0 40.0 150 
 454 1362621782     748624 0 0 40.0 150 
 454 1362621782     758649 0 0 40.0 150 
 454 1362621782     768620 0 0 40.0 150 
 454 1362621782     778653 0 0 40.0 150 
 454 1362621782     788620 0 0 40.0 150 
 453 1362621782     798646 0 0 40.0 150 
 454 1362621782     808672 0 0 40.0 150 
 454 1362621782     818697 0 0 40.0 150 
 454 1362621782     828659 0 0 40.0 150 
 454 1362621782     838699 0 0 40.0 150 
 454 1362621782     848719 0 0 40.0 150 
 453 1362621782     858681 0 0 40.0 150 
 454 1362621782     868691 0 0 40.0 150 
 454 1362621782     878721 0 0 40.0 150 
 453 1362621782     888681 0 0 40.0 150 
 454 1362621782     898696 0 0 40.0 150 
 454 1362621782     908721 0 0 40.0 150 
 454 1362621782     918743 0 0 40.0 150 
 454 1362621782     928770 0 0 40.0 150 
 454 1362621782     938734 0 0 40.0 150 
 454 1362621782     948754 0 0 40.0 150 
 454 1362621782     958729 0 0 40.0 150 
 454 1362621782     968747 0 0 40.0 150 
 454 1362621782     978777 0 0 40.0 150 
 454 1362621782     988797 0 0 40.0 150 
 454 1362621782     998778 0 0 40.0 150 
 453 1362621783       8797 0 0 40.0 150 
 454 1362621783      18763 0 0 40.0 150 
 454 1362621783      28812 0 0 40.0 150 
 454 1362621783      38786 0 0 40.0 150 
 453 1362621783      48851 0 0 40.0 150 
 453 1362621783      58835 0 0 40.0 150 
 454 1362621783      68803 0 0 40.0 150 
 454 1362621783      78835 0 0 40.0 150 
 454 1362621783      88820 0 0 40.0 150 
 454 1362621783      98884 0 0 40.0 150 
 454 1362621783     108885 0 0 40.0 150 
 455 1362621783     118852 0 0 40.0 150 
 454 1362621783     128866 0 0 40.0 150 
 454 1362621783     138856 0 0 40.0 150 
 454 1362621783     148862 0 0 40.0 150 
 454 1362621783     158872 0 0 40.0 150 
 454 1362621783     168880 0 0 40.0 150 
 454 1362621783     178934 0 0 40.0 150 
 455 1362621783     188909 0 0 40.0 150 
 454 1362621783     198899 0 0 40.0 150 
 453 1362621783     208921 0 0 40.0 150 
 454 1362621783     218916 0 0 40.0 150 
 454 1362621783     228920 0 0 40.0 150 
 454 1362621783     238923 0 0 40.0 150 
 454 1362621783     248914 0 0 40.0 150 
 454 1362621783     258919 0 0 40.0 150 
 454 1362621783     268981 0 0 40.0 150 
 453 1362621783     278989 0 0 40.0 150 
 454 1362621783     288983 0 0 40.0 150 
 454 1362621783     299005 0 0 40.0 150 
 453 1362621783     309005 0 0 40.0 150 
 454 1362621783     318999 0 0 40.0 150 
 454 1362621783     328992 0 0 40.0 150 
 454 1362621783     338989 0 0 40.0 150 
 454 1362621783     348989 0 0 40.0 150 
 453 1362621783     358993 0 0 40.0 150 
 453 1362621783     369000 0 0 40.0 150 
 454 1362621783     379071 0 0 40.0 150 
 454 1362621783     389012 0 0 40.0 150 
 454 1362621783     399084 0 0 40.0 150 
 454 1362621783     409088 0 0 40.0 150 
 455 1362621783     419086 0 0 40.0 150 
 454 1362621783     429094 0 0 40.0 150 
 454 1362621783     439077 0 0 40.0 150 
 454 1362621783     449077 0 0 40.0 150 
 454 1362621783     459069 0 0 40.0 150 
 455 1362621783     469083 0 0 40.0 150 
 453 1362621783     479082 0 0 40.0 150 
 453 1362621783     489093 0 0 40.0 150 
 455 1362621783     499093 0 0 40.0 150 
 453 1362621783     509114 0 0 40.0 150 
 453 1362621783     519112 0 0 40.0 150 
 454 1362621783     529110 0 0 40.0 150 
 453 1362621783     539169 0 0 40.0 150 
 454 1362621783     549165 0 0 40.0 150 
 454 1362621783     559159 0 0 40.0 150 
 454 1362621783     569178 0 0 40.0 150 
 453 1362621783     579173 0 0 40.0 150 
 453 1362621783     589199 0 0 40.0 150 
 454 1362621783     599207 0 0 40.0 150 
 454 1362621783     609216 0 0 40.0 150 
 454 1362621783     619206 0 0 40.0 150 
 454 1362621783     629207 0 0 40.0 150 
 454 1362621783     639183 0 0 40.0 150 
 454 1362621783     649192 0 0 40.0 150 
 454 1362621783     659188 0 0 40.0 150 
 454 1362621783     669194 0 0 40.0 150 
 453 1362621783     679199 0 0 40.0 150 
 454 1362621783     689269 0 0 40.0 150 
 453 1362621783     699252 0 0 40.0 150 
 454 1362621783     709247 0 0 40.0 150 
 454 1362621783     719256 0 0 40.0 150 
 454 1362621783     729255 0 0 40.0 150 
 453 1362621783     739256 0 0 40.0 150 
 454 1362621783     749254 0 0 40.0 150 
 454 1362621783     759315 0 0 40.0 150 
 454 1362621783     769318 0 0 40.0 150 
 454 1362621783     779308 0 0 40.0 150 
 454 1362621783     789290 0 0 40.0 150 
 453 1362621783     799299 0 0 40.0 150 
 454 1362621783     809289 0 0 40.0 150 
 454 1362621783     819296 0 0 40.0 150 
 454 1362621783     829363 0 0 40.0 150 
 454 1362621783     839348 0 0 40.0 150 
 453 1362621783     849341 0 0 40.0 150 
 455 1362621783     859332 0 0 40.0 150 
 454 1362621783     869364 0 0 40.0 150 
 454 1362621783     879367 0 0 40.0 150 
 454 1362621783     889361 0 0 40.0 150 
 454 1362621783     899356 0 0 40.0 150 
 454 1362621783     909366 0 0 40.0 150 
 453 1362621783     919361 0 0 40.0 150 
 454 1362621783     929366 0 0 40.0 150 
 453 1362621783     939428 0 0 40.0 150 
 454 1362621783     949422 0 0 40.0 150 
 453 1362621783     959448 0 0 40.0 150 
 454 1362621783     969440 0 0 40.0 150 
 454 1362621783     979445 0 0 40.0 150 
 454 1362621783     989438 0 0 40.0 150 
 454 1362621783     999435 0 0 40.0 150 
 454 1362621784       9442 0 0 40.0 150 
 454 1362621784      19429 0 0 40.0 150 
 454 1362621784      29486 0 0 40.0 150 
 454 1362621784      39483 0 0 40.0 150 
 453 1362621784      49480 0 0 40.0 150 
 454 1362621784      59481 0 0 40.0 150 
 454 1362621784      69497 0 0 40.0 150 
 454 1362621784      79493 0 0 40.0 150 
 454 1362621784      89502 0 0 40.0 150 
 454 1362621784      99497 0 0 40.0 150 
 453 1362621784     109481 0 0 40.0 150 
 454 1362621784     119527 0 0 40.0 150 
 454 1362621784     129542 0 0 40.0 150 
 453 1362621784     139541 0 0 40.0 150 
 454 1362621784     149530 0 0 40.0 150 
 454 1362621784     159528 0 0 40.0 150 
 453 1362621784     169584 0 0 40.0 150 
 454 1362621784     179587 0 0 40.0 150 
 454 1362621784     189582 0 0 40.0 150 
 453 1362621784     199579 0 0 40.0 150 
 454 1362621784     209576 0 0 40.0 150 
 454 1362621784     219562 0 0 40.0 150 
 454 1362621784     229621 0 0 40.0 150 
 453 1362621784     239611 0 0 40.0 150 
 454 1362621784     249621 0 0 40.0 150 
 454 1362621784     259625 0 0 40.0 150 
 454 1362621784     269622 0 0 40.0 150 
 453 1362621784     279624 0 0 40.0 150 
 454 1362621784     289612 0 0 40.0 150 
 453 1362621784     299670 0 0 40.0 150 
 454 1362621784     309662 0 0 40.0 150 
 454 1362621784     319663 0 0 40.0 150 
 454 1362621784     329669 0 0 40.0 150 
 454 1362621784     339647 0 0 40.0 150 
 455 1362621784     349652 0 0 40.0 150 
 454 1362621784     359671 0 0 40.0 150 
 454 1362621784     369680 0 0 40.0 150 
 454 1362621784     379671 0 0 40.0 150 
 454 1362621784     389717 0 0 40.0 150 
 454 1362621784     399723 0 0 40.0 150 
 455 1362621784     409734 0 0 40.0 150 
 453 1362621784     419742 0 0 40.0 150 
 454 1362621784     429766 0 0 40.0 150 
 454 1362621784     439729 0 0 40.0 150 
 454 1362621784     449755 0 0 40.0 150 
 453 1362621784     459765 0 0 40.0 150 
 454 1362621784     469758 0 0 40.0 150 
 454 1362621784     479752 0 0 40.0 150 
 454 1362621784     489799 0 0 40.0 150 
 454 1362621784     499792 0 0 40.0 150 
 453 1362621784     509794 0 0 40.0 150 
 454 1362621784     519786 0 0 40.0 150 
 453 1362621784     529782 0 0 40.0 150 
 454 1362621784     539770 0 0 40.0 150 
 454 1362621784     549835 0 0 40.0 150 
 454 1362621784     559840 0 0 40.0 150 
 454 1362621784     569793 0 0 40.0 150 
 454 1362621784     579817 0 0 40.0 150 
 454 1362621784     589868 0 0 40.0 150 
 454 1362621784     599816 0 0 40.0 150 
 455 1362621784     609817 0 0 40.0 150 
 454 1362621784     619874 0 0 40.0 150 
 454 1362621784     629893 0 0 40.0 150 
 454 1362621784     639870 0 0 40.0 150 
 454 1362621784     649860 0 0 40.0 150 
 454 1362621784     659861 0 0 40.0 150 
 454 1362621784     669869 0 0 40.0 150 
 454 1362621784     679864 0 0 40.0 150 
 454 1362621784     689927 0 0 40.0 150 
 455 1362621784     699935 0 0 40.0 150 
 454 1362621784     709922 0 0 40.0 150 
 454 1362621784     719924 0 0 40.0 150 
 454 1362621784     729927 0 0 40.0 150 
 454 1362621784     739909 0 0 40.0 150 
 455 1362621784     749913 0 0 40.0 150 
 453 1362621784     759922 0 0 40.0 150 
 454 1362621784     769923 0 0 40.0 150 
 454 1362621784     779984 0 0 40.0 150 
 454 1362621784     789959 0 0 40.0 150 
 454 1362621784     799981 0 0 40.0 150 
 454 1362621784     809989 0 0 40.0 150 
 454 1362621784     819999 0 0 40.0 150 
 454 1362621784     829993 0 0 40.0 150 
 454 1362621784     839991 0 0 40.0 150 
 454 1362621784     850006 0 0 40.0 150 
 455 1362621784     860009 0 0 40.0 150 
 453 1362621784     870010 0 0 40.0 150 
 454 1362621784     880001 0 0 40.0 150 
 455 1362621784     890045 0 0 40.0 150 
 455 1362621784     900046 0 0 40.0 150 
 454 1362621784     910036 0 0 40.0 150 
 454 1362621784     920039 0 0 40.0 150 
 454 1362621784     930036 0 0 40.0 150 
 454 1362621784     940087 0 0 40.0 150 
 454 1362621784     950093 0 0 40.0 150 
 454 1362621784     960098 0 0 40.0 150 
 454 1362621784     970115 0 0 40.0 150 
 454 1362621784     980124 0 0 40.0 150 
 454 1362621784     990102 0 0 40.0 150 
 454 1362621785        122 0 0 40.0 150 
 454 1362621785      10089 0 0 40.0 150 
 454 1362621785      20114 0 0 40.0 150 
 454 1362621785      30136 0 0 40.0 150 
 454 1362621785      40107 0 0 40.0 150 
 453 1362621785      50139 0 0 40.0 150 
 455 1362621785      60151 0 0 40.0 150 
 454 1362621785      70119 0 0 40.0 150 
 453 1362621785      80131 0 0 40.0 150 
 455 1362621785      90192 0 0 40.0 150 
 454 1362621785     100152 0 0 40.0 150 
 454 1362621785     110188 0 0 40.0 150 
 454 1362621785     120217 0 0 40.0 150 
 453 1362621785     130186 0 0 40.0 150 
 455 1362621785     140214 0 0 40.0 150 
 454 1362621785     150202 0 0 40.0 150 
 453 1362621785     160185 0 0 40.0 150 
 454 1362621785     170241 0 0 40.0 150 
 454 1362621785     180221 0 0 40.0 150 
 454 1362621785     190196 0 0 40.0 150 
 454 1362621785     200218 0 0 40.0 150 
 454 1362621785     210217 0 0 40.0 150 
 453 1362621785     220231 0 0 40.0 150 
 454 1362621785     230221 0 0 40.0 150 
 454 1362621785     240255 0 0 40.0 150 
 454 1362621785     250272 0 0 40.0 150 
 454 1362621785     260243 0 0 40.0 150 
 454 1362621785     270242 0 0 40.0 150 
 454 1362621785     280249 0 0 40.0 150 
 454 1362621785     290281 0 0 40.0 150 
 453 1362621785     300312 0 0 40.0 150 
 454 1362621785     310316 0 0 40.0 150 
 454 1362621785     320282 0 0 40.0 150 
 454 1362621785     330310 0 0 40.0 150 
 454 1362621785     340335 0 0 40.0 150 
 454 1362621785     350305 0 0 40.0 150 
 454 1362621785     360342 0 0 40.0 150 
 455 1362621785     370365 0 0 40.0 150 
 454 1362621785     380335 0 0 40.0 150 
 454 1362621785     390328 0 0 40.0 150 
 454 1362621785     400360 0 0 40.0 150 
 453 1362621785     410389 0 0 40.0 150 
 454 1362621785     420349 0 0 40.0 150 
 454 1362621785     430381 0 0 40.0 150 
 454 1362621785     440360 0 0 40.0 150 
 454 1362621785     450381 0 0 40.0 150 
 454 1362621785     460420 0 0 40.0 150 
 453 1362621785     470410 0 0 40.0 150 
 453 1362621785     480376 0 0 40.0 150 
 454 1362621785     490418 0 0 40.0 150 
 453 1362621785     500425 0 0 40.0 150 
 454 1362621785     510450 0 0 40.0 150 
 453 1362621785     520407 0 0 40.0 150 
 454 1362621785     530449 0 0 40.0 150 
 454 1362621785     540439 0 0 40.0 150 
 454 1362621785     550453 0 0 40.0 150 
 454 1362621785     560462 0 0 40.0 150 
 454 1362621785     570438 0 0 40.0 150 
 453 1362621785     580450 0 0 40.0 150 
 454 1362621785     590488 0 0 40.0 150 
 454 1362621785     600456 0 0 40.0 150 
 454 1362621785     610461 0 0 40.0 150 
 455 1362621785     620476 0 0 40.0 150 
 454 1362621785     630488 0 0 40.0 150 
 453 1362621785     640490 0 0 40.0 150 
 454 1362621785     650510 0 0 40.0 150 
 454 1362621785     660541 0 0 40.0 150 
 454 1362621785     670542 0 0 40.0 150 
 454 1362621785     680555 0 0 40.0 150 
 454 1362621785     690544 0 0 40.0 150 
 453 1362621785     700571 0 0 40.0 150 
 454 1362621785     710579 0 0 40.0 150 
 454 1362621785     720543 0 0 40.0 150 
 454 1362621785     730558 0 0 40.0 150 
 454 1362621785     740551 0 0 40.0 150 
 453 1362621785     750565 0 0 40.0 150 
 453 1362621785     760597 0 0 40.0 150 
 454 1362621785     770585 0 0 40.0 150 
 453 1362621785     780612 0 0 40.0 150 
 454 1362621785     790642 0 0 40.0 150 
 454 1362621785     800611 0 0 40.0 150 
 454 1362621785     810604 0 0 40.0 150 
 454 1362621785     820640 0 0 40.0 150 
 453 1362621785     830613 0 0 40.0 150 
 454 1362621785     840672 0 0 40.0 150 
 454 1362621785     850651 0 0 40.0 150 
 454 1362621785     860685 0 0 40.0 150 
 453 1362621785     870647 0 0 40.0 150 
 454 1362621785     880681 0 0 40.0 150 
 453 1362621785     890689 0 0 40.0 150 
 454 1362621785     900716 0 0 40.0 150 
 454 1362621785     910657 0 0 40.0 150 
 453 1362621785     920674 0 0 40.0 150 
 454 1362621785     930681 0 0 40.0 150 
 454 1362621785     940733 0 0 40.0 150 
 453 1362621785     950708 0 0 40.0 150 
 454 1362621785     960740 0 0 40.0 150 
 454 1362621785     970713 0 0 40.0 150 
 453 1362621785     980745 0 0 40.0 150 
 454 1362621785     990747 0 0 40.0 150 
 454 1362621786        752 0 0 40.0 150 
 453 1362621786      10762 0 0 40.0 150 
 454 1362621786      20789 0 0 40.0 150 
 454 1362621786      30759 0 0 40.0 150 
 454 1362621786      40803 0 0 40.0 150 
 454 1362621786      50778 0 0 40.0 150 
 454 1362621786      60775 0 0 40.0 150 
 454 1362621786      70804 0 0 40.0 150 
 454 1362621786      80779 0 0 40.0 150 
 453 1362621786      90794 0 0 40.0 150 
 454 1362621786     100805 0 0 40.0 150 
 454 1362621786     110836 0 0 40.0 150 
 454 1362621786     120860 0 0 40.0 150 
 455 1362621786     130839 0 0 40.0 150 
 453 1362621786     140854 0 0 40.0 150 
 453 1362621786     150827 0 0 40.0 150 
 454 1362621786     160867 0 0 40.0 150 
 453 1362621786     170883 0 0 40.0 150 
 454 1362621786     180882 0 0 40.0 150 
 453 1362621786     190878 0 0 40.0 150 
 455 1362621786     200899 0 0 40.0 150 
 453 1362621786     210870 0 0 40.0 150 
 454 1362621786     220910 0 0 40.0 150 
 454 1362621786     230876 0 0 40.0 150 
 454 1362621786     240900 0 0 40.0 150 
 453 1362621786     250933 0 0 40.0 150 
 453 1362621786     260901 0 0 40.0 150 
 453 1362621786     270932 0 0 40.0 150 
 454 1362621786     280934 0 0 40.0 150 
 454 1362621786     290958 0 0 40.0 150 
 454 1362621786     300976 0 0 40.0 150 
 454 1362621786     310944 0 0 40.0 150 
 453 1362621786     320950 0 0 40.0 150 
 455 1362621786     330974 0 0 40.0 150 
 454 1362621786     340999 0 0 40.0 150 
 454 1362621786     351008 0 0 40.0 150 
 454 1362621786     361014 0 0 40.0 150 
 454 1362621786     370984 0 0 40.0 150 
 454 1362621786     380996 0 0 40.0 150 
 455 1362621786     390996 0 0 40.0 150 
 454 1362621786     401038 0 0 40.0 150 
 454 1362621786     411039 0 0 40.0 150 
 454 1362621786     421049 0 0 40.0 150 
 454 1362621786     431015 0 0 40.0 150 
 454 1362621786     441031 0 0 40.0 150 
 454 1362621786     451064 0 0 40.0 150 
 454 1362621786     461039 0 0 40.0 150 
 453 1362621786     471046 0 0 40.0 150 
 454 1362621786     481062 0 0 40.0 150 
 453 1362621786     491095 0 0 40.0 150 
 455 1362621786     501109 0 0 40.0 150 
 454 1362621786     511114 0 0 40.0 150 
 454 1362621786     521111 0 0 40.0 150 
 455 1362621786     531079 0 0 40.0 150 
 453 1362621786     541084 0 0 40.0 150 
 455 1362621786     551097 0 0 40.0 150 
 454 1362621786     561124 0 0 40.0 150 
 454 1362621786     571105 0 0 40.0 150 
 454 1362621786     581153 0 0 40.0 150 
 454 1362621786     591120 0 0 40.0 150 
 453 1362621786     601169 0 0 40.0 150 
 454 1362621786     611136 0 0 40.0 150 
 454 1362621786     621170 0 0 40.0 150 
 453 1362621786     631142 0 0 40.0 150 
 455 1362621786     641175 0 0 40.0 150 
 454 1362621786     651183 0 0 40.0 150 
 454 1362621786     661188 0 0 40.0 150 
 454 1362621786     671170 0 0 40.0 150 
 454 1362621786     681203 0 0 40.0 150 
 454 1362621786     691181 0 0 40.0 150 
 454 1362621786     701219 0 0 40.0 150 
 454 1362621786     711249 0 0 40.0 150 
 454 1362621786     721220 0 0 40.0 150 
 454 1362621786     731212 0 0 40.0 150 
 453 1362621786     741238 0 0 40.0 150 
 454 1362621786     751246 0 0 40.0 150 
 454 1362621786     761256 0 0 40.0 150 
 454 1362621786     771287 0 0 40.0 150 
 454 1362621786     781269 0 0 40.0 150 
 454 1362621786     791271 0 0 40.0 150 
 454 1362621786     801279 0 0 40.0 150 
 455 1362621786     811275 0 0 40.0 150 
 454 1362621786     821303 0 0 40.0 150 
 453 1362621786     831306 0 0 40.0 150 
 454 1362621786     841294 0 0 40.0 150 
 454 1362621786     851301 0 0 40.0 150 
 454 1362621786     861329 0 0 40.0 150 
 454 1362621786     871352 0 0 40.0 150 
 454 1362621786     881300 0 0 40.0 150 
 454 1362621786     891314 0 0 40.0 150 
 454 1362621786     901340 0 0 40.0 150 
 454 1362621786     911349 0 0 40.0 150 
 455 1362621786     921357 0 0 40.0 150 
 454 1362621786     931375 0 0 40.0 150 
 454 1362621786     941400 0 0 40.0 150 
 454 1362621786     951399 0 0 40.0 150 
 454 1362621786     961382 0 0 40.0 150 
 454 1362621786     971410 0 0 40.0 150 
 454 1362621786     981414 0 0 40.0 150 
 453 1362621786     991378 0 0 40.0 150 
 454 1362621787       1414 0 0 40.0 150 
 454 1362621787      11397 0 0 40.0 150 
 453 1362621787      21413 0 0 40.0 150 
 454 1362621787      31429 0 0 40.0 150 
 453 1362621787      41439 0 0 40.0 150 
 453 1362621787      51458 0 0 40.0 150 
 454 1362621787      61480 0 0 40.0 150 
 454 1362621787      71440 0 0 40.0 150 
 454 1362621787      81459 0 0 40.0 150 
 454 1362621787      91471 0 0 40.0 150 
 454 1362621787     101488 0 0 40.0 150 
 454 1362621787     111493 0 0 40.0 150 
 455 1362621787     121489 0 0 40.0 150 
 454 1362621787     131505 0 0 40.0 150 
 454 1362621787     141497 0 0 40.0 150 
 455 1362621787     151494 0 0 40.0 150 
 454 1362621787     161509 0 0 40.0 150 
 454 1362621787     171521 0 0 40.0 150 
 454 1362621787     181508 0 0 40.0 150 
 454 1362621787     191519 0 0 40.0 150 
 454 1362621787     201521 0 0 40.0 150 
 454 1362621787     211539 0 0 40.0 150 
 453 1362621787     221562 0 0 40.0 150 
 454 1362621787     231584 0 0 40.0 150 
 454 1362621787     241574 0 0 40.0 150 
 453 1362621787     251553 0 0 40.0 150 
 455 1362621787     261575 0 0 40.0 150 
 454 1362621787     271609 0 0 40.0 150 
 454 1362621787     281569 0 0 40.0 150 
 454 1362621787     291595 0 0 40.0 150 
 453 1362621787     301592 0 0 40.0 150 
 454 1362621787     311620 0 0 40.0 150 
 453 1362621787     321651 0 0 40.0 150 
 454 1362621787     331643 0 0 40.0 150 
 455 1362621787     341640 0 0 40.0 150 
 454 1362621787     351644 0 0 40.0 150 
 453 1362621787     361664 0 0 40.0 150 
 454 1362621787     371674 0 0 40.0 150 
 454 1362621787     381640 0 0 40.0 150 
 453 1362621787     391672 0 0 40.0 150 
 454 1362621787     401707 0 0 40.0 150 
 454 1362621787     411663 0 0 40.0 150 
 454 1362621787     421694 0 0 40.0 150 
 454 1362621787     431667 0 0 40.0 150 
 454 1362621787     441680 0 0 40.0 150 
 454 1362621787     451687 0 0 40.0 150 
 454 1362621787     461700 0 0 40.0 150 
 454 1362621787     471723 0 0 40.0 150 
 454 1362621787     481706 0 0 40.0 150 
 454 1362621787     491741 0 0 40.0 150 
 453 1362621787     501718 0 0 40.0 150 
 455 1362621787     511723 0 0 40.0 150 
 453 1362621787     521759 0 0 40.0 150 
 454 1362621787     531753 0 0 40.0 150 
 455 1362621787     541769 0 0 40.0 150 
 454 1362621787     551785 0 0 40.0 150 
 454 1362621787     561764 0 0 40.0 150 
 454 1362621787     571778 0 0 40.0 150 
 454 1362621787     581766 0 0 40.0 150 
 453 1362621787     591831 0 0 40.0 150 
 454 1362621787     601777 0 0 40.0 150 
 453 1362621787     611785 0 0 40.0 150 
 454 1362621787     621826 0 0 40.0 150 
 454 1362621787     631801 0 0 40.0 150 
 454 1362621787     641834 0 0 40.0 150 
 454 1362621787     651811 0 0 40.0 150 
 453 1362621787     661850 0 0 40.0 150 
 454 1362621787     671862 0 0 40.0 150 
 454 1362621787     681887 0 0 40.0 150 
 454 1362621787     691900 0 0 40.0 150 
 454 1362621787     701899 0 0 40.0 150 
 454 1362621787     711866 0 0 40.0 150 
 453 1362621787     721861 0 0 40.0 150 
 454 1362621787     731873 0 0 40.0 150 
 454 1362621787     741895 0 0 40.0 150 
 454 1362621787     751907 0 0 40.0 150 
 454 1362621787     761943 0 0 40.0 150 
 454 1362621787     771898 0 0 40.0 150 
 453 1362621787     781912 0 0 40.0 150 
 454 1362621787     791936 0 0 40.0 150 
 453 1362621787     801914 0 0 40.0 150 
 454 1362621787     811948 0 0 40.0 150 
 454 1362621787     821982 0 0 40.0 150 
 454 1362621787     831936 0 0 40.0 150 
 453 1362621787     841997 0 0 40.0 150 
 454 1362621787     851977 0 0 40.0 150 
 454 1362621787     861949 0 0 40.0 150 
 454 1362621787     871958 0 0 40.0 150 
 455 1362621787     881989 0 0 40.0 150 
 454 1362621787     892006 0 0 40.0 150 
 454 1362621787     901984 0 0 40.0 150 
 454 1362621787     911986 0 0 40.0 150 
 454 1362621787     922014 0 0 40.0 150 
 454 1362621787     932041 0 0 40.0 150 
 454 1362621787     942054 0 0 40.0 150 
 453 1362621787     952019 0 0 40.0 150 
 454 1362621787     962036 0 0 40.0 150 
 454 1362621787     972038 0 0 40.0 150 
 454 1362621787     982061 0 0 40.0 150 
 454 1362621787     992068 0 0 40.0 150 
 454 1362621788       2044 0 0 40.0 150 
 454 1362621788      12060 0 0 40.0 150 
 455 1362621788      22082 0 0 40.0 150 
 454 1362621788      32118 0 0 40.0 150 
 453 1362621788      42073 0 0 40.0 150 
 455 1362621788      52087 0 0 40.0 150 
 453 1362621788      62089 0 0 40.0 150 
 454 1362621788      72150 0 0 40.0 150 
 454 1362621788      82119 0 0 40.0 150 
 453 1362621788      92154 0 0 40.0 150 
 454 1362621788     102159 0 0 40.0 150 
 453 1362621788     112175 0 0 40.0 150 
 453 1362621788     122139 0 0 40.0 150 
 454 1362621788     132165 0 0 40.0 150 
 454 1362621788     142175 0 0 40.0 150 
 453 1362621788     152172 0 0 40.0 150 
 454 1362621788     162191 0 0 40.0 150 
 454 1362621788     172156 0 0 40.0 150 
 454 1362621788     182167 0 0 40.0 150 
 454 1362621788     192196 0 0 40.0 150 
 454 1362621788     202213 0 0 40.0 150 
 454 1362621788     212245 0 0 40.0 150 
 454 1362621788     222204 0 0 40.0 150 
 453 1362621788     232233 0 0 40.0 150 
 454 1362621788     242242 0 0 40.0 150 
 454 1362621788     252246 0 0 40.0 150 
 453 1362621788     262253 0 0 40.0 150 
 454 1362621788     272255 0 0 40.0 150 
 455 1362621788     282277 0 0 40.0 150 
 453 1362621788     292284 0 0 40.0 150 
 454 1362621788     302249 0 0 40.0 150 
 454 1362621788     312272 0 0 40.0 150 
 454 1362621788     322254 0 0 40.0 150 
 454 1362621788     332260 0 0 40.0 150 
 454 1362621788     342269 0 0 40.0 150 
 454 1362621788     352305 0 0 40.0 150 
 454 1362621788     362321 0 0 40.0 150 
 454 1362621788     372300 0 0 40.0 150 
 454 1362621788     382316 0 0 40.0 150 
 454 1362621788     392342 0 0 40.0 150 
 453 1362621788     402308 0 0 40.0 150 
 454 1362621788     412311 0 0 40.0 150 
 454 1362621788     422336 0 0 40.0 150 
 453 1362621788     432340 0 0 40.0 150 
 454 1362621788     442354 0 0 40.0 150 
 454 1362621788     452352 0 0 40.0 150 
 454 1362621788     462373 0 0 40.0 150 
 453 1362621788     472378 0 0 40.0 150 
 455 1362621788     482375 0 0 40.0 150 
 453 1362621788     492383 0 0 40.0 150 
 454 1362621788     502405 0 0 40.0 150 
 454 1362621788     512427 0 0 40.0 150 
 454 1362621788     522430 0 0 40.0 150 
 454 1362621788     532401 0 0 40.0 150 
 454 1362621788     542431 0 0 40.0 150 
 454 1362621788     552461 0 0 40.0 150 
 455 1362621788     562427 0 0 40.0 150 
 453 1362621788     572440 0 0 40.0 150 
 454 1362621788     582483 0 0 40.0 150 
 454 1362621788     592466 0 0 40.0 150 
 453 1362621788     602498 0 0 40.0 150 
 454 1362621788     612447 0 0 40.0 150 
 454 1362621788     622506 0 0 40.0 150 
 454 1362621788     632479 0 0 40.0 150 
 453 1362621788     642515 0 0 40.0 150 
 454 1362621788     652487 0 0 40.0 150 
 454 1362621788     662478 0 0 40.0 150 
 454 1362621788     672544 0 0 40.0 150 
 454 1362621788     682547 0 0 40.0 150 
 454 1362621788     692505 0 0 40.0 150 
 454 1362621788     702539 0 0 40.0 150 
 454 1362621788     712513 0 0 40.0 150 
 454 1362621788     722537 0 0 40.0 150 
 454 1362621788     732548 0 0 40.0 150 
 453 1362621788     742576 0 0 40.0 150 
 455 1362621788     752592 0 0 40.0 150 
 454 1362621788     762566 0 0 40.0 150 
 453 1362621788     772565 0 0 40.0 150 
 454 1362621788     782607 0 0 40.0 150 
 454 1362621788     792586 0 0 40.0 150 
 453 1362621788     802571 0 0 40.0 150 
 454 1362621788     812604 0 0 40.0 150 
 454 1362621788     822601 0 0 40.0 150 
 454 1362621788     832613 0 0 40.0 150 
 454 1362621788     842660 0 0 40.0 150 
 454 1362621788     852631 0 0 40.0 150 
 454 1362621788     862667 0 0 40.0 150 
 454 1362621788     872651 0 0 40.0 150 
 454 1362621788     882683 0 0 40.0 150 
 454 1362621788     892646 0 0 40.0 150 
 454 1362621788     902669 0 0 40.0 150 
 454 1362621788     912692 0 0 40.0 150 
 454 1362621788     922679 0 0 40.0 150 
 454 1362621788     932681 0 0 40.0 150 
 454 1362621788     942684 0 0 40.0 150 
 454 1362621788     952723 0 0 40.0 150 
 454 1362621788     962700 0 0 40.0 150 
 453 1362621788     972686 0 0 40.0 150 
 454 1362621788     982716 0 0 40.0 150 
 454 1362621788     992748 0 0 40.0 150 
 453 1362621789       2718 0 0 40.0 150 
 454 1362621789      12762 0 0 40.0 150 
 453 1362621789      22758 0 0 40.0 150 
 453 1362621789      32722 0 0 40.0 150 
 454 1362621789      42791 0 0 40.0 150 
 454 1362621789      52795 0 0 40.0 150 
 454 1362621789      62764 0 0 40.0 150 
 454 1362621789      72787 0 0 40.0 150 
 454 1362621789      82812 0 0 40.0 150 
 454 1362621789      92790 0 0 40.0 150 
 454 1362621789     102830 0 0 40.0 150 
 454 1362621789     112825 0 0 40.0 150 
 454 1362621789     122806 0 0 40.0 150 
 454 1362621789     132849 0 0 40.0 150 
 454 1362621789     142845 0 0 40.0 150 
 454 1362621789     152832 0 0 40.0 150 
 454 1362621789     162854 0 0 40.0 150 
 454 1362621789     172825 0 0 40.0 150 
 455 1362621789     182824 0 0 40.0 150 
 454 1362621789     192872 0 0 40.0 150 
 454 1362621789     202880 0 0 40.0 150 
 455 1362621789     212904 0 0 40.0 150 
 454 1362621789     222850 0 0 40.0 150 
 454 1362621789     232893 0 0 40.0 150 
 454 1362621789     242903 0 0 40.0 150 
 453 1362621789     252917 0 0 40.0 150 
 454 1362621789     262886 0 0 40.0 150 
 454 1362621789     272905 0 0 40.0 150 
 453 1362621789     282929 0 0 40.0 150 
 454 1362621789     292934 0 0 40.0 150 
 454 1362621789     302961 0 0 40.0 150 
 454 1362621789     312923 0 0 40.0 150 
 454 1362621789     322923 0 0 40.0 150 
 454 1362621789     332950 0 0 40.0 150 
 454 1362621789     342990 0 0 40.0 150 
 454 1362621789     352953 0 0 40.0 150 
 454 1362621789     362977 0 0 40.0 150 
 454 1362621789     372986 0 0 40.0 150 
 454 1362621789     383006 0 0 40.0 150 
 454 1362621789     393014 0 0 40.0 150 
 453 1362621789     402997 0 0 40.0 150 
 455 1362621789     412978 0 0 40.0 150 
 454 1362621789     422980 0 0 40.0 150 
 453 1362621789     433008 0 0 40.0 150 
 454 1362621789     442999 0 0 40.0 150 
 453 1362621789     453033 0 0 40.0 150 
 453 1362621789     463035 0 0 40.0 150 
 454 1362621789     473070 0 0 40.0 150 
 453 1362621789     483041 0 0 40.0 150 
 454 1362621789     493082 0 0 40.0 150 
 454 1362621789     503064 0 0 40.0 150 
 453 1362621789     513065 0 0 40.0 150 
 454 1362621789     523101 0 0 40.0 150 
 454 1362621789     533113 0 0 40.0 150 
 454 1362621789     543118 0 0 40.0 150 
 454 1362621789     553081 0 0 40.0 150 
 454 1362621789     563085 0 0 40.0 150 
 453 1362621789     573133 0 0 40.0 150 
 454 1362621789     583110 0 0 40.0 150 
 453 1362621789     593139 0 0 40.0 150 
 453 1362621789     603157 0 0 40.0 150 
 454 1362621789     613153 0 0 40.0 150 
 452 1362621789     623130 0 0 40.0 150 
 453 1362621789     633148 0 0 40.0 150 
 454 1362621789     643160 0 0 40.0 150 
 454 1362621789     653161 0 0 40.0 150 
 454 1362621789     663187 0 0 40.0 150 
 454 1362621789     673190 0 0 40.0 150 
 453 1362621789     683199 0 0 40.0 150 
 455 1362621789     693182 0 0 40.0 150 
 454 1362621789     703171 0 0 40.0 150 
 454 1362621789     713175 0 0 40.0 150 
 454 1362621789     723232 0 0 40.0 150 
 453 1362621789     733232 0 0 40.0 150 
 454 1362621789     743254 0 0 40.0 150 
 454 1362621789     753219 0 0 40.0 150 
 453 1362621789     763240 0 0 40.0 150 
 454 1362621789     773215 0 0 40.0 150 
 454 1362621789     783230 0 0 40.0 150 
 454 1362621789     793263 0 0 40.0 150 
 454 1362621789     803245 0 0 40.0 150 
 454 1362621789     813249 0 0 40.0 150 
 454 1362621789     823302 0 0 40.0 150 
 455 1362621789     833257 0 0 40.0 150 
 454 1362621789     843279 0 0 40.0 150 
 454 1362621789     853309 0 0 40.0 150 
 454 1362621789     863274 0 0 40.0 150 
 453 1362621789     873330 0 0 40.0 150 
 453 1362621789     883290 0 0 40.0 150 
 454 1362621789     893297 0 0 40.0 150 
 453 1362621789     903305 0 0 40.0 150 
 454 1362621789     913367 0 0 40.0 150 
 455 1362621789     923353 0 0 40.0 150 
 454 1362621789     933373 0 0 40.0 150 
 454 1362621789     943339 0 0 40.0 150 
 454 1362621789     953337 0 0 40.0 150 
 453 1362621789     963338 0 0 40.0 150 
 453 1362621789     973405 0 0 40.0 150 
 454 1362621789     983351 0 0 40.0 150 
 454 1362621789     993378 0 0 40.0 150 
 455 1362621790       3409 0 0 40.0 150 
 454 1362621790      13410 0 0 40.0 150 
 454 1362621790      23406 0 0 40.0 150 
 455 1362621790      33412 0 0 40.0 150 
 454 1362621790      43413 0 0 40.0 150 
 453 1362621790      53434 0 0 40.0 150 
 454 1362621790      63464 0 0 40.0 150 
 454 1362621790      73469 0 0 40.0 150 
 454 1362621790      83467 0 0 40.0 150 
 454 1362621790      93479 0 0 40.0 150 
 454 1362621790     103465 0 0 40.0 150 
 454 1362621790     113474 0 0 40.0 150 
 454 1362621790     123477 0 0 40.0 150 
 453 1362621790     133479 0 0 40.0 150 
 454 1362621790     143505 0 0 40.0 150 
 454 1362621790     153472 0 0 40.0 150 
 453 1362621790     163496 0 0 40.0 150 
 454 1362621790     173535 0 0 40.0 150 
 454 1362621790     183532 0 0 40.0 150 
 455 1362621790     193496 0 0 40.0 150 
 454 1362621790     203512 0 0 40.0 150 
 454 1362621790     213543 0 0 40.0 150 
 454 1362621790     223532 0 0 40.0 150 
 455 1362621790     233568 0 0 40.0 150 
 453 1362621790     243532 0 0 40.0 150 
 453 1362621790     253544 0 0 40.0 150 
 455 1362621790     263564 0 0 40.0 150 
 454 1362621790     273565 0 0 40.0 150 
 453 1362621790     283593 0 0 40.0 150 
 454 1362621790     293575 0 0 40.0 150 
 453 1362621790     303621 0 0 40.0 150 
 454 1362621790     313588 0 0 40.0 150 
 454 1362621790     323607 0 0 40.0 150 
 453 1362621790     333635 0 0 40.0 150 
 453 1362621790     343589 0 0 40.0 150 
 454 1362621790     353612 0 0 40.0 150 
 454 1362621790     363638 0 0 40.0 150 
 454 1362621790     373650 0 0 40.0 150 
 454 1362621790     383630 0 0 40.0 150 
 453 1362621790     393633 0 0 40.0 150 
 455 1362621790     403631 0 0 40.0 150 
 454 1362621790     413641 0 0 40.0 150 
 453 1362621790     423700 0 0 40.0 150 
 454 1362621790     433655 0 0 40.0 150 
 454 1362621790     443670 0 0 40.0 150 
 454 1362621790     453717 0 0 40.0 150 
 454 1362621790     463680 0 0 40.0 150 
 454 1362621790     473706 0 0 40.0 150 
 454 1362621790     483720 0 0 40.0 150 
 454 1362621790     493713 0 0 40.0 150 
 453 1362621790     503701 0 0 40.0 150 
 453 1362621790     513716 0 0 40.0 150 
 454 1362621790     523718 0 0 40.0 150 
 453 1362621790     533776 0 0 40.0 150 
 454 1362621790     543777 0 0 40.0 150 
 454 1362621790     553742 0 0 40.0 150 
 453 1362621790     563743 0 0 40.0 150 
 454 1362621790     573778 0 0 40.0 150 
 453 1362621790     583768 0 0 40.0 150 
 453 1362621790     593762 0 0 40.0 150 
 454 1362621790     603789 0 0 40.0 150 
 454 1362621790     613827 0 0 40.0 150 
 454 1362621790     623793 0 0 40.0 150 
 454 1362621790     633845 0 0 40.0 150 
 453 1362621790     643794 0 0 40.0 150 
 454 1362621790     653821 0 0 40.0 150 
 454 1362621790     663834 0 0 40.0 150 
 454 1362621790     673862 0 0 40.0 150 
 455 1362621790     683840 0 0 40.0 150 
 453 1362621790     693859 0 0 40.0 150 
 454 1362621790     703837 0 0 40.0 150 
 454 1362621790     713863 0 0 40.0 150 
 454 1362621790     723855 0 0 40.0 150 
 454 1362621790     733849 0 0 40.0 150 
 454 1362621790     743913 0 0 40.0 150 
 454 1362621790     753897 0 0 40.0 150 
 454 1362621790     763923 0 0 40.0 150 
 454 1362621790     773916 0 0 40.0 150 
 453 1362621790     783941 0 0 40.0 150 
 453 1362621790     793900 0 0 40.0 150 
 454 1362621790     803944 0 0 40.0 150 
 454 1362621790     813948 0 0 40.0 150 
 454 1362621790     823947 0 0 40.0 150 
 454 1362621790     833966 0 0 40.0 150 
 454 1362621790     843928 0 0 40.0 150 
 454 1362621790     853960 0 0 40.0 150 
 454 1362621790     863986 0 0 40.0 150 
 454 1362621790     873946 0 0 40.0 150 
 454 1362621790     883974 0 0 40.0 150 
 454 1362621790     893981 0 0 40.0 150 
 453 1362621790     904007 0 0 40.0 150 
 454 1362621790     914008 0 0 40.0 150 
 454 1362621790     924020 0 0 40.0 150 
 454 1362621790     933980 0 0 40.0 150 
 454 1362621790     944038 0 0 40.0 150 
 453 1362621790     953997 0 0 40.0 150 
 454 1362621790     964028 0 0 40.0 150 
 454 1362621790     974031 0 0 40.0 150 
 454 1362621790     984016 0 0 40.0 150 
 453 1362621790     994045 0 0 40.0 150 
 454 1362621791       4087 0 0 40.0 150 
 454 1362621791      14042 0 0 40.0 150 
 454 1362621791      24039 0 0 40.0 150 
 454 1362621791      34049 0 0 40.0 150 
 453 1362621791      44077 0 0 40.0 150 
 454 1362621791      54085 0 0 40.0 150 
 454 1362621791      64097 0 0 40.0 150 
 454 1362621791      74079 0 0 40.0 150 
 454 1362621791      84138 0 0 40.0 150 
 454 1362621791      94144 0 0 40.0 150 
 453 1362621791     104102 0 0 40.0 150 
 454 1362621791     114110 0 0 40.0 150 
 454 1362621791     124156 0 0 40.0 150 
 453 1362621791     134151 0 0 40.0 150 
 454 1362621791     144178 0 0 40.0 150 
 454 1362621791     154187 0 0 40.0 150 
 454 1362621791     164180 0 0 40.0 150 
 455 1362621791     174184 0 0 40.0 150 
 455 1362621791     184178 0 0 40.0 150 
 454 1362621791     194167 0 0 40.0 150 
 455 1362621791     204173 0 0 40.0 150 
 453 1362621791     214171 0 0 40.0 150 
 454 1362621791     224181 0 0 40.0 150 
 454 1362621791     234192 0 0 40.0 150 
 453 1362621791     244219 0 0 40.0 150 
 454 1362621791     254251 0 0 40.0 150 
 455 1362621791     264230 0 0 40.0 150 
 454 1362621791     274249 0 0 40.0 150 
 453 1362621791     284212 0 0 40.0 150 
 454 1362621791     294221 0 0 40.0 150 
 454 1362621791     304246 0 0 40.0 150 
 454 1362621791     314262 0 0 40.0 150 
 454 1362621791     324277 0 0 40.0 150 
 454 1362621791     334296 0 0 40.0 150 
 454 1362621791     344253 0 0 40.0 150 
 453 1362621791     354308 0 0 40.0 150 
 455 1362621791     364305 0 0 40.0 150 
 455 1362621791     374301 0 0 40.0 150 
 454 1362621791     384335 0 0 40.0 150 
 454 1362621791     394330 0 0 40.0 150 
 454 1362621791     404308 0 0 40.0 150 
 454 1362621791     414325 0 0 40.0 150 
 454 1362621791     424349 0 0 40.0 150 
 455 1362621791     434349 0 0 40.0 150 
 453 1362621791     444373 0 0 40.0 150 
 454 1362621791     454342 0 0 40.0 150 
 454 1362621791     464363 0 0 40.0 150 
 454 1362621791     474396 0 0 40.0 150 
 454 1362621791     484376 0 0 40.0 150 
 454 1362621791     494380 0 0 40.0 150 
 454 1362621791     504371 0 0 40.0 150 
 454 1362621791     514402 0 0 40.0 150 
 454 1362621791     524403 0 0 40.0 150 
 454 1362621791     534440 0 0 40.0 150 
 454 1362621791     544433 0 0 40.0 150 
 454 1362621791     554425 0 0 40.0 150 
 454 1362621791     564432 0 0 40.0 150 
 454 1362621791     574432 0 0 40.0 150 
 453 1362621791     584409 0 0 40.0 150 
 453 1362621791     594473 0 0 40.0 150 
 454 1362621791     604430 0 0 40.0 150 
 454 1362621791     614481 0 0 40.0 150 
 454 1362621791     624450 0 0 40.0 150 
 454 1362621791     634491 0 0 40.0 150 
 454 1362621791     644462 0 0 40.0 150 
 453 1362621791     654481 0 0 40.0 150 
 454 1362621791     664480 0 0 40.0 150 
 453 1362621791     674499 0 0 40.0 150 
 455 1362621791     684504 0 0 40.0 150 
 454 1362621791     694525 0 0 40.0 150 
 454 1362621791     704532 0 0 40.0 150 
 454 1362621791     714522 0 0 40.0 150 
 454 1362621791     724538 0 0 40.0 150 
 454 1362621791     734531 0 0 40.0 150 
 454 1362621791     744526 0 0 40.0 150 
 454 1362621791     754553 0 0 40.0 150 
 454 1362621791     764553 0 0 40.0 150 
 453 1362621791     774559 0 0 40.0 150 
 454 1362621791     784569 0 0 40.0 150 
 454 1362621791     794560 0 0 40.0 150 
