 153 1362629615     998187 2 9 40.0 50.0 
 153 1362629616       8171 2 9 40.0 50.0 
 154 1362629616      18140 2 9 40.0 50.0 
 153 1362629616      28168 2 9 40.0 50.0 
 153 1362629616      38200 2 9 40.0 50.0 
 153 1362629616      48151 2 9 40.0 50.0 
 153 1362629616      58176 2 9 40.0 50.0 
 153 1362629616      68194 2 9 40.0 50.0 
 153 1362629616      78211 2 9 40.0 50.0 
 153 1362629616      88225 2 9 40.0 50.0 
 154 1362629616      98232 2 9 40.0 50.0 
 153 1362629616     108250 2 9 40.0 50.0 
 153 1362629616     118248 2 9 40.0 50.0 
 153 1362629616     128269 2 9 40.0 50.0 
 153 1362629616     138217 2 9 40.0 50.0 
 153 1362629616     148222 2 9 40.0 50.0 
 153 1362629616     158293 2 9 40.0 50.0 
 153 1362629616     168285 2 9 40.0 50.0 
 153 1362629616     178288 2 9 40.0 50.0 
 154 1362629616     188287 2 9 40.0 50.0 
 153 1362629616     198302 2 9 40.0 50.0 
 153 1362629616     208301 2 9 40.0 50.0 
 153 1362629616     218328 2 9 40.0 50.0 
 153 1362629616     228335 2 9 40.0 50.0 
 153 1362629616     238307 2 9 40.0 50.0 
 153 1362629616     248317 2 9 40.0 50.0 
 153 1362629616     258341 2 9 40.0 50.0 
 154 1362629616     268333 2 9 40.0 50.0 
 153 1362629616     278358 2 9 40.0 50.0 
 153 1362629616     288354 2 9 40.0 50.0 
 153 1362629616     298365 2 9 40.0 50.0 
 153 1362629616     308373 2 9 40.0 50.0 
 153 1362629616     318370 2 9 40.0 50.0 
 153 1362629616     328368 2 9 40.0 50.0 
 153 1362629616     338352 2 9 40.0 50.0 
 153 1362629616     348363 2 9 40.0 50.0 
 153 1362629616     358364 2 9 40.0 50.0 
 153 1362629616     368365 2 9 40.0 50.0 
 153 1362629616     378369 2 9 40.0 50.0 
 153 1362629616     388380 2 9 40.0 50.0 
 154 1362629616     398410 2 9 40.0 50.0 
 153 1362629616     408409 2 9 40.0 50.0 
 153 1362629616     418412 2 9 40.0 50.0 
 153 1362629616     428428 2 9 40.0 50.0 
 154 1362629616     438445 2 9 40.0 50.0 
 153 1362629616     448442 2 9 40.0 50.0 
 153 1362629616     458442 2 9 40.0 50.0 
 153 1362629616     468457 2 9 40.0 50.0 
 154 1362629616     478464 2 9 40.0 50.0 
 153 1362629616     488457 2 9 40.0 50.0 
 153 1362629616     498456 2 9 40.0 50.0 
 153 1362629616     508453 2 9 40.0 50.0 
 153 1362629616     518472 2 9 40.0 50.0 
 153 1362629616     528499 2 9 40.0 50.0 
 153 1362629616     538499 2 9 40.0 50.0 
 153 1362629616     548505 2 9 40.0 50.0 
 153 1362629616     558516 2 9 40.0 50.0 
 153 1362629616     568534 2 9 40.0 50.0 
 153 1362629616     578530 2 9 40.0 50.0 
 153 1362629616     588530 2 9 40.0 50.0 
 154 1362629616     598539 2 9 40.0 50.0 
 153 1362629616     608558 2 9 40.0 50.0 
 153 1362629616     618557 2 9 40.0 50.0 
 154 1362629616     628571 2 9 40.0 50.0 
 153 1362629616     638577 2 9 40.0 50.0 
 153 1362629616     648586 2 9 40.0 50.0 
 153 1362629616     658595 2 9 40.0 50.0 
 153 1362629616     668592 2 9 40.0 50.0 
 153 1362629616     678605 2 9 40.0 50.0 
 153 1362629616     688599 2 9 40.0 50.0 
 153 1362629616     698622 2 9 40.0 50.0 
 153 1362629616     708627 2 9 40.0 50.0 
 153 1362629616     718655 2 9 40.0 50.0 
 153 1362629616     728601 2 9 40.0 50.0 
 153 1362629616     738617 2 9 40.0 50.0 
 153 1362629616     748631 2 9 40.0 50.0 
 153 1362629616     758659 2 9 40.0 50.0 
 154 1362629616     768664 2 9 40.0 50.0 
 153 1362629616     778682 2 9 40.0 50.0 
 153 1362629616     788692 2 9 40.0 50.0 
 154 1362629616     798649 2 9 40.0 50.0 
 154 1362629616     808667 2 9 40.0 50.0 
 153 1362629616     818690 2 9 40.0 50.0 
 153 1362629616     828711 2 9 40.0 50.0 
 153 1362629616     838714 2 9 40.0 50.0 
 154 1362629616     848743 2 9 40.0 50.0 
 153 1362629616     858685 2 9 40.0 50.0 
 153 1362629616     868757 2 9 40.0 50.0 
 153 1362629616     878698 2 9 40.0 50.0 
 153 1362629616     888723 2 9 40.0 50.0 
 153 1362629616     898747 2 9 40.0 50.0 
 154 1362629616     908766 2 9 40.0 50.0 
 153 1362629616     918767 2 9 40.0 50.0 
 154 1362629616     928778 2 9 40.0 50.0 
 153 1362629616     938783 2 9 40.0 50.0 
 153 1362629616     948799 2 9 40.0 50.0 
 153 1362629616     958821 2 9 40.0 50.0 
 153 1362629616     968761 2 9 40.0 50.0 
 153 1362629616     978771 2 9 40.0 50.0 
 153 1362629616     988792 2 9 40.0 50.0 
