 281 1362622529     101856 0 3 40.0 100.0 
 281 1362622529     111979 0 3 40.0 100.0 
 281 1362622529     121895 0 3 40.0 100.0 
 281 1362622529     131944 0 3 40.0 100.0 
 281 1362622529     141917 0 3 40.0 100.0 
 281 1362622529     151908 0 3 40.0 100.0 
 280 1362622529     162025 0 3 40.0 100.0 
 280 1362622529     171947 0 3 40.0 100.0 
 281 1362622529     182022 0 3 40.0 100.0 
 281 1362622529     191981 0 3 40.0 100.0 
 280 1362622529     202065 0 3 40.0 100.0 
 281 1362622529     211926 0 3 40.0 100.0 
 281 1362622529     221994 0 3 40.0 100.0 
 282 1362622529     232090 0 3 40.0 100.0 
 281 1362622529     242030 0 3 40.0 100.0 
 282 1362622529     251990 0 3 40.0 100.0 
 281 1362622529     261951 0 3 40.0 100.0 
 281 1362622529     272055 0 3 40.0 100.0 
 281 1362622529     282124 0 3 40.0 100.0 
 280 1362622529     292182 0 3 40.0 100.0 
 281 1362622529     302013 0 3 40.0 100.0 
 281 1362622529     312029 0 3 40.0 100.0 
 281 1362622529     322021 0 3 40.0 100.0 
 281 1362622529     331974 0 3 40.0 100.0 
 281 1362622529     342029 0 3 40.0 100.0 
 280 1362622529     352030 0 3 40.0 100.0 
 282 1362622529     362022 0 3 40.0 100.0 
 281 1362622529     372022 0 3 40.0 100.0 
 281 1362622529     382021 0 3 40.0 100.0 
 281 1362622529     392028 0 3 40.0 100.0 
 281 1362622529     402043 0 3 40.0 100.0 
 281 1362622529     412036 0 3 40.0 100.0 
 281 1362622529     422028 0 3 40.0 100.0 
 280 1362622529     432080 0 3 40.0 100.0 
 281 1362622529     442086 0 3 40.0 100.0 
 281 1362622529     452094 0 3 40.0 100.0 
 281 1362622529     462113 0 3 40.0 100.0 
 282 1362622529     472060 0 3 40.0 100.0 
 281 1362622529     482131 0 3 40.0 100.0 
 281 1362622529     492070 0 3 40.0 100.0 
 280 1362622529     502081 0 3 40.0 100.0 
 281 1362622529     512126 0 3 40.0 100.0 
 281 1362622529     522097 0 3 40.0 100.0 
 281 1362622529     532113 0 3 40.0 100.0 
 281 1362622529     542139 0 3 40.0 100.0 
 281 1362622529     552152 0 3 40.0 100.0 
 281 1362622529     562153 0 3 40.0 100.0 
 280 1362622529     572171 0 3 40.0 100.0 
 281 1362622529     582171 0 3 40.0 100.0 
 281 1362622529     592167 0 3 40.0 100.0 
 281 1362622529     602186 0 3 40.0 100.0 
 281 1362622529     612150 0 3 40.0 100.0 
 281 1362622529     622172 0 3 40.0 100.0 
 281 1362622529     632179 0 3 40.0 100.0 
 281 1362622529     642179 0 3 40.0 100.0 
 280 1362622529     652191 0 3 40.0 100.0 
 282 1362622529     662191 0 3 40.0 100.0 
 280 1362622529     672196 0 3 40.0 100.0 
 281 1362622529     682204 0 3 40.0 100.0 
 281 1362622529     692222 0 3 40.0 100.0 
 281 1362622529     702241 0 3 40.0 100.0 
 281 1362622529     712269 0 3 40.0 100.0 
 281 1362622529     722234 0 3 40.0 100.0 
 282 1362622529     732292 0 3 40.0 100.0 
 281 1362622529     742305 0 3 40.0 100.0 
 281 1362622529     752247 0 3 40.0 100.0 
 281 1362622529     762258 0 3 40.0 100.0 
 281 1362622529     772267 0 3 40.0 100.0 
 280 1362622529     782279 0 3 40.0 100.0 
 281 1362622529     792294 0 3 40.0 100.0 
 280 1362622529     802313 0 3 40.0 100.0 
 280 1362622529     812321 0 3 40.0 100.0 
 281 1362622529     822314 0 3 40.0 100.0 
 281 1362622529     832319 0 3 40.0 100.0 
 281 1362622529     842326 0 3 40.0 100.0 
 281 1362622529     852337 0 3 40.0 100.0 
 280 1362622529     862350 0 3 40.0 100.0 
 281 1362622529     872357 0 3 40.0 100.0 
 281 1362622529     882356 0 3 40.0 100.0 
 281 1362622529     892354 0 3 40.0 100.0 
 281 1362622529     902369 0 3 40.0 100.0 
 281 1362622529     912371 0 3 40.0 100.0 
 281 1362622529     922371 0 3 40.0 100.0 
 280 1362622529     932369 0 3 40.0 100.0 
 281 1362622529     942440 0 3 40.0 100.0 
 280 1362622529     952383 0 3 40.0 100.0 
 281 1362622529     962388 0 3 40.0 100.0 
 280 1362622529     972402 0 3 40.0 100.0 
 281 1362622529     982413 0 3 40.0 100.0 
 281 1362622529     992412 0 3 40.0 100.0 
 281 1362622530       2432 0 3 40.0 100.0 
 281 1362622530      12436 0 3 40.0 100.0 
 281 1362622530      22451 0 3 40.0 100.0 
 282 1362622530      32455 0 3 40.0 100.0 
 281 1362622530      42475 0 3 40.0 100.0 
 281 1362622530      52532 0 3 40.0 100.0 
 281 1362622530      62515 0 3 40.0 100.0 
 281 1362622530      72491 0 3 40.0 100.0 
 281 1362622530      82465 0 3 40.0 100.0 
 281 1362622530      92508 0 3 40.0 100.0 
 281 1362622530     102484 0 3 40.0 100.0 
 281 1362622530     112526 0 3 40.0 100.0 
 281 1362622530     122510 0 3 40.0 100.0 
 281 1362622530     132520 0 3 40.0 100.0 
 281 1362622530     142562 0 3 40.0 100.0 
 281 1362622530     152529 0 3 40.0 100.0 
 282 1362622530     162568 0 3 40.0 100.0 
 281 1362622530     172539 0 3 40.0 100.0 
 281 1362622530     182583 0 3 40.0 100.0 
 281 1362622530     192573 0 3 40.0 100.0 
 282 1362622530     202583 0 3 40.0 100.0 
 281 1362622530     212562 0 3 40.0 100.0 
 282 1362622530     222612 0 3 40.0 100.0 
 281 1362622530     232591 0 3 40.0 100.0 
 280 1362622530     242628 0 3 40.0 100.0 
 281 1362622530     252598 0 3 40.0 100.0 
 281 1362622530     262645 0 3 40.0 100.0 
 281 1362622530     272621 0 3 40.0 100.0 
 281 1362622530     282655 0 3 40.0 100.0 
 282 1362622530     292621 0 3 40.0 100.0 
 280 1362622530     302668 0 3 40.0 100.0 
 281 1362622530     312637 0 3 40.0 100.0 
 281 1362622530     322680 0 3 40.0 100.0 
 281 1362622530     332689 0 3 40.0 100.0 
 281 1362622530     342667 0 3 40.0 100.0 
 281 1362622530     352704 0 3 40.0 100.0 
 282 1362622530     362678 0 3 40.0 100.0 
 281 1362622530     372706 0 3 40.0 100.0 
 281 1362622530     382681 0 3 40.0 100.0 
 281 1362622530     392724 0 3 40.0 100.0 
 281 1362622530     402699 0 3 40.0 100.0 
 281 1362622530     412747 0 3 40.0 100.0 
 281 1362622530     422707 0 3 40.0 100.0 
 281 1362622530     432750 0 3 40.0 100.0 
 281 1362622530     442725 0 3 40.0 100.0 
 281 1362622530     452770 0 3 40.0 100.0 
 281 1362622530     462758 0 3 40.0 100.0 
 281 1362622530     472738 0 3 40.0 100.0 
 281 1362622530     482782 0 3 40.0 100.0 
 281 1362622530     492746 0 3 40.0 100.0 
 281 1362622530     502785 0 3 40.0 100.0 
 281 1362622530     512778 0 3 40.0 100.0 
 281 1362622530     522819 0 3 40.0 100.0 
 280 1362622530     532794 0 3 40.0 100.0 
 281 1362622530     542765 0 3 40.0 100.0 
 281 1362622530     552816 0 3 40.0 100.0 
 281 1362622530     562790 0 3 40.0 100.0 
 281 1362622530     572836 0 3 40.0 100.0 
 281 1362622530     582814 0 3 40.0 100.0 
 281 1362622530     592862 0 3 40.0 100.0 
 281 1362622530     602838 0 3 40.0 100.0 
 281 1362622530     612811 0 3 40.0 100.0 
 281 1362622530     622859 0 3 40.0 100.0 
 281 1362622530     632830 0 3 40.0 100.0 
 281 1362622530     642869 0 3 40.0 100.0 
 281 1362622530     652844 0 3 40.0 100.0 
 281 1362622530     662887 0 3 40.0 100.0 
 281 1362622530     672856 0 3 40.0 100.0 
 281 1362622530     682904 0 3 40.0 100.0 
 281 1362622530     692873 0 3 40.0 100.0 
 281 1362622530     702922 0 3 40.0 100.0 
 280 1362622530     712898 0 3 40.0 100.0 
 281 1362622530     722937 0 3 40.0 100.0 
 281 1362622530     732897 0 3 40.0 100.0 
 280 1362622530     742937 0 3 40.0 100.0 
 281 1362622530     752907 0 3 40.0 100.0 
 281 1362622530     762951 0 3 40.0 100.0 
 281 1362622530     772921 0 3 40.0 100.0 
 280 1362622530     782963 0 3 40.0 100.0 
 280 1362622530     792930 0 3 40.0 100.0 
 281 1362622530     802986 0 3 40.0 100.0 
 281 1362622530     812953 0 3 40.0 100.0 
 281 1362622530     822996 0 3 40.0 100.0 
 282 1362622530     832961 0 3 40.0 100.0 
 281 1362622530     843010 0 3 40.0 100.0 
 281 1362622530     853023 0 3 40.0 100.0 
 281 1362622530     863007 0 3 40.0 100.0 
 281 1362622530     872988 0 3 40.0 100.0 
 282 1362622530     883038 0 3 40.0 100.0 
 281 1362622530     893004 0 3 40.0 100.0 
 282 1362622530     903022 0 3 40.0 100.0 
 281 1362622530     913016 0 3 40.0 100.0 
 281 1362622530     923027 0 3 40.0 100.0 
 281 1362622530     933069 0 3 40.0 100.0 
 281 1362622530     943018 0 3 40.0 100.0 
 281 1362622530     953086 0 3 40.0 100.0 
 281 1362622530     963070 0 3 40.0 100.0 
 280 1362622530     973071 0 3 40.0 100.0 
 281 1362622530     983064 0 3 40.0 100.0 
 280 1362622530     993072 0 3 40.0 100.0 
 281 1362622531       3068 0 3 40.0 100.0 
 280 1362622531      13074 0 3 40.0 100.0 
 280 1362622531      23073 0 3 40.0 100.0 
 281 1362622531      33078 0 3 40.0 100.0 
 280 1362622531      43124 0 3 40.0 100.0 
 281 1362622531      53123 0 3 40.0 100.0 
 281 1362622531      63114 0 3 40.0 100.0 
 281 1362622531      73120 0 3 40.0 100.0 
 281 1362622531      83138 0 3 40.0 100.0 
 281 1362622531      93135 0 3 40.0 100.0 
 281 1362622531     103176 0 3 40.0 100.0 
 282 1362622531     113153 0 3 40.0 100.0 
 281 1362622531     123184 0 3 40.0 100.0 
 281 1362622531     133154 0 3 40.0 100.0 
 280 1362622531     143177 0 3 40.0 100.0 
 281 1362622531     153168 0 3 40.0 100.0 
 281 1362622531     163213 0 3 40.0 100.0 
 281 1362622531     173200 0 3 40.0 100.0 
 281 1362622531     183174 0 3 40.0 100.0 
 280 1362622531     193205 0 3 40.0 100.0 
 281 1362622531     203203 0 3 40.0 100.0 
 280 1362622531     213197 0 3 40.0 100.0 
 281 1362622531     223261 0 3 40.0 100.0 
 281 1362622531     233261 0 3 40.0 100.0 
 281 1362622531     243250 0 3 40.0 100.0 
 280 1362622531     253254 0 3 40.0 100.0 
 281 1362622531     263262 0 3 40.0 100.0 
 281 1362622531     273253 0 3 40.0 100.0 
 281 1362622531     283275 0 3 40.0 100.0 
 281 1362622531     293268 0 3 40.0 100.0 
 281 1362622531     303265 0 3 40.0 100.0 
 281 1362622531     313325 0 3 40.0 100.0 
 281 1362622531     323273 0 3 40.0 100.0 
 281 1362622531     333277 0 3 40.0 100.0 
 281 1362622531     343336 0 3 40.0 100.0 
 281 1362622531     353337 0 3 40.0 100.0 
 281 1362622531     363344 0 3 40.0 100.0 
 282 1362622531     373326 0 3 40.0 100.0 
 281 1362622531     383321 0 3 40.0 100.0 
 281 1362622531     393316 0 3 40.0 100.0 
 281 1362622531     403324 0 3 40.0 100.0 
 281 1362622531     413346 0 3 40.0 100.0 
 281 1362622531     423338 0 3 40.0 100.0 
 281 1362622531     433402 0 3 40.0 100.0 
 281 1362622531     443393 0 3 40.0 100.0 
 281 1362622531     453400 0 3 40.0 100.0 
 281 1362622531     463410 0 3 40.0 100.0 
 281 1362622531     473407 0 3 40.0 100.0 
 281 1362622531     483408 0 3 40.0 100.0 
 280 1362622531     493401 0 3 40.0 100.0 
 281 1362622531     503403 0 3 40.0 100.0 
 281 1362622531     513441 0 3 40.0 100.0 
 281 1362622531     523438 0 3 40.0 100.0 
 281 1362622531     533461 0 3 40.0 100.0 
 280 1362622531     543448 0 3 40.0 100.0 
 281 1362622531     553448 0 3 40.0 100.0 
 281 1362622531     563445 0 3 40.0 100.0 
 281 1362622531     573440 0 3 40.0 100.0 
 281 1362622531     583491 0 3 40.0 100.0 
 281 1362622531     593483 0 3 40.0 100.0 
 281 1362622531     603478 0 3 40.0 100.0 
 281 1362622531     613477 0 3 40.0 100.0 
 281 1362622531     623481 0 3 40.0 100.0 
 282 1362622531     633475 0 3 40.0 100.0 
 280 1362622531     643538 0 3 40.0 100.0 
 281 1362622531     653535 0 3 40.0 100.0 
 280 1362622531     663540 0 3 40.0 100.0 
 281 1362622531     673533 0 3 40.0 100.0 
 281 1362622531     683533 0 3 40.0 100.0 
 281 1362622531     693523 0 3 40.0 100.0 
 281 1362622531     703520 0 3 40.0 100.0 
 281 1362622531     713586 0 3 40.0 100.0 
 281 1362622531     723583 0 3 40.0 100.0 
 281 1362622531     733578 0 3 40.0 100.0 
 281 1362622531     743573 0 3 40.0 100.0 
 281 1362622531     753568 0 3 40.0 100.0 
 281 1362622531     763570 0 3 40.0 100.0 
 281 1362622531     773569 0 3 40.0 100.0 
 281 1362622531     783634 0 3 40.0 100.0 
 281 1362622531     793632 0 3 40.0 100.0 
 281 1362622531     803635 0 3 40.0 100.0 
 281 1362622531     813636 0 3 40.0 100.0 
 281 1362622531     823642 0 3 40.0 100.0 
 281 1362622531     833628 0 3 40.0 100.0 
 281 1362622531     843629 0 3 40.0 100.0 
 281 1362622531     853628 0 3 40.0 100.0 
 281 1362622531     863625 0 3 40.0 100.0 
 281 1362622531     873691 0 3 40.0 100.0 
 280 1362622531     883688 0 3 40.0 100.0 
 282 1362622531     893679 0 3 40.0 100.0 
 281 1362622531     903676 0 3 40.0 100.0 
 281 1362622531     913671 0 3 40.0 100.0 
 280 1362622531     923670 0 3 40.0 100.0 
 281 1362622531     933723 0 3 40.0 100.0 
 281 1362622531     943716 0 3 40.0 100.0 
 281 1362622531     953722 0 3 40.0 100.0 
 281 1362622531     963709 0 3 40.0 100.0 
 282 1362622531     973716 0 3 40.0 100.0 
 281 1362622531     983722 0 3 40.0 100.0 
 281 1362622531     993720 0 3 40.0 100.0 
 281 1362622532       3779 0 3 40.0 100.0 
 281 1362622532      13775 0 3 40.0 100.0 
 281 1362622532      23783 0 3 40.0 100.0 
 281 1362622532      33783 0 3 40.0 100.0 
 281 1362622532      43783 0 3 40.0 100.0 
 280 1362622532      53779 0 3 40.0 100.0 
 281 1362622532      63797 0 3 40.0 100.0 
 281 1362622532      73800 0 3 40.0 100.0 
 281 1362622532      83795 0 3 40.0 100.0 
 281 1362622532      93791 0 3 40.0 100.0 
 281 1362622532     103799 0 3 40.0 100.0 
 281 1362622532     113803 0 3 40.0 100.0 
 281 1362622532     123808 0 3 40.0 100.0 
 281 1362622532     133820 0 3 40.0 100.0 
 281 1362622532     143823 0 3 40.0 100.0 
 281 1362622532     153818 0 3 40.0 100.0 
 281 1362622532     163825 0 3 40.0 100.0 
 281 1362622532     173885 0 3 40.0 100.0 
 280 1362622532     183875 0 3 40.0 100.0 
 281 1362622532     193866 0 3 40.0 100.0 
 281 1362622532     203878 0 3 40.0 100.0 
 282 1362622532     213870 0 3 40.0 100.0 
 281 1362622532     223921 0 3 40.0 100.0 
 281 1362622532     233922 0 3 40.0 100.0 
 281 1362622532     243918 0 3 40.0 100.0 
 281 1362622532     253913 0 3 40.0 100.0 
 281 1362622532     263908 0 3 40.0 100.0 
 281 1362622532     273917 0 3 40.0 100.0 
 281 1362622532     283918 0 3 40.0 100.0 
 281 1362622532     293916 0 3 40.0 100.0 
 281 1362622532     303917 0 3 40.0 100.0 
 280 1362622532     313977 0 3 40.0 100.0 
 281 1362622532     323969 0 3 40.0 100.0 
 281 1362622532     333968 0 3 40.0 100.0 
 281 1362622532     343959 0 3 40.0 100.0 
 281 1362622532     353959 0 3 40.0 100.0 
 281 1362622532     363961 0 3 40.0 100.0 
 281 1362622532     374021 0 3 40.0 100.0 
 281 1362622532     384024 0 3 40.0 100.0 
 281 1362622532     394026 0 3 40.0 100.0 
 281 1362622532     404023 0 3 40.0 100.0 
 281 1362622532     414022 0 3 40.0 100.0 
 281 1362622532     424014 0 3 40.0 100.0 
 281 1362622532     434014 0 3 40.0 100.0 
 281 1362622532     444008 0 3 40.0 100.0 
 282 1362622532     454043 0 3 40.0 100.0 
 281 1362622532     464049 0 3 40.0 100.0 
 281 1362622532     474048 0 3 40.0 100.0 
 281 1362622532     484040 0 3 40.0 100.0 
 281 1362622532     494099 0 3 40.0 100.0 
 281 1362622532     504052 0 3 40.0 100.0 
 280 1362622532     514103 0 3 40.0 100.0 
 281 1362622532     524110 0 3 40.0 100.0 
 280 1362622532     534102 0 3 40.0 100.0 
 280 1362622532     544097 0 3 40.0 100.0 
 281 1362622532     554096 0 3 40.0 100.0 
 281 1362622532     564091 0 3 40.0 100.0 
 281 1362622532     574095 0 3 40.0 100.0 
 282 1362622532     584108 0 3 40.0 100.0 
 280 1362622532     594110 0 3 40.0 100.0 
 281 1362622532     604168 0 3 40.0 100.0 
 281 1362622532     614167 0 3 40.0 100.0 
 281 1362622532     624164 0 3 40.0 100.0 
 281 1362622532     634165 0 3 40.0 100.0 
 282 1362622532     644164 0 3 40.0 100.0 
 281 1362622532     654169 0 3 40.0 100.0 
 281 1362622532     664178 0 3 40.0 100.0 
 281 1362622532     674173 0 3 40.0 100.0 
 281 1362622532     684174 0 3 40.0 100.0 
 281 1362622532     694234 0 3 40.0 100.0 
 281 1362622532     704186 0 3 40.0 100.0 
 281 1362622532     714214 0 3 40.0 100.0 
 280 1362622532     724210 0 3 40.0 100.0 
 281 1362622532     734211 0 3 40.0 100.0 
 281 1362622532     744208 0 3 40.0 100.0 
 281 1362622532     754270 0 3 40.0 100.0 
 281 1362622532     764277 0 3 40.0 100.0 
 280 1362622532     774280 0 3 40.0 100.0 
 281 1362622532     784250 0 3 40.0 100.0 
 281 1362622532     794255 0 3 40.0 100.0 
 281 1362622532     804259 0 3 40.0 100.0 
 281 1362622532     814315 0 3 40.0 100.0 
 281 1362622532     824312 0 3 40.0 100.0 
 280 1362622532     834312 0 3 40.0 100.0 
 281 1362622532     844310 0 3 40.0 100.0 
 281 1362622532     854315 0 3 40.0 100.0 
 282 1362622532     864320 0 3 40.0 100.0 
 281 1362622532     874311 0 3 40.0 100.0 
 281 1362622532     884305 0 3 40.0 100.0 
 281 1362622532     894308 0 3 40.0 100.0 
 281 1362622532     904366 0 3 40.0 100.0 
 281 1362622532     914359 0 3 40.0 100.0 
 281 1362622532     924368 0 3 40.0 100.0 
 281 1362622532     934370 0 3 40.0 100.0 
 280 1362622532     944368 0 3 40.0 100.0 
 282 1362622532     954369 0 3 40.0 100.0 
 280 1362622532     964381 0 3 40.0 100.0 
 281 1362622532     974391 0 3 40.0 100.0 
 280 1362622532     984390 0 3 40.0 100.0 
 281 1362622532     994429 0 3 40.0 100.0 
 281 1362622533       4438 0 3 40.0 100.0 
 281 1362622533      14442 0 3 40.0 100.0 
 281 1362622533      24443 0 3 40.0 100.0 
 281 1362622533      34443 0 3 40.0 100.0 
 281 1362622533      44438 0 3 40.0 100.0 
 281 1362622533      54442 0 3 40.0 100.0 
 281 1362622533      64438 0 3 40.0 100.0 
 281 1362622533      74444 0 3 40.0 100.0 
 282 1362622533      84456 0 3 40.0 100.0 
 281 1362622533      94447 0 3 40.0 100.0 
 281 1362622533     104490 0 3 40.0 100.0 
 281 1362622533     114465 0 3 40.0 100.0 
 281 1362622533     124499 0 3 40.0 100.0 
 281 1362622533     134471 0 3 40.0 100.0 
 281 1362622533     144498 0 3 40.0 100.0 
 281 1362622533     154529 0 3 40.0 100.0 
 281 1362622533     164493 0 3 40.0 100.0 
 280 1362622533     174518 0 3 40.0 100.0 
 281 1362622533     184558 0 3 40.0 100.0 
 280 1362622533     194512 0 3 40.0 100.0 
 281 1362622533     204512 0 3 40.0 100.0 
 281 1362622533     214570 0 3 40.0 100.0 
 281 1362622533     224571 0 3 40.0 100.0 
 282 1362622533     234571 0 3 40.0 100.0 
 281 1362622533     244578 0 3 40.0 100.0 
 281 1362622533     254575 0 3 40.0 100.0 
 281 1362622533     264574 0 3 40.0 100.0 
 281 1362622533     274570 0 3 40.0 100.0 
 281 1362622533     284571 0 3 40.0 100.0 
 281 1362622533     294632 0 3 40.0 100.0 
 280 1362622533     304629 0 3 40.0 100.0 
 281 1362622533     314627 0 3 40.0 100.0 
 280 1362622533     324623 0 3 40.0 100.0 
 281 1362622533     334639 0 3 40.0 100.0 
 281 1362622533     344629 0 3 40.0 100.0 
 281 1362622533     354626 0 3 40.0 100.0 
 281 1362622533     364620 0 3 40.0 100.0 
 281 1362622533     374674 0 3 40.0 100.0 
 281 1362622533     384666 0 3 40.0 100.0 
 281 1362622533     394665 0 3 40.0 100.0 
 281 1362622533     404670 0 3 40.0 100.0 
 281 1362622533     414673 0 3 40.0 100.0 
 281 1362622533     424678 0 3 40.0 100.0 
 281 1362622533     434706 0 3 40.0 100.0 
 280 1362622533     444704 0 3 40.0 100.0 
 281 1362622533     454703 0 3 40.0 100.0 
 280 1362622533     464713 0 3 40.0 100.0 
 282 1362622533     474719 0 3 40.0 100.0 
 281 1362622533     484716 0 3 40.0 100.0 
 281 1362622533     494714 0 3 40.0 100.0 
 281 1362622533     504715 0 3 40.0 100.0 
 281 1362622533     514740 0 3 40.0 100.0 
 281 1362622533     524748 0 3 40.0 100.0 
 281 1362622533     534743 0 3 40.0 100.0 
 281 1362622533     544740 0 3 40.0 100.0 
 281 1362622533     554795 0 3 40.0 100.0 
 281 1362622533     564794 0 3 40.0 100.0 
 281 1362622533     574799 0 3 40.0 100.0 
 281 1362622533     584806 0 3 40.0 100.0 
 280 1362622533     594803 0 3 40.0 100.0 
 282 1362622533     604865 0 3 40.0 100.0 
 281 1362622533     614836 0 3 40.0 100.0 
 281 1362622533     624848 0 3 40.0 100.0 
 281 1362622533     634843 0 3 40.0 100.0 
 281 1362622533     644841 0 3 40.0 100.0 
 281 1362622533     654845 0 3 40.0 100.0 
 281 1362622533     664834 0 3 40.0 100.0 
 281 1362622533     674850 0 3 40.0 100.0 
 281 1362622533     684868 0 3 40.0 100.0 
 281 1362622533     694862 0 3 40.0 100.0 
 281 1362622533     704845 0 3 40.0 100.0 
 281 1362622533     714881 0 3 40.0 100.0 
 280 1362622533     724854 0 3 40.0 100.0 
 281 1362622533     734897 0 3 40.0 100.0 
 281 1362622533     744910 0 3 40.0 100.0 
 280 1362622533     754923 0 3 40.0 100.0 
 281 1362622533     764880 0 3 40.0 100.0 
 281 1362622533     774921 0 3 40.0 100.0 
 282 1362622533     784935 0 3 40.0 100.0 
 281 1362622533     794953 0 3 40.0 100.0 
 281 1362622533     804932 0 3 40.0 100.0 
 281 1362622533     814939 0 3 40.0 100.0 
 281 1362622533     824974 0 3 40.0 100.0 
 280 1362622533     834930 0 3 40.0 100.0 
 281 1362622533     844970 0 3 40.0 100.0 
 281 1362622533     854997 0 3 40.0 100.0 
 281 1362622533     864949 0 3 40.0 100.0 
 281 1362622533     874996 0 3 40.0 100.0 
 281 1362622533     884965 0 3 40.0 100.0 
 281 1362622533     895002 0 3 40.0 100.0 
 281 1362622533     905018 0 3 40.0 100.0 
 281 1362622533     914995 0 3 40.0 100.0 
 281 1362622533     925047 0 3 40.0 100.0 
 281 1362622533     935027 0 3 40.0 100.0 
 281 1362622533     945019 0 3 40.0 100.0 
 281 1362622533     955055 0 3 40.0 100.0 
 281 1362622533     965048 0 3 40.0 100.0 
 281 1362622533     975044 0 3 40.0 100.0 
 281 1362622533     985048 0 3 40.0 100.0 
 281 1362622533     995043 0 3 40.0 100.0 
 281 1362622534       5074 0 3 40.0 100.0 
 281 1362622534      15053 0 3 40.0 100.0 
 281 1362622534      25108 0 3 40.0 100.0 
 281 1362622534      35062 0 3 40.0 100.0 
 281 1362622534      45126 0 3 40.0 100.0 
 281 1362622534      55101 0 3 40.0 100.0 
 281 1362622534      65109 0 3 40.0 100.0 
 281 1362622534      75140 0 3 40.0 100.0 
 281 1362622534      85152 0 3 40.0 100.0 
 281 1362622534      95119 0 3 40.0 100.0 
 282 1362622534     105112 0 3 40.0 100.0 
 281 1362622534     115152 0 3 40.0 100.0 
 281 1362622534     125147 0 3 40.0 100.0 
 281 1362622534     135184 0 3 40.0 100.0 
 280 1362622534     145181 0 3 40.0 100.0 
 281 1362622534     155199 0 3 40.0 100.0 
 280 1362622534     165204 0 3 40.0 100.0 
 281 1362622534     175155 0 3 40.0 100.0 
 281 1362622534     185160 0 3 40.0 100.0 
 281 1362622534     195183 0 3 40.0 100.0 
 281 1362622534     205198 0 3 40.0 100.0 
 282 1362622534     215205 0 3 40.0 100.0 
 281 1362622534     225240 0 3 40.0 100.0 
 281 1362622534     235236 0 3 40.0 100.0 
 280 1362622534     245230 0 3 40.0 100.0 
 281 1362622534     255212 0 3 40.0 100.0 
 281 1362622534     265268 0 3 40.0 100.0 
 280 1362622534     275253 0 3 40.0 100.0 
 281 1362622534     285248 0 3 40.0 100.0 
 281 1362622534     295251 0 3 40.0 100.0 
 282 1362622534     305286 0 3 40.0 100.0 
 280 1362622534     315285 0 3 40.0 100.0 
 281 1362622534     325254 0 3 40.0 100.0 
 280 1362622534     335256 0 3 40.0 100.0 
 281 1362622534     345284 0 3 40.0 100.0 
 281 1362622534     355282 0 3 40.0 100.0 
 281 1362622534     365283 0 3 40.0 100.0 
 281 1362622534     375326 0 3 40.0 100.0 
 281 1362622534     385299 0 3 40.0 100.0 
 281 1362622534     395336 0 3 40.0 100.0 
 281 1362622534     405340 0 3 40.0 100.0 
 281 1362622534     415368 0 3 40.0 100.0 
 281 1362622534     425325 0 3 40.0 100.0 
 281 1362622534     435370 0 3 40.0 100.0 
 281 1362622534     445364 0 3 40.0 100.0 
 281 1362622534     455368 0 3 40.0 100.0 
 281 1362622534     465380 0 3 40.0 100.0 
 281 1362622534     475396 0 3 40.0 100.0 
 281 1362622534     485379 0 3 40.0 100.0 
 281 1362622534     495423 0 3 40.0 100.0 
 281 1362622534     505381 0 3 40.0 100.0 
 281 1362622534     515436 0 3 40.0 100.0 
 281 1362622534     525415 0 3 40.0 100.0 
 281 1362622534     535406 0 3 40.0 100.0 
 282 1362622534     545454 0 3 40.0 100.0 
 281 1362622534     555464 0 3 40.0 100.0 
 282 1362622534     565424 0 3 40.0 100.0 
 281 1362622534     575419 0 3 40.0 100.0 
 280 1362622534     585437 0 3 40.0 100.0 
 281 1362622534     595482 0 3 40.0 100.0 
 280 1362622534     605489 0 3 40.0 100.0 
 281 1362622534     615486 0 3 40.0 100.0 
 281 1362622534     625478 0 3 40.0 100.0 
 281 1362622534     635503 0 3 40.0 100.0 
 280 1362622534     645506 0 3 40.0 100.0 
 281 1362622534     655496 0 3 40.0 100.0 
 280 1362622534     665497 0 3 40.0 100.0 
 281 1362622534     675511 0 3 40.0 100.0 
 281 1362622534     685523 0 3 40.0 100.0 
 282 1362622534     695510 0 3 40.0 100.0 
 281 1362622534     705514 0 3 40.0 100.0 
 281 1362622534     715525 0 3 40.0 100.0 
 280 1362622534     725538 0 3 40.0 100.0 
 281 1362622534     735529 0 3 40.0 100.0 
 281 1362622534     745569 0 3 40.0 100.0 
 281 1362622534     755570 0 3 40.0 100.0 
 281 1362622534     765570 0 3 40.0 100.0 
 281 1362622534     775569 0 3 40.0 100.0 
 281 1362622534     785601 0 3 40.0 100.0 
 281 1362622534     795599 0 3 40.0 100.0 
 281 1362622534     805598 0 3 40.0 100.0 
 280 1362622534     815600 0 3 40.0 100.0 
 281 1362622534     825598 0 3 40.0 100.0 
 280 1362622534     835603 0 3 40.0 100.0 
 281 1362622534     845628 0 3 40.0 100.0 
 281 1362622534     855613 0 3 40.0 100.0 
 281 1362622534     865633 0 3 40.0 100.0 
 282 1362622534     875660 0 3 40.0 100.0 
 280 1362622534     885670 0 3 40.0 100.0 
 281 1362622534     895675 0 3 40.0 100.0 
 281 1362622534     905662 0 3 40.0 100.0 
 281 1362622534     915660 0 3 40.0 100.0 
 281 1362622534     925708 0 3 40.0 100.0 
 281 1362622534     935688 0 3 40.0 100.0 
 281 1362622534     945702 0 3 40.0 100.0 
 281 1362622534     955732 0 3 40.0 100.0 
 281 1362622534     965707 0 3 40.0 100.0 
 281 1362622534     975702 0 3 40.0 100.0 
 281 1362622534     985714 0 3 40.0 100.0 
 281 1362622534     995733 0 3 40.0 100.0 
 281 1362622535       5714 0 3 40.0 100.0 
 281 1362622535      15726 0 3 40.0 100.0 
 281 1362622535      25721 0 3 40.0 100.0 
 281 1362622535      35770 0 3 40.0 100.0 
 281 1362622535      45730 0 3 40.0 100.0 
 280 1362622535      55764 0 3 40.0 100.0 
 281 1362622535      65798 0 3 40.0 100.0 
 281 1362622535      75789 0 3 40.0 100.0 
 281 1362622535      85771 0 3 40.0 100.0 
 280 1362622535      95776 0 3 40.0 100.0 
 281 1362622535     105819 0 3 40.0 100.0 
 281 1362622535     115774 0 3 40.0 100.0 
 281 1362622535     125811 0 3 40.0 100.0 
 281 1362622535     135829 0 3 40.0 100.0 
 281 1362622535     145833 0 3 40.0 100.0 
 281 1362622535     155804 0 3 40.0 100.0 
 280 1362622535     165814 0 3 40.0 100.0 
 281 1362622535     175818 0 3 40.0 100.0 
 281 1362622535     185878 0 3 40.0 100.0 
 282 1362622535     195840 0 3 40.0 100.0 
 281 1362622535     205851 0 3 40.0 100.0 
 282 1362622535     215873 0 3 40.0 100.0 
 282 1362622535     225866 0 3 40.0 100.0 
 281 1362622535     235860 0 3 40.0 100.0 
 281 1362622535     245907 0 3 40.0 100.0 
 281 1362622535     255879 0 3 40.0 100.0 
 280 1362622535     265883 0 3 40.0 100.0 
 281 1362622535     275882 0 3 40.0 100.0 
 281 1362622535     285886 0 3 40.0 100.0 
 281 1362622535     295902 0 3 40.0 100.0 
 281 1362622535     305922 0 3 40.0 100.0 
 281 1362622535     315914 0 3 40.0 100.0 
 281 1362622535     325971 0 3 40.0 100.0 
 281 1362622535     335973 0 3 40.0 100.0 
 281 1362622535     345967 0 3 40.0 100.0 
 281 1362622535     355969 0 3 40.0 100.0 
 281 1362622535     365976 0 3 40.0 100.0 
 281 1362622535     376000 0 3 40.0 100.0 
 281 1362622535     385975 0 3 40.0 100.0 
 281 1362622535     395974 0 3 40.0 100.0 
 281 1362622535     406010 0 3 40.0 100.0 
 281 1362622535     415988 0 3 40.0 100.0 
 281 1362622535     425985 0 3 40.0 100.0 
 281 1362622535     435998 0 3 40.0 100.0 
 281 1362622535     446046 0 3 40.0 100.0 
 281 1362622535     456019 0 3 40.0 100.0 
 281 1362622535     466055 0 3 40.0 100.0 
 281 1362622535     476020 0 3 40.0 100.0 
 281 1362622535     486079 0 3 40.0 100.0 
 281 1362622535     496051 0 3 40.0 100.0 
 281 1362622535     506081 0 3 40.0 100.0 
 281 1362622535     516063 0 3 40.0 100.0 
 281 1362622535     526099 0 3 40.0 100.0 
 280 1362622535     536111 0 3 40.0 100.0 
 281 1362622535     546110 0 3 40.0 100.0 
 281 1362622535     556118 0 3 40.0 100.0 
 281 1362622535     566072 0 3 40.0 100.0 
 281 1362622535     576087 0 3 40.0 100.0 
 281 1362622535     586099 0 3 40.0 100.0 
 281 1362622535     596153 0 3 40.0 100.0 
 281 1362622535     606134 0 3 40.0 100.0 
 281 1362622535     616152 0 3 40.0 100.0 
 280 1362622535     626130 0 3 40.0 100.0 
 282 1362622535     636117 0 3 40.0 100.0 
 281 1362622535     646177 0 3 40.0 100.0 
 282 1362622535     656151 0 3 40.0 100.0 
 281 1362622535     666158 0 3 40.0 100.0 
 281 1362622535     676185 0 3 40.0 100.0 
 280 1362622535     686201 0 3 40.0 100.0 
 280 1362622535     696170 0 3 40.0 100.0 
 281 1362622535     706160 0 3 40.0 100.0 
 281 1362622535     716196 0 3 40.0 100.0 
 281 1362622535     726226 0 3 40.0 100.0 
 281 1362622535     736197 0 3 40.0 100.0 
 281 1362622535     746222 0 3 40.0 100.0 
 281 1362622535     756239 0 3 40.0 100.0 
 281 1362622535     766232 0 3 40.0 100.0 
 281 1362622535     776213 0 3 40.0 100.0 
 281 1362622535     786221 0 3 40.0 100.0 
 281 1362622535     796229 0 3 40.0 100.0 
 281 1362622535     806229 0 3 40.0 100.0 
 280 1362622535     816269 0 3 40.0 100.0 
 281 1362622535     826284 0 3 40.0 100.0 
 281 1362622535     836310 0 3 40.0 100.0 
 281 1362622535     846298 0 3 40.0 100.0 
 281 1362622535     856306 0 3 40.0 100.0 
 280 1362622535     866299 0 3 40.0 100.0 
 281 1362622535     876334 0 3 40.0 100.0 
 281 1362622535     886343 0 3 40.0 100.0 
 281 1362622535     896346 0 3 40.0 100.0 
 281 1362622535     906311 0 3 40.0 100.0 
 281 1362622535     916336 0 3 40.0 100.0 
 281 1362622535     926365 0 3 40.0 100.0 
 281 1362622535     936342 0 3 40.0 100.0 
 281 1362622535     946336 0 3 40.0 100.0 
 281 1362622535     956327 0 3 40.0 100.0 
 281 1362622535     966395 0 3 40.0 100.0 
 281 1362622535     976387 0 3 40.0 100.0 
 281 1362622535     986373 0 3 40.0 100.0 
 281 1362622535     996372 0 3 40.0 100.0 
 282 1362622536       6379 0 3 40.0 100.0 
 281 1362622536      16412 0 3 40.0 100.0 
 281 1362622536      26402 0 3 40.0 100.0 
 280 1362622536      36411 0 3 40.0 100.0 
 281 1362622536      46436 0 3 40.0 100.0 
 281 1362622536      56433 0 3 40.0 100.0 
 281 1362622536      66439 0 3 40.0 100.0 
 281 1362622536      76449 0 3 40.0 100.0 
 281 1362622536      86461 0 3 40.0 100.0 
 281 1362622536      96423 0 3 40.0 100.0 
 281 1362622536     106480 0 3 40.0 100.0 
 281 1362622536     116463 0 3 40.0 100.0 
 280 1362622536     126466 0 3 40.0 100.0 
 281 1362622536     136465 0 3 40.0 100.0 
 281 1362622536     146495 0 3 40.0 100.0 
 282 1362622536     156482 0 3 40.0 100.0 
 281 1362622536     166485 0 3 40.0 100.0 
 281 1362622536     176533 0 3 40.0 100.0 
 281 1362622536     186510 0 3 40.0 100.0 
 281 1362622536     196493 0 3 40.0 100.0 
 281 1362622536     206546 0 3 40.0 100.0 
 281 1362622536     216515 0 3 40.0 100.0 
 281 1362622536     226557 0 3 40.0 100.0 
 281 1362622536     236534 0 3 40.0 100.0 
 281 1362622536     246546 0 3 40.0 100.0 
 281 1362622536     256543 0 3 40.0 100.0 
 281 1362622536     266549 0 3 40.0 100.0 
 281 1362622536     276602 0 3 40.0 100.0 
 281 1362622536     286598 0 3 40.0 100.0 
 281 1362622536     296577 0 3 40.0 100.0 
 281 1362622536     306570 0 3 40.0 100.0 
 281 1362622536     316596 0 3 40.0 100.0 
 281 1362622536     326629 0 3 40.0 100.0 
 281 1362622536     336593 0 3 40.0 100.0 
 281 1362622536     346603 0 3 40.0 100.0 
 281 1362622536     356620 0 3 40.0 100.0 
 281 1362622536     366625 0 3 40.0 100.0 
 281 1362622536     376640 0 3 40.0 100.0 
 282 1362622536     386645 0 3 40.0 100.0 
 281 1362622536     396669 0 3 40.0 100.0 
 281 1362622536     406644 0 3 40.0 100.0 
 282 1362622536     416684 0 3 40.0 100.0 
 281 1362622536     426669 0 3 40.0 100.0 
 281 1362622536     436668 0 3 40.0 100.0 
 281 1362622536     446680 0 3 40.0 100.0 
 281 1362622536     456669 0 3 40.0 100.0 
 282 1362622536     466717 0 3 40.0 100.0 
 281 1362622536     476717 0 3 40.0 100.0 
 281 1362622536     486710 0 3 40.0 100.0 
 281 1362622536     496694 0 3 40.0 100.0 
 281 1362622536     506750 0 3 40.0 100.0 
 280 1362622536     516738 0 3 40.0 100.0 
 280 1362622536     526730 0 3 40.0 100.0 
 281 1362622536     536721 0 3 40.0 100.0 
 281 1362622536     546762 0 3 40.0 100.0 
 281 1362622536     556726 0 3 40.0 100.0 
 281 1362622536     566764 0 3 40.0 100.0 
 281 1362622536     576775 0 3 40.0 100.0 
 281 1362622536     586773 0 3 40.0 100.0 
 282 1362622536     596810 0 3 40.0 100.0 
 281 1362622536     606799 0 3 40.0 100.0 
 281 1362622536     616823 0 3 40.0 100.0 
 281 1362622536     626831 0 3 40.0 100.0 
 281 1362622536     636805 0 3 40.0 100.0 
 280 1362622536     646788 0 3 40.0 100.0 
 281 1362622536     656793 0 3 40.0 100.0 
 281 1362622536     666851 0 3 40.0 100.0 
 281 1362622536     676833 0 3 40.0 100.0 
 281 1362622536     686850 0 3 40.0 100.0 
 281 1362622536     696822 0 3 40.0 100.0 
 281 1362622536     706872 0 3 40.0 100.0 
 282 1362622536     716846 0 3 40.0 100.0 
 281 1362622536     726876 0 3 40.0 100.0 
 281 1362622536     736853 0 3 40.0 100.0 
 281 1362622536     746883 0 3 40.0 100.0 
 280 1362622536     756888 0 3 40.0 100.0 
 281 1362622536     766914 0 3 40.0 100.0 
 281 1362622536     776893 0 3 40.0 100.0 
 281 1362622536     786909 0 3 40.0 100.0 
 281 1362622536     796887 0 3 40.0 100.0 
 280 1362622536     806895 0 3 40.0 100.0 
 281 1362622536     816924 0 3 40.0 100.0 
 281 1362622536     826934 0 3 40.0 100.0 
 281 1362622536     836944 0 3 40.0 100.0 
 280 1362622536     846968 0 3 40.0 100.0 
 281 1362622536     856925 0 3 40.0 100.0 
 281 1362622536     866939 0 3 40.0 100.0 
 282 1362622536     876950 0 3 40.0 100.0 
 281 1362622536     886987 0 3 40.0 100.0 
 281 1362622536     896989 0 3 40.0 100.0 
 281 1362622536     906962 0 3 40.0 100.0 
 281 1362622536     916961 0 3 40.0 100.0 
 281 1362622536     927002 0 3 40.0 100.0 
 281 1362622536     937016 0 3 40.0 100.0 
 281 1362622536     947024 0 3 40.0 100.0 
 281 1362622536     957043 0 3 40.0 100.0 
 281 1362622536     967009 0 3 40.0 100.0 
 281 1362622536     977040 0 3 40.0 100.0 
 281 1362622536     987025 0 3 40.0 100.0 
 281 1362622536     997064 0 3 40.0 100.0 
 281 1362622537       7024 0 3 40.0 100.0 
 280 1362622537      17074 0 3 40.0 100.0 
 281 1362622537      27066 0 3 40.0 100.0 
 280 1362622537      37074 0 3 40.0 100.0 
 281 1362622537      47103 0 3 40.0 100.0 
 280 1362622537      57057 0 3 40.0 100.0 
 281 1362622537      67096 0 3 40.0 100.0 
 281 1362622537      77104 0 3 40.0 100.0 
 281 1362622537      87123 0 3 40.0 100.0 
 282 1362622537      97118 0 3 40.0 100.0 
 281 1362622537     107090 0 3 40.0 100.0 
 281 1362622537     117120 0 3 40.0 100.0 
 280 1362622537     127115 0 3 40.0 100.0 
 281 1362622537     137140 0 3 40.0 100.0 
 281 1362622537     147169 0 3 40.0 100.0 
 280 1362622537     157131 0 3 40.0 100.0 
 281 1362622537     167166 0 3 40.0 100.0 
 281 1362622537     177144 0 3 40.0 100.0 
 281 1362622537     187151 0 3 40.0 100.0 
 281 1362622537     197175 0 3 40.0 100.0 
 281 1362622537     207167 0 3 40.0 100.0 
 281 1362622537     217208 0 3 40.0 100.0 
 281 1362622537     227219 0 3 40.0 100.0 
 281 1362622537     237225 0 3 40.0 100.0 
 281 1362622537     247242 0 3 40.0 100.0 
 280 1362622537     257237 0 3 40.0 100.0 
 281 1362622537     267228 0 3 40.0 100.0 
 281 1362622537     277244 0 3 40.0 100.0 
 281 1362622537     287254 0 3 40.0 100.0 
 281 1362622537     297251 0 3 40.0 100.0 
 281 1362622537     307228 0 3 40.0 100.0 
 281 1362622537     317287 0 3 40.0 100.0 
 281 1362622537     327245 0 3 40.0 100.0 
 281 1362622537     337258 0 3 40.0 100.0 
 281 1362622537     347276 0 3 40.0 100.0 
 281 1362622537     357289 0 3 40.0 100.0 
 281 1362622537     367306 0 3 40.0 100.0 
 281 1362622537     377268 0 3 40.0 100.0 
 280 1362622537     387308 0 3 40.0 100.0 
 281 1362622537     397332 0 3 40.0 100.0 
 281 1362622537     407303 0 3 40.0 100.0 
 281 1362622537     417306 0 3 40.0 100.0 
 282 1362622537     427349 0 3 40.0 100.0 
 281 1362622537     437308 0 3 40.0 100.0 
 281 1362622537     447354 0 3 40.0 100.0 
 281 1362622537     457348 0 3 40.0 100.0 
 281 1362622537     467346 0 3 40.0 100.0 
 281 1362622537     477369 0 3 40.0 100.0 
 281 1362622537     487393 0 3 40.0 100.0 
 281 1362622537     497403 0 3 40.0 100.0 
 281 1362622537     507383 0 3 40.0 100.0 
 281 1362622537     517380 0 3 40.0 100.0 
 282 1362622537     527396 0 3 40.0 100.0 
 281 1362622537     537433 0 3 40.0 100.0 
 281 1362622537     547383 0 3 40.0 100.0 
 281 1362622537     557399 0 3 40.0 100.0 
 282 1362622537     567411 0 3 40.0 100.0 
 281 1362622537     577441 0 3 40.0 100.0 
 281 1362622537     587458 0 3 40.0 100.0 
 281 1362622537     597470 0 3 40.0 100.0 
 281 1362622537     607423 0 3 40.0 100.0 
 281 1362622537     617435 0 3 40.0 100.0 
 280 1362622537     627517 0 3 40.0 100.0 
 281 1362622537     637453 0 3 40.0 100.0 
 281 1362622537     647482 0 3 40.0 100.0 
 281 1362622537     657468 0 3 40.0 100.0 
 282 1362622537     667471 0 3 40.0 100.0 
 280 1362622537     677488 0 3 40.0 100.0 
 281 1362622537     687494 0 3 40.0 100.0 
 281 1362622537     697514 0 3 40.0 100.0 
 281 1362622537     707485 0 3 40.0 100.0 
 280 1362622537     717528 0 3 40.0 100.0 
 281 1362622537     727527 0 3 40.0 100.0 
 281 1362622537     737524 0 3 40.0 100.0 
 281 1362622537     747511 0 3 40.0 100.0 
 281 1362622537     757579 0 3 40.0 100.0 
 282 1362622537     767533 0 3 40.0 100.0 
 282 1362622537     777535 0 3 40.0 100.0 
 281 1362622537     787584 0 3 40.0 100.0 
 281 1362622537     797582 0 3 40.0 100.0 
 280 1362622537     807585 0 3 40.0 100.0 
 281 1362622537     817597 0 3 40.0 100.0 
 280 1362622537     827574 0 3 40.0 100.0 
 281 1362622537     837603 0 3 40.0 100.0 
 281 1362622537     847625 0 3 40.0 100.0 
 282 1362622537     857608 0 3 40.0 100.0 
 281 1362622537     867615 0 3 40.0 100.0 
 282 1362622537     877602 0 3 40.0 100.0 
 281 1362622537     887640 0 3 40.0 100.0 
 282 1362622537     897609 0 3 40.0 100.0 
 281 1362622537     907639 0 3 40.0 100.0 
 281 1362622537     917667 0 3 40.0 100.0 
 281 1362622537     927674 0 3 40.0 100.0 
 281 1362622537     937670 0 3 40.0 100.0 
 281 1362622537     947650 0 3 40.0 100.0 
 281 1362622537     957665 0 3 40.0 100.0 
 281 1362622537     967704 0 3 40.0 100.0 
 281 1362622537     977716 0 3 40.0 100.0 
 281 1362622537     987696 0 3 40.0 100.0 
 280 1362622537     997684 0 3 40.0 100.0 
 281 1362622538       7682 0 3 40.0 100.0 
 281 1362622538      17695 0 3 40.0 100.0 
 281 1362622538      27694 0 3 40.0 100.0 
 281 1362622538      37751 0 3 40.0 100.0 
 280 1362622538      47758 0 3 40.0 100.0 
 281 1362622538      57736 0 3 40.0 100.0 
 281 1362622538      67739 0 3 40.0 100.0 
 281 1362622538      77781 0 3 40.0 100.0 
 281 1362622538      87774 0 3 40.0 100.0 
 281 1362622538      97757 0 3 40.0 100.0 
 281 1362622538     107807 0 3 40.0 100.0 
 282 1362622538     117815 0 3 40.0 100.0 
 282 1362622538     127783 0 3 40.0 100.0 
 281 1362622538     137806 0 3 40.0 100.0 
 281 1362622538     147817 0 3 40.0 100.0 
 281 1362622538     157806 0 3 40.0 100.0 
 280 1362622538     167830 0 3 40.0 100.0 
 280 1362622538     177854 0 3 40.0 100.0 
 281 1362622538     187846 0 3 40.0 100.0 
 280 1362622538     197863 0 3 40.0 100.0 
 282 1362622538     207846 0 3 40.0 100.0 
 281 1362622538     217834 0 3 40.0 100.0 
 282 1362622538     227869 0 3 40.0 100.0 
 281 1362622538     237878 0 3 40.0 100.0 
 281 1362622538     247902 0 3 40.0 100.0 
 281 1362622538     257905 0 3 40.0 100.0 
 281 1362622538     267910 0 3 40.0 100.0 
 280 1362622538     277900 0 3 40.0 100.0 
 281 1362622538     287899 0 3 40.0 100.0 
 281 1362622538     297886 0 3 40.0 100.0 
 281 1362622538     307930 0 3 40.0 100.0 
 281 1362622538     317928 0 3 40.0 100.0 
 281 1362622538     327912 0 3 40.0 100.0 
 282 1362622538     337924 0 3 40.0 100.0 
 281 1362622538     347924 0 3 40.0 100.0 
 281 1362622538     357922 0 3 40.0 100.0 
 281 1362622538     367931 0 3 40.0 100.0 
 281 1362622538     377927 0 3 40.0 100.0 
 281 1362622538     387947 0 3 40.0 100.0 
 281 1362622538     397940 0 3 40.0 100.0 
 282 1362622538     408007 0 3 40.0 100.0 
 281 1362622538     417982 0 3 40.0 100.0 
 281 1362622538     427987 0 3 40.0 100.0 
 281 1362622538     437993 0 3 40.0 100.0 
 281 1362622538     447991 0 3 40.0 100.0 
 280 1362622538     458002 0 3 40.0 100.0 
 281 1362622538     468010 0 3 40.0 100.0 
 281 1362622538     477996 0 3 40.0 100.0 
 282 1362622538     488003 0 3 40.0 100.0 
 280 1362622538     498059 0 3 40.0 100.0 
 281 1362622538     508045 0 3 40.0 100.0 
 281 1362622538     518038 0 3 40.0 100.0 
 281 1362622538     528076 0 3 40.0 100.0 
 281 1362622538     538037 0 3 40.0 100.0 
 280 1362622538     548098 0 3 40.0 100.0 
 281 1362622538     558079 0 3 40.0 100.0 
 281 1362622538     568075 0 3 40.0 100.0 
 281 1362622538     578125 0 3 40.0 100.0 
 281 1362622538     588129 0 3 40.0 100.0 
 281 1362622538     598137 0 3 40.0 100.0 
 282 1362622538     608088 0 3 40.0 100.0 
 280 1362622538     618133 0 3 40.0 100.0 
 282 1362622538     628114 0 3 40.0 100.0 
 281 1362622538     638160 0 3 40.0 100.0 
 281 1362622538     648116 0 3 40.0 100.0 
 281 1362622538     658141 0 3 40.0 100.0 
 281 1362622538     668138 0 3 40.0 100.0 
 281 1362622538     678143 0 3 40.0 100.0 
 281 1362622538     688195 0 3 40.0 100.0 
 281 1362622538     698142 0 3 40.0 100.0 
 282 1362622538     708189 0 3 40.0 100.0 
 281 1362622538     718201 0 3 40.0 100.0 
 282 1362622538     728219 0 3 40.0 100.0 
 281 1362622538     738223 0 3 40.0 100.0 
 281 1362622538     748204 0 3 40.0 100.0 
 281 1362622538     758230 0 3 40.0 100.0 
 281 1362622538     768209 0 3 40.0 100.0 
 282 1362622538     778235 0 3 40.0 100.0 
 281 1362622538     788249 0 3 40.0 100.0 
 281 1362622538     798218 0 3 40.0 100.0 
 280 1362622538     808220 0 3 40.0 100.0 
 281 1362622538     818222 0 3 40.0 100.0 
 280 1362622538     828242 0 3 40.0 100.0 
 281 1362622538     838241 0 3 40.0 100.0 
 281 1362622538     848255 0 3 40.0 100.0 
 281 1362622538     858268 0 3 40.0 100.0 
 281 1362622538     868289 0 3 40.0 100.0 
 280 1362622538     878293 0 3 40.0 100.0 
 281 1362622538     888298 0 3 40.0 100.0 
 281 1362622538     898326 0 3 40.0 100.0 
 281 1362622538     908301 0 3 40.0 100.0 
 281 1362622538     918330 0 3 40.0 100.0 
 281 1362622538     928306 0 3 40.0 100.0 
 281 1362622538     938317 0 3 40.0 100.0 
 281 1362622538     948303 0 3 40.0 100.0 
 281 1362622538     958311 0 3 40.0 100.0 
 281 1362622538     968354 0 3 40.0 100.0 
 281 1362622538     978339 0 3 40.0 100.0 
 281 1362622538     988384 0 3 40.0 100.0 
 281 1362622538     998374 0 3 40.0 100.0 
 281 1362622539       8340 0 3 40.0 100.0 
 281 1362622539      18375 0 3 40.0 100.0 
 281 1362622539      28366 0 3 40.0 100.0 
 282 1362622539      38390 0 3 40.0 100.0 
 281 1362622539      48416 0 3 40.0 100.0 
 282 1362622539      58382 0 3 40.0 100.0 
 281 1362622539      68427 0 3 40.0 100.0 
 281 1362622539      78393 0 3 40.0 100.0 
 281 1362622539      88454 0 3 40.0 100.0 
 281 1362622539      98463 0 3 40.0 100.0 
