 459 1362624223      61118 0 11 40.0 150.0 
 459 1362624223      71073 0 11 40.0 150.0 
 459 1362624223      81074 0 11 40.0 150.0 
 459 1362624223      91111 0 11 40.0 150.0 
 459 1362624223     101120 0 11 40.0 150.0 
 459 1362624223     111113 0 11 40.0 150.0 
 459 1362624223     121107 0 11 40.0 150.0 
 458 1362624223     131219 0 11 40.0 150.0 
 459 1362624223     141175 0 11 40.0 150.0 
 459 1362624223     151162 0 11 40.0 150.0 
 459 1362624223     161145 0 11 40.0 150.0 
 459 1362624223     171090 0 11 40.0 150.0 
 459 1362624223     181173 0 11 40.0 150.0 
 458 1362624223     191169 0 11 40.0 150.0 
 460 1362624223     201163 0 11 40.0 150.0 
 459 1362624223     211132 0 11 40.0 150.0 
 459 1362624223     221219 0 11 40.0 150.0 
 459 1362624223     231186 0 11 40.0 150.0 
 459 1362624223     241269 0 11 40.0 150.0 
 459 1362624223     262468 0 11 40.0 150.0 
 459 1362624223     271199 0 11 40.0 150.0 
 459 1362624223     281197 0 11 40.0 150.0 
 459 1362624223     291203 0 11 40.0 150.0 
 460 1362624223     301160 0 11 40.0 150.0 
 459 1362624223     311167 0 11 40.0 150.0 
 459 1362624223     321167 0 11 40.0 150.0 
 460 1362624223     331222 0 11 40.0 150.0 
 458 1362624223     341217 0 11 40.0 150.0 
 458 1362624223     351195 0 11 40.0 150.0 
 459 1362624223     361199 0 11 40.0 150.0 
 458 1362624223     371260 0 11 40.0 150.0 
 459 1362624223     381278 0 11 40.0 150.0 
 459 1362624223     391232 0 11 40.0 150.0 
 459 1362624223     401281 0 11 40.0 150.0 
 459 1362624223     411273 0 11 40.0 150.0 
 459 1362624223     421293 0 11 40.0 150.0 
 459 1362624223     431291 0 11 40.0 150.0 
 459 1362624223     441293 0 11 40.0 150.0 
 459 1362624223     451273 0 11 40.0 150.0 
 459 1362624223     461271 0 11 40.0 150.0 
 459 1362624223     471273 0 11 40.0 150.0 
 459 1362624223     481338 0 11 40.0 150.0 
 459 1362624223     491285 0 11 40.0 150.0 
 460 1362624223     501338 0 11 40.0 150.0 
 459 1362624223     511329 0 11 40.0 150.0 
 459 1362624223     521335 0 11 40.0 150.0 
 458 1362624223     531345 0 11 40.0 150.0 
 459 1362624223     541350 0 11 40.0 150.0 
 458 1362624223     551335 0 11 40.0 150.0 
 459 1362624223     561342 0 11 40.0 150.0 
 459 1362624223     571361 0 11 40.0 150.0 
 458 1362624223     581372 0 11 40.0 150.0 
 459 1362624223     591390 0 11 40.0 150.0 
 459 1362624223     601375 0 11 40.0 150.0 
 459 1362624223     611377 0 11 40.0 150.0 
 459 1362624223     621383 0 11 40.0 150.0 
 459 1362624223     631388 0 11 40.0 150.0 
 459 1362624223     641397 0 11 40.0 150.0 
 459 1362624223     651428 0 11 40.0 150.0 
 458 1362624223     661431 0 11 40.0 150.0 
 459 1362624223     671444 0 11 40.0 150.0 
 459 1362624223     681454 0 11 40.0 150.0 
 459 1362624223     691458 0 11 40.0 150.0 
 459 1362624223     701447 0 11 40.0 150.0 
 459 1362624223     711463 0 11 40.0 150.0 
 459 1362624223     721462 0 11 40.0 150.0 
 458 1362624223     731469 0 11 40.0 150.0 
 459 1362624223     741468 0 11 40.0 150.0 
 458 1362624223     751454 0 11 40.0 150.0 
 459 1362624223     761461 0 11 40.0 150.0 
 459 1362624223     771482 0 11 40.0 150.0 
 459 1362624223     781487 0 11 40.0 150.0 
 460 1362624223     791485 0 11 40.0 150.0 
 458 1362624223     801546 0 11 40.0 150.0 
 459 1362624223     811544 0 11 40.0 150.0 
 459 1362624223     821550 0 11 40.0 150.0 
 459 1362624223     831560 0 11 40.0 150.0 
 460 1362624223     841572 0 11 40.0 150.0 
 459 1362624223     851549 0 11 40.0 150.0 
 459 1362624223     861561 0 11 40.0 150.0 
 459 1362624223     871564 0 11 40.0 150.0 
 459 1362624223     881567 0 11 40.0 150.0 
 459 1362624223     891580 0 11 40.0 150.0 
 458 1362624223     901584 0 11 40.0 150.0 
 460 1362624223     911594 0 11 40.0 150.0 
 458 1362624223     921607 0 11 40.0 150.0 
 459 1362624223     931607 0 11 40.0 150.0 
 458 1362624223     941606 0 11 40.0 150.0 
 459 1362624223     951641 0 11 40.0 150.0 
 459 1362624223     961651 0 11 40.0 150.0 
 459 1362624223     971606 0 11 40.0 150.0 
 459 1362624223     981602 0 11 40.0 150.0 
 459 1362624223     991636 0 11 40.0 150.0 
 460 1362624224       1619 0 11 40.0 150.0 
 459 1362624224      11654 0 11 40.0 150.0 
 459 1362624224      21666 0 11 40.0 150.0 
 459 1362624224      31672 0 11 40.0 150.0 
 458 1362624224      41706 0 11 40.0 150.0 
 460 1362624224      51715 0 11 40.0 150.0 
 459 1362624224      61658 0 11 40.0 150.0 
