 608 1362624381     405755 1 1 40.0 150.0 
 607 1362624381     415785 1 1 40.0 150.0 
 607 1362624381     425779 1 1 40.0 150.0 
 608 1362624381     435810 1 1 40.0 150.0 
 608 1362624381     445778 1 1 40.0 150.0 
 607 1362624381     455778 1 1 40.0 150.0 
 607 1362624381     465820 1 1 40.0 150.0 
 607 1362624381     475782 1 1 40.0 150.0 
 608 1362624381     485782 1 1 40.0 150.0 
 607 1362624381     495876 1 1 40.0 150.0 
 607 1362624381     505827 1 1 40.0 150.0 
 608 1362624381     515758 1 1 40.0 150.0 
 608 1362624381     525917 1 1 40.0 150.0 
 607 1362624381     535833 1 1 40.0 150.0 
 607 1362624381     545903 1 1 40.0 150.0 
 608 1362624381     555885 1 1 40.0 150.0 
 608 1362624381     566039 1 1 40.0 150.0 
 608 1362624381     575903 1 1 40.0 150.0 
 607 1362624381     585834 1 1 40.0 150.0 
 608 1362624381     595805 1 1 40.0 150.0 
 608 1362624381     605828 1 1 40.0 150.0 
 608 1362624381     615851 1 1 40.0 150.0 
 607 1362624381     625811 1 1 40.0 150.0 
 607 1362624381     635847 1 1 40.0 150.0 
 608 1362624381     645866 1 1 40.0 150.0 
 607 1362624381     655843 1 1 40.0 150.0 
 607 1362624381     665872 1 1 40.0 150.0 
 607 1362624381     675891 1 1 40.0 150.0 
 607 1362624381     685868 1 1 40.0 150.0 
 608 1362624381     695893 1 1 40.0 150.0 
 608 1362624381     705857 1 1 40.0 150.0 
 607 1362624381     715888 1 1 40.0 150.0 
 608 1362624381     725896 1 1 40.0 150.0 
 607 1362624381     735922 1 1 40.0 150.0 
 607 1362624381     745939 1 1 40.0 150.0 
 608 1362624381     755904 1 1 40.0 150.0 
 608 1362624381     765944 1 1 40.0 150.0 
 608 1362624381     775956 1 1 40.0 150.0 
 607 1362624381     785968 1 1 40.0 150.0 
 608 1362624381     795951 1 1 40.0 150.0 
 608 1362624381     805968 1 1 40.0 150.0 
 607 1362624381     815984 1 1 40.0 150.0 
 607 1362624381     825938 1 1 40.0 150.0 
 607 1362624381     835961 1 1 40.0 150.0 
 608 1362624381     845988 1 1 40.0 150.0 
 607 1362624381     855999 1 1 40.0 150.0 
 607 1362624381     866029 1 1 40.0 150.0 
 608 1362624381     876004 1 1 40.0 150.0 
 608 1362624381     886025 1 1 40.0 150.0 
 609 1362624381     896006 1 1 40.0 150.0 
 607 1362624381     906044 1 1 40.0 150.0 
 607 1362624381     916006 1 1 40.0 150.0 
 607 1362624381     926047 1 1 40.0 150.0 
 607 1362624381     936078 1 1 40.0 150.0 
 608 1362624381     946044 1 1 40.0 150.0 
 607 1362624381     956066 1 1 40.0 150.0 
 607 1362624381     966042 1 1 40.0 150.0 
 607 1362624381     976055 1 1 40.0 150.0 
 608 1362624381     986083 1 1 40.0 150.0 
 608 1362624381     996110 1 1 40.0 150.0 
 607 1362624382       6064 1 1 40.0 150.0 
 607 1362624382      16098 1 1 40.0 150.0 
 608 1362624382      26126 1 1 40.0 150.0 
 607 1362624382      36089 1 1 40.0 150.0 
 607 1362624382      46117 1 1 40.0 150.0 
 607 1362624382      56140 1 1 40.0 150.0 
 608 1362624382      66162 1 1 40.0 150.0 
 607 1362624382      76141 1 1 40.0 150.0 
 607 1362624382      86107 1 1 40.0 150.0 
 608 1362624382      96140 1 1 40.0 150.0 
 608 1362624382     106159 1 1 40.0 150.0 
 607 1362624382     116165 1 1 40.0 150.0 
 608 1362624382     126181 1 1 40.0 150.0 
 608 1362624382     136200 1 1 40.0 150.0 
 608 1362624382     146163 1 1 40.0 150.0 
 607 1362624382     156195 1 1 40.0 150.0 
 607 1362624382     166161 1 1 40.0 150.0 
 607 1362624382     176184 1 1 40.0 150.0 
 608 1362624382     186217 1 1 40.0 150.0 
 608 1362624382     196226 1 1 40.0 150.0 
 606 1362624382     206190 1 1 40.0 150.0 
 608 1362624382     216235 1 1 40.0 150.0 
 608 1362624382     226255 1 1 40.0 150.0 
 607 1362624382     236255 1 1 40.0 150.0 
 608 1362624382     246282 1 1 40.0 150.0 
 607 1362624382     256288 1 1 40.0 150.0 
 608 1362624382     266250 1 1 40.0 150.0 
 607 1362624382     276283 1 1 40.0 150.0 
 607 1362624382     286243 1 1 40.0 150.0 
 608 1362624382     296273 1 1 40.0 150.0 
 607 1362624382     306290 1 1 40.0 150.0 
 608 1362624382     316316 1 1 40.0 150.0 
 607 1362624382     326299 1 1 40.0 150.0 
 607 1362624382     336282 1 1 40.0 150.0 
 607 1362624382     346307 1 1 40.0 150.0 
 606 1362624382     356346 1 1 40.0 150.0 
 608 1362624382     366321 1 1 40.0 150.0 
 608 1362624382     376360 1 1 40.0 150.0 
 607 1362624382     386309 1 1 40.0 150.0 
 608 1362624382     396347 1 1 40.0 150.0 
