 593 1362629931     126653 3 2 40.0 150.0 
 592 1362629931     136710 3 2 40.0 150.0 
 592 1362629931     146719 3 2 40.0 150.0 
 592 1362629931     156716 3 2 40.0 150.0 
 593 1362629931     166803 3 2 40.0 150.0 
 593 1362629931     176688 3 2 40.0 150.0 
 593 1362629931     186734 3 2 40.0 150.0 
 593 1362629931     196783 3 2 40.0 150.0 
 592 1362629931     215319 3 2 40.0 150.0 
 594 1362629931     216754 3 2 40.0 150.0 
 593 1362629931     226708 3 2 40.0 150.0 
 592 1362629931     236710 3 2 40.0 150.0 
 593 1362629931     246733 3 2 40.0 150.0 
 593 1362629931     256738 3 2 40.0 150.0 
 592 1362629931     266735 3 2 40.0 150.0 
 593 1362629931     276747 3 2 40.0 150.0 
 593 1362629931     286733 3 2 40.0 150.0 
 593 1362629931     296732 3 2 40.0 150.0 
 593 1362629931     306737 3 2 40.0 150.0 
 593 1362629931     316734 3 2 40.0 150.0 
 592 1362629931     326805 3 2 40.0 150.0 
 593 1362629931     336802 3 2 40.0 150.0 
 593 1362629931     346804 3 2 40.0 150.0 
 593 1362629931     356814 3 2 40.0 150.0 
 592 1362629931     366823 3 2 40.0 150.0 
 593 1362629931     376785 3 2 40.0 150.0 
 593 1362629931     386843 3 2 40.0 150.0 
 593 1362629931     396792 3 2 40.0 150.0 
 593 1362629931     406796 3 2 40.0 150.0 
 593 1362629931     416863 3 2 40.0 150.0 
 593 1362629931     426814 3 2 40.0 150.0 
 593 1362629931     436869 3 2 40.0 150.0 
 592 1362629931     446877 3 2 40.0 150.0 
 593 1362629931     456879 3 2 40.0 150.0 
 592 1362629931     466876 3 2 40.0 150.0 
 593 1362629931     476887 3 2 40.0 150.0 
 592 1362629931     486888 3 2 40.0 150.0 
 593 1362629931     496898 3 2 40.0 150.0 
 593 1362629931     506913 3 2 40.0 150.0 
 593 1362629931     516919 3 2 40.0 150.0 
 593 1362629931     526880 3 2 40.0 150.0 
 592 1362629931     536902 3 2 40.0 150.0 
 593 1362629931     546904 3 2 40.0 150.0 
 593 1362629931     556931 3 2 40.0 150.0 
 593 1362629931     566956 3 2 40.0 150.0 
 593 1362629931     576907 3 2 40.0 150.0 
 593 1362629931     586963 3 2 40.0 150.0 
 592 1362629931     596979 3 2 40.0 150.0 
 593 1362629931     606979 3 2 40.0 150.0 
 593 1362629931     616982 3 2 40.0 150.0 
 592 1362629931     626990 3 2 40.0 150.0 
 593 1362629931     636972 3 2 40.0 150.0 
 592 1362629931     646988 3 2 40.0 150.0 
 593 1362629931     657001 3 2 40.0 150.0 
 592 1362629931     667022 3 2 40.0 150.0 
 593 1362629931     677031 3 2 40.0 150.0 
 593 1362629931     687019 3 2 40.0 150.0 
 592 1362629931     697018 3 2 40.0 150.0 
 592 1362629931     707038 3 2 40.0 150.0 
 593 1362629931     717052 3 2 40.0 150.0 
 594 1362629931     727051 3 2 40.0 150.0 
 593 1362629931     737042 3 2 40.0 150.0 
 593 1362629931     747033 3 2 40.0 150.0 
 593 1362629931     757045 3 2 40.0 150.0 
 592 1362629931     767053 3 2 40.0 150.0 
 593 1362629931     777055 3 2 40.0 150.0 
 592 1362629931     787103 3 2 40.0 150.0 
 593 1362629931     797055 3 2 40.0 150.0 
 593 1362629931     807065 3 2 40.0 150.0 
 593 1362629931     817081 3 2 40.0 150.0 
 592 1362629931     827080 3 2 40.0 150.0 
 592 1362629931     837078 3 2 40.0 150.0 
 593 1362629931     847099 3 2 40.0 150.0 
 593 1362629931     857123 3 2 40.0 150.0 
 593 1362629931     867137 3 2 40.0 150.0 
 593 1362629931     877112 3 2 40.0 150.0 
 593 1362629931     887183 3 2 40.0 150.0 
 593 1362629931     897176 3 2 40.0 150.0 
 593 1362629931     907126 3 2 40.0 150.0 
 593 1362629931     917135 3 2 40.0 150.0 
 592 1362629931     927148 3 2 40.0 150.0 
 594 1362629931     937206 3 2 40.0 150.0 
 593 1362629931     947208 3 2 40.0 150.0 
 593 1362629931     957213 3 2 40.0 150.0 
 592 1362629931     967207 3 2 40.0 150.0 
 593 1362629931     977231 3 2 40.0 150.0 
 593 1362629931     987209 3 2 40.0 150.0 
 592 1362629931     997196 3 2 40.0 150.0 
 592 1362629932       7206 3 2 40.0 150.0 
 592 1362629932      17223 3 2 40.0 150.0 
 594 1362629932      27219 3 2 40.0 150.0 
 593 1362629932      37221 3 2 40.0 150.0 
 592 1362629932      47222 3 2 40.0 150.0 
 593 1362629932      57246 3 2 40.0 150.0 
 593 1362629932      67246 3 2 40.0 150.0 
 592 1362629932      77267 3 2 40.0 150.0 
 592 1362629932      87264 3 2 40.0 150.0 
 592 1362629932      97264 3 2 40.0 150.0 
 592 1362629932     107277 3 2 40.0 150.0 
 593 1362629932     117281 3 2 40.0 150.0 
