 456 1362622351      24210 0 2 40.0 150.0 
 456 1362622351      34277 0 2 40.0 150.0 
 456 1362622351      44339 0 2 40.0 150.0 
 456 1362622351      54267 0 2 40.0 150.0 
 456 1362622351      64289 0 2 40.0 150.0 
 457 1362622351      74280 0 2 40.0 150.0 
 456 1362622351      84288 0 2 40.0 150.0 
 456 1362622351      94249 0 2 40.0 150.0 
 456 1362622351     104294 0 2 40.0 150.0 
 456 1362622351     114397 0 2 40.0 150.0 
 456 1362622351     124283 0 2 40.0 150.0 
 456 1362622351     134290 0 2 40.0 150.0 
 457 1362622351     144374 0 2 40.0 150.0 
 456 1362622351     154491 0 2 40.0 150.0 
 457 1362622351     164407 0 2 40.0 150.0 
 456 1362622351     174322 0 2 40.0 150.0 
 456 1362622351     184318 0 2 40.0 150.0 
 456 1362622351     194332 0 2 40.0 150.0 
 456 1362622351     204331 0 2 40.0 150.0 
 456 1362622351     214330 0 2 40.0 150.0 
 456 1362622351     224355 0 2 40.0 150.0 
 457 1362622351     234370 0 2 40.0 150.0 
 456 1362622351     244324 0 2 40.0 150.0 
 456 1362622351     254362 0 2 40.0 150.0 
 456 1362622351     264391 0 2 40.0 150.0 
 456 1362622351     274352 0 2 40.0 150.0 
 456 1362622351     284350 0 2 40.0 150.0 
 455 1362622351     294370 0 2 40.0 150.0 
 457 1362622351     304353 0 2 40.0 150.0 
 456 1362622351     314393 0 2 40.0 150.0 
 456 1362622351     324429 0 2 40.0 150.0 
 455 1362622351     334428 0 2 40.0 150.0 
 456 1362622351     344394 0 2 40.0 150.0 
 457 1362622351     354394 0 2 40.0 150.0 
 456 1362622351     364419 0 2 40.0 150.0 
 456 1362622351     374453 0 2 40.0 150.0 
 455 1362622351     384454 0 2 40.0 150.0 
 457 1362622351     394408 0 2 40.0 150.0 
 455 1362622351     404438 0 2 40.0 150.0 
 457 1362622351     414460 0 2 40.0 150.0 
 456 1362622351     424488 0 2 40.0 150.0 
 457 1362622351     434438 0 2 40.0 150.0 
 456 1362622351     444455 0 2 40.0 150.0 
 456 1362622351     454484 0 2 40.0 150.0 
 456 1362622351     464502 0 2 40.0 150.0 
 456 1362622351     474477 0 2 40.0 150.0 
 456 1362622351     484486 0 2 40.0 150.0 
 456 1362622351     494514 0 2 40.0 150.0 
 456 1362622351     504551 0 2 40.0 150.0 
 456 1362622351     514505 0 2 40.0 150.0 
 456 1362622351     524567 0 2 40.0 150.0 
 456 1362622351     534504 0 2 40.0 150.0 
 456 1362622351     544517 0 2 40.0 150.0 
 456 1362622351     554537 0 2 40.0 150.0 
 455 1362622351     564560 0 2 40.0 150.0 
 456 1362622351     574587 0 2 40.0 150.0 
 456 1362622351     584597 0 2 40.0 150.0 
 456 1362622351     594602 0 2 40.0 150.0 
 456 1362622351     604554 0 2 40.0 150.0 
 456 1362622351     614566 0 2 40.0 150.0 
 457 1362622351     624584 0 2 40.0 150.0 
 456 1362622351     634596 0 2 40.0 150.0 
 456 1362622351     644627 0 2 40.0 150.0 
 456 1362622351     654588 0 2 40.0 150.0 
 456 1362622351     664617 0 2 40.0 150.0 
 456 1362622351     674660 0 2 40.0 150.0 
 457 1362622351     684662 0 2 40.0 150.0 
 456 1362622351     694660 0 2 40.0 150.0 
 455 1362622351     704685 0 2 40.0 150.0 
 456 1362622351     714643 0 2 40.0 150.0 
 456 1362622351     724684 0 2 40.0 150.0 
 457 1362622351     734700 0 2 40.0 150.0 
 456 1362622351     744653 0 2 40.0 150.0 
 456 1362622351     754651 0 2 40.0 150.0 
 455 1362622351     764681 0 2 40.0 150.0 
 456 1362622351     774707 0 2 40.0 150.0 
 456 1362622351     784725 0 2 40.0 150.0 
 456 1362622351     794710 0 2 40.0 150.0 
 456 1362622351     804748 0 2 40.0 150.0 
 456 1362622351     814705 0 2 40.0 150.0 
 457 1362622351     824732 0 2 40.0 150.0 
 456 1362622351     834730 0 2 40.0 150.0 
 457 1362622351     844755 0 2 40.0 150.0 
 456 1362622351     854772 0 2 40.0 150.0 
 456 1362622351     864730 0 2 40.0 150.0 
 456 1362622351     874767 0 2 40.0 150.0 
 456 1362622351     884791 0 2 40.0 150.0 
 456 1362622351     894809 0 2 40.0 150.0 
 456 1362622351     904767 0 2 40.0 150.0 
 456 1362622351     914810 0 2 40.0 150.0 
 456 1362622351     924763 0 2 40.0 150.0 
 457 1362622351     934767 0 2 40.0 150.0 
 456 1362622351     944801 0 2 40.0 150.0 
 456 1362622351     954835 0 2 40.0 150.0 
 457 1362622351     964795 0 2 40.0 150.0 
 456 1362622351     974830 0 2 40.0 150.0 
 457 1362622351     984863 0 2 40.0 150.0 
 456 1362622351     994808 0 2 40.0 150.0 
 457 1362622352       4854 0 2 40.0 150.0 
 456 1362622352      14819 0 2 40.0 150.0 
 457 1362622352      24845 0 2 40.0 150.0 
 455 1362622352      34842 0 2 40.0 150.0 
 455 1362622352      44863 0 2 40.0 150.0 
 456 1362622352      54884 0 2 40.0 150.0 
 457 1362622352      64916 0 2 40.0 150.0 
 456 1362622352      74874 0 2 40.0 150.0 
 455 1362622352      84879 0 2 40.0 150.0 
 456 1362622352      94906 0 2 40.0 150.0 
 455 1362622352     104947 0 2 40.0 150.0 
 456 1362622352     114912 0 2 40.0 150.0 
 456 1362622352     124949 0 2 40.0 150.0 
 456 1362622352     134947 0 2 40.0 150.0 
 456 1362622352     144913 0 2 40.0 150.0 
 457 1362622352     154944 0 2 40.0 150.0 
 456 1362622352     164987 0 2 40.0 150.0 
 455 1362622352     174945 0 2 40.0 150.0 
 456 1362622352     184969 0 2 40.0 150.0 
 457 1362622352     195007 0 2 40.0 150.0 
 456 1362622352     204971 0 2 40.0 150.0 
 456 1362622352     214999 0 2 40.0 150.0 
 456 1362622352     225027 0 2 40.0 150.0 
 456 1362622352     234964 0 2 40.0 150.0 
 455 1362622352     244982 0 2 40.0 150.0 
 457 1362622352     255021 0 2 40.0 150.0 
 456 1362622352     264997 0 2 40.0 150.0 
 456 1362622352     275029 0 2 40.0 150.0 
 456 1362622352     285021 0 2 40.0 150.0 
 456 1362622352     295052 0 2 40.0 150.0 
 456 1362622352     305079 0 2 40.0 150.0 
 456 1362622352     315032 0 2 40.0 150.0 
 455 1362622352     325063 0 2 40.0 150.0 
 456 1362622352     335103 0 2 40.0 150.0 
 456 1362622352     345048 0 2 40.0 150.0 
 456 1362622352     355059 0 2 40.0 150.0 
 457 1362622352     365069 0 2 40.0 150.0 
 456 1362622352     375092 0 2 40.0 150.0 
 456 1362622352     385114 0 2 40.0 150.0 
 456 1362622352     395075 0 2 40.0 150.0 
 455 1362622352     405113 0 2 40.0 150.0 
 457 1362622352     415083 0 2 40.0 150.0 
 456 1362622352     425114 0 2 40.0 150.0 
 457 1362622352     435119 0 2 40.0 150.0 
 456 1362622352     445151 0 2 40.0 150.0 
 456 1362622352     455114 0 2 40.0 150.0 
 456 1362622352     465130 0 2 40.0 150.0 
 456 1362622352     475162 0 2 40.0 150.0 
 456 1362622352     485169 0 2 40.0 150.0 
 456 1362622352     495180 0 2 40.0 150.0 
 456 1362622352     505149 0 2 40.0 150.0 
 456 1362622352     515172 0 2 40.0 150.0 
 456 1362622352     525165 0 2 40.0 150.0 
 456 1362622352     535193 0 2 40.0 150.0 
 456 1362622352     545214 0 2 40.0 150.0 
 456 1362622352     555242 0 2 40.0 150.0 
 456 1362622352     565202 0 2 40.0 150.0 
 456 1362622352     575224 0 2 40.0 150.0 
 456 1362622352     585264 0 2 40.0 150.0 
 456 1362622352     595220 0 2 40.0 150.0 
 455 1362622352     605259 0 2 40.0 150.0 
 456 1362622352     615254 0 2 40.0 150.0 
 456 1362622352     625282 0 2 40.0 150.0 
 456 1362622352     635228 0 2 40.0 150.0 
 456 1362622352     645259 0 2 40.0 150.0 
 456 1362622352     655277 0 2 40.0 150.0 
 456 1362622352     665252 0 2 40.0 150.0 
 456 1362622352     675280 0 2 40.0 150.0 
 456 1362622352     685298 0 2 40.0 150.0 
 456 1362622352     695310 0 2 40.0 150.0 
 456 1362622352     705332 0 2 40.0 150.0 
 455 1362622352     715339 0 2 40.0 150.0 
 456 1362622352     725358 0 2 40.0 150.0 
 456 1362622352     735317 0 2 40.0 150.0 
 456 1362622352     745355 0 2 40.0 150.0 
 457 1362622352     755372 0 2 40.0 150.0 
 456 1362622352     765316 0 2 40.0 150.0 
 457 1362622352     775335 0 2 40.0 150.0 
 455 1362622352     785349 0 2 40.0 150.0 
 457 1362622352     795388 0 2 40.0 150.0 
 455 1362622352     805349 0 2 40.0 150.0 
 456 1362622352     815366 0 2 40.0 150.0 
 456 1362622352     825397 0 2 40.0 150.0 
 456 1362622352     835415 0 2 40.0 150.0 
 456 1362622352     845433 0 2 40.0 150.0 
 456 1362622352     855393 0 2 40.0 150.0 
 456 1362622352     865411 0 2 40.0 150.0 
 455 1362622352     875447 0 2 40.0 150.0 
 456 1362622352     885463 0 2 40.0 150.0 
 456 1362622352     895428 0 2 40.0 150.0 
 456 1362622352     905469 0 2 40.0 150.0 
 457 1362622352     915472 0 2 40.0 150.0 
 456 1362622352     925442 0 2 40.0 150.0 
 456 1362622352     935473 0 2 40.0 150.0 
 456 1362622352     945502 0 2 40.0 150.0 
 456 1362622352     955443 0 2 40.0 150.0 
 456 1362622352     965465 0 2 40.0 150.0 
 456 1362622352     975490 0 2 40.0 150.0 
 457 1362622352     985480 0 2 40.0 150.0 
 456 1362622352     995473 0 2 40.0 150.0 
 457 1362622353       5485 0 2 40.0 150.0 
 457 1362622353      15530 0 2 40.0 150.0 
 457 1362622353      25498 0 2 40.0 150.0 
 456 1362622353      35514 0 2 40.0 150.0 
 456 1362622353      45565 0 2 40.0 150.0 
 456 1362622353      55512 0 2 40.0 150.0 
 456 1362622353      65548 0 2 40.0 150.0 
 456 1362622353      75585 0 2 40.0 150.0 
 455 1362622353      85533 0 2 40.0 150.0 
 457 1362622353      95582 0 2 40.0 150.0 
 456 1362622353     105574 0 2 40.0 150.0 
 456 1362622353     115568 0 2 40.0 150.0 
 456 1362622353     125577 0 2 40.0 150.0 
 457 1362622353     135570 0 2 40.0 150.0 
 456 1362622353     145634 0 2 40.0 150.0 
 456 1362622353     155633 0 2 40.0 150.0 
 456 1362622353     165616 0 2 40.0 150.0 
 456 1362622353     175609 0 2 40.0 150.0 
 456 1362622353     185596 0 2 40.0 150.0 
 456 1362622353     195662 0 2 40.0 150.0 
 457 1362622353     205620 0 2 40.0 150.0 
 456 1362622353     215643 0 2 40.0 150.0 
 456 1362622353     225625 0 2 40.0 150.0 
 456 1362622353     235626 0 2 40.0 150.0 
 456 1362622353     245636 0 2 40.0 150.0 
 457 1362622353     255671 0 2 40.0 150.0 
 457 1362622353     265678 0 2 40.0 150.0 
 457 1362622353     275709 0 2 40.0 150.0 
 455 1362622353     285667 0 2 40.0 150.0 
 456 1362622353     295694 0 2 40.0 150.0 
 455 1362622353     305731 0 2 40.0 150.0 
 457 1362622353     315688 0 2 40.0 150.0 
 455 1362622353     325717 0 2 40.0 150.0 
 456 1362622353     335729 0 2 40.0 150.0 
 457 1362622353     345762 0 2 40.0 150.0 
 456 1362622353     355709 0 2 40.0 150.0 
 457 1362622353     365735 0 2 40.0 150.0 
 456 1362622353     375748 0 2 40.0 150.0 
 456 1362622353     385776 0 2 40.0 150.0 
 456 1362622353     395730 0 2 40.0 150.0 
 456 1362622353     405741 0 2 40.0 150.0 
 456 1362622353     415779 0 2 40.0 150.0 
 456 1362622353     425820 0 2 40.0 150.0 
 456 1362622353     435772 0 2 40.0 150.0 
 456 1362622353     445786 0 2 40.0 150.0 
 456 1362622353     455817 0 2 40.0 150.0 
 456 1362622353     465844 0 2 40.0 150.0 
 457 1362622353     475798 0 2 40.0 150.0 
 456 1362622353     485818 0 2 40.0 150.0 
 456 1362622353     495849 0 2 40.0 150.0 
 455 1362622353     505815 0 2 40.0 150.0 
 456 1362622353     515836 0 2 40.0 150.0 
 456 1362622353     525875 0 2 40.0 150.0 
 456 1362622353     535829 0 2 40.0 150.0 
 456 1362622353     545844 0 2 40.0 150.0 
 456 1362622353     555876 0 2 40.0 150.0 
 457 1362622353     565909 0 2 40.0 150.0 
 456 1362622353     575868 0 2 40.0 150.0 
 455 1362622353     585873 0 2 40.0 150.0 
 456 1362622353     595912 0 2 40.0 150.0 
 456 1362622353     605870 0 2 40.0 150.0 
 457 1362622353     615939 0 2 40.0 150.0 
 457 1362622353     625891 0 2 40.0 150.0 
 456 1362622353     635910 0 2 40.0 150.0 
 455 1362622353     645933 0 2 40.0 150.0 
 456 1362622353     655952 0 2 40.0 150.0 
 456 1362622353     665971 0 2 40.0 150.0 
 456 1362622353     675928 0 2 40.0 150.0 
 457 1362622353     685931 0 2 40.0 150.0 
 456 1362622353     695959 0 2 40.0 150.0 
 456 1362622353     705986 0 2 40.0 150.0 
 457 1362622353     715944 0 2 40.0 150.0 
 456 1362622353     725972 0 2 40.0 150.0 
 456 1362622353     735982 0 2 40.0 150.0 
 456 1362622353     745992 0 2 40.0 150.0 
 456 1362622353     756007 0 2 40.0 150.0 
 456 1362622353     766031 0 2 40.0 150.0 
 456 1362622353     776048 0 2 40.0 150.0 
 455 1362622353     786003 0 2 40.0 150.0 
 456 1362622353     796021 0 2 40.0 150.0 
 456 1362622353     806044 0 2 40.0 150.0 
 457 1362622353     816030 0 2 40.0 150.0 
 455 1362622353     826050 0 2 40.0 150.0 
 456 1362622353     836081 0 2 40.0 150.0 
 457 1362622353     846031 0 2 40.0 150.0 
 456 1362622353     856072 0 2 40.0 150.0 
 457 1362622353     866085 0 2 40.0 150.0 
 456 1362622353     876115 0 2 40.0 150.0 
 456 1362622353     886086 0 2 40.0 150.0 
 456 1362622353     896109 0 2 40.0 150.0 
 456 1362622353     906072 0 2 40.0 150.0 
 456 1362622353     916089 0 2 40.0 150.0 
 457 1362622353     926104 0 2 40.0 150.0 
 457 1362622353     936126 0 2 40.0 150.0 
 457 1362622353     946142 0 2 40.0 150.0 
 456 1362622353     956119 0 2 40.0 150.0 
 456 1362622353     966156 0 2 40.0 150.0 
 457 1362622353     976128 0 2 40.0 150.0 
 456 1362622353     986159 0 2 40.0 150.0 
 456 1362622353     996189 0 2 40.0 150.0 
 456 1362622354       6156 0 2 40.0 150.0 
 457 1362622354      16193 0 2 40.0 150.0 
 456 1362622354      26198 0 2 40.0 150.0 
 457 1362622354      36159 0 2 40.0 150.0 
 457 1362622354      46150 0 2 40.0 150.0 
 457 1362622354      56212 0 2 40.0 150.0 
 456 1362622354      66218 0 2 40.0 150.0 
 456 1362622354      76203 0 2 40.0 150.0 
 457 1362622354      86208 0 2 40.0 150.0 
 456 1362622354      96227 0 2 40.0 150.0 
 456 1362622354     106244 0 2 40.0 150.0 
 456 1362622354     116197 0 2 40.0 150.0 
 456 1362622354     126259 0 2 40.0 150.0 
 457 1362622354     136259 0 2 40.0 150.0 
 456 1362622354     146250 0 2 40.0 150.0 
 456 1362622354     156278 0 2 40.0 150.0 
 456 1362622354     166248 0 2 40.0 150.0 
 457 1362622354     176282 0 2 40.0 150.0 
 456 1362622354     186272 0 2 40.0 150.0 
 456 1362622354     196279 0 2 40.0 150.0 
 456 1362622354     206255 0 2 40.0 150.0 
 457 1362622354     216261 0 2 40.0 150.0 
 456 1362622354     226289 0 2 40.0 150.0 
 457 1362622354     236336 0 2 40.0 150.0 
 455 1362622354     246341 0 2 40.0 150.0 
 455 1362622354     256343 0 2 40.0 150.0 
 456 1362622354     266335 0 2 40.0 150.0 
 456 1362622354     276364 0 2 40.0 150.0 
 457 1362622354     286339 0 2 40.0 150.0 
 456 1362622354     296374 0 2 40.0 150.0 
 456 1362622354     306321 0 2 40.0 150.0 
 455 1362622354     316367 0 2 40.0 150.0 
 456 1362622354     326371 0 2 40.0 150.0 
 457 1362622354     336382 0 2 40.0 150.0 
 456 1362622354     346386 0 2 40.0 150.0 
 456 1362622354     356365 0 2 40.0 150.0 
 456 1362622354     366408 0 2 40.0 150.0 
 456 1362622354     376391 0 2 40.0 150.0 
 457 1362622354     386378 0 2 40.0 150.0 
 456 1362622354     396381 0 2 40.0 150.0 
 456 1362622354     406423 0 2 40.0 150.0 
 456 1362622354     416443 0 2 40.0 150.0 
 456 1362622354     426418 0 2 40.0 150.0 
 456 1362622354     436463 0 2 40.0 150.0 
 456 1362622354     446434 0 2 40.0 150.0 
 457 1362622354     456445 0 2 40.0 150.0 
 457 1362622354     466428 0 2 40.0 150.0 
 456 1362622354     476453 0 2 40.0 150.0 
 456 1362622354     486463 0 2 40.0 150.0 
 456 1362622354     496471 0 2 40.0 150.0 
 455 1362622354     506491 0 2 40.0 150.0 
 456 1362622354     516481 0 2 40.0 150.0 
 456 1362622354     526486 0 2 40.0 150.0 
 457 1362622354     536524 0 2 40.0 150.0 
 456 1362622354     546531 0 2 40.0 150.0 
 456 1362622354     556531 0 2 40.0 150.0 
 457 1362622354     566497 0 2 40.0 150.0 
 456 1362622354     576520 0 2 40.0 150.0 
 457 1362622354     586510 0 2 40.0 150.0 
 456 1362622354     596538 0 2 40.0 150.0 
 457 1362622354     606573 0 2 40.0 150.0 
 456 1362622354     616571 0 2 40.0 150.0 
 455 1362622354     626572 0 2 40.0 150.0 
 456 1362622354     636569 0 2 40.0 150.0 
 456 1362622354     646602 0 2 40.0 150.0 
 456 1362622354     656611 0 2 40.0 150.0 
 456 1362622354     666607 0 2 40.0 150.0 
 457 1362622354     676590 0 2 40.0 150.0 
 457 1362622354     686575 0 2 40.0 150.0 
 456 1362622354     696632 0 2 40.0 150.0 
 456 1362622354     706647 0 2 40.0 150.0 
 456 1362622354     716645 0 2 40.0 150.0 
 456 1362622354     726597 0 2 40.0 150.0 
 457 1362622354     736660 0 2 40.0 150.0 
 457 1362622354     746627 0 2 40.0 150.0 
 456 1362622354     756654 0 2 40.0 150.0 
 456 1362622354     766676 0 2 40.0 150.0 
 455 1362622354     776631 0 2 40.0 150.0 
 456 1362622354     786681 0 2 40.0 150.0 
 456 1362622354     796697 0 2 40.0 150.0 
 456 1362622354     806704 0 2 40.0 150.0 
 456 1362622354     816711 0 2 40.0 150.0 
 456 1362622354     826682 0 2 40.0 150.0 
 456 1362622354     836694 0 2 40.0 150.0 
 456 1362622354     846723 0 2 40.0 150.0 
 457 1362622354     856742 0 2 40.0 150.0 
 457 1362622354     866739 0 2 40.0 150.0 
 456 1362622354     876753 0 2 40.0 150.0 
 457 1362622354     886719 0 2 40.0 150.0 
 456 1362622354     896750 0 2 40.0 150.0 
 456 1362622354     906762 0 2 40.0 150.0 
 456 1362622354     916728 0 2 40.0 150.0 
 456 1362622354     926758 0 2 40.0 150.0 
 456 1362622354     936748 0 2 40.0 150.0 
 456 1362622354     946792 0 2 40.0 150.0 
 456 1362622354     956810 0 2 40.0 150.0 
 456 1362622354     966815 0 2 40.0 150.0 
 457 1362622354     976788 0 2 40.0 150.0 
 457 1362622354     986806 0 2 40.0 150.0 
 456 1362622354     996787 0 2 40.0 150.0 
 456 1362622355       6801 0 2 40.0 150.0 
 457 1362622355      16801 0 2 40.0 150.0 
 456 1362622355      26842 0 2 40.0 150.0 
 456 1362622355      36855 0 2 40.0 150.0 
 456 1362622355      46830 0 2 40.0 150.0 
 456 1362622355      56876 0 2 40.0 150.0 
 456 1362622355      66882 0 2 40.0 150.0 
 457 1362622355      76890 0 2 40.0 150.0 
 456 1362622355      86884 0 2 40.0 150.0 
 456 1362622355      96899 0 2 40.0 150.0 
 456 1362622355     106859 0 2 40.0 150.0 
 456 1362622355     116903 0 2 40.0 150.0 
 456 1362622355     126902 0 2 40.0 150.0 
 456 1362622355     136883 0 2 40.0 150.0 
 456 1362622355     146924 0 2 40.0 150.0 
 456 1362622355     156940 0 2 40.0 150.0 
 456 1362622355     166900 0 2 40.0 150.0 
 455 1362622355     176931 0 2 40.0 150.0 
 456 1362622355     186930 0 2 40.0 150.0 
 456 1362622355     196967 0 2 40.0 150.0 
 456 1362622355     206955 0 2 40.0 150.0 
 456 1362622355     216986 0 2 40.0 150.0 
 456 1362622355     226992 0 2 40.0 150.0 
 456 1362622355     237000 0 2 40.0 150.0 
 456 1362622355     246954 0 2 40.0 150.0 
 456 1362622355     256973 0 2 40.0 150.0 
 457 1362622355     267002 0 2 40.0 150.0 
 456 1362622355     276978 0 2 40.0 150.0 
 457 1362622355     286993 0 2 40.0 150.0 
 456 1362622355     297003 0 2 40.0 150.0 
 456 1362622355     307017 0 2 40.0 150.0 
 456 1362622355     317005 0 2 40.0 150.0 
 457 1362622355     327010 0 2 40.0 150.0 
 457 1362622355     337050 0 2 40.0 150.0 
 456 1362622355     347064 0 2 40.0 150.0 
 457 1362622355     357036 0 2 40.0 150.0 
 456 1362622355     367034 0 2 40.0 150.0 
 457 1362622355     377031 0 2 40.0 150.0 
 457 1362622355     387043 0 2 40.0 150.0 
 456 1362622355     397044 0 2 40.0 150.0 
 456 1362622355     407055 0 2 40.0 150.0 
 456 1362622355     417053 0 2 40.0 150.0 
 457 1362622355     427114 0 2 40.0 150.0 
 456 1362622355     437081 0 2 40.0 150.0 
 457 1362622355     447120 0 2 40.0 150.0 
 456 1362622355     457134 0 2 40.0 150.0 
 457 1362622355     467125 0 2 40.0 150.0 
 456 1362622355     477151 0 2 40.0 150.0 
 456 1362622355     487114 0 2 40.0 150.0 
 456 1362622355     497156 0 2 40.0 150.0 
 456 1362622355     507113 0 2 40.0 150.0 
 457 1362622355     517180 0 2 40.0 150.0 
 456 1362622355     527178 0 2 40.0 150.0 
 456 1362622355     537169 0 2 40.0 150.0 
 456 1362622355     547197 0 2 40.0 150.0 
 456 1362622355     557207 0 2 40.0 150.0 
 456 1362622355     567192 0 2 40.0 150.0 
 456 1362622355     577201 0 2 40.0 150.0 
 457 1362622355     587211 0 2 40.0 150.0 
 456 1362622355     597178 0 2 40.0 150.0 
 457 1362622355     607189 0 2 40.0 150.0 
 455 1362622355     617189 0 2 40.0 150.0 
 456 1362622355     627220 0 2 40.0 150.0 
 456 1362622355     637255 0 2 40.0 150.0 
 457 1362622355     647260 0 2 40.0 150.0 
 457 1362622355     657222 0 2 40.0 150.0 
 456 1362622355     667275 0 2 40.0 150.0 
 456 1362622355     677276 0 2 40.0 150.0 
 456 1362622355     687274 0 2 40.0 150.0 
 456 1362622355     697258 0 2 40.0 150.0 
 456 1362622355     707250 0 2 40.0 150.0 
 456 1362622355     717256 0 2 40.0 150.0 
 457 1362622355     727265 0 2 40.0 150.0 
 456 1362622355     737307 0 2 40.0 150.0 
 457 1362622355     747293 0 2 40.0 150.0 
 456 1362622355     757309 0 2 40.0 150.0 
 456 1362622355     767336 0 2 40.0 150.0 
 456 1362622355     777309 0 2 40.0 150.0 
 457 1362622355     787336 0 2 40.0 150.0 
 457 1362622355     797309 0 2 40.0 150.0 
 456 1362622355     807338 0 2 40.0 150.0 
 456 1362622355     817345 0 2 40.0 150.0 
 455 1362622355     827377 0 2 40.0 150.0 
 456 1362622355     837334 0 2 40.0 150.0 
 456 1362622355     847348 0 2 40.0 150.0 
 457 1362622355     857372 0 2 40.0 150.0 
 456 1362622355     867363 0 2 40.0 150.0 
 457 1362622355     877364 0 2 40.0 150.0 
 456 1362622355     887390 0 2 40.0 150.0 
 456 1362622355     897401 0 2 40.0 150.0 
 456 1362622355     907390 0 2 40.0 150.0 
 456 1362622355     917429 0 2 40.0 150.0 
 456 1362622355     927391 0 2 40.0 150.0 
 456 1362622355     937411 0 2 40.0 150.0 
 457 1362622355     947430 0 2 40.0 150.0 
 455 1362622355     957455 0 2 40.0 150.0 
 456 1362622355     967448 0 2 40.0 150.0 
 456 1362622355     977442 0 2 40.0 150.0 
 456 1362622355     987483 0 2 40.0 150.0 
 456 1362622355     997492 0 2 40.0 150.0 
 456 1362622356       7495 0 2 40.0 150.0 
 456 1362622356      17465 0 2 40.0 150.0 
 456 1362622356      27475 0 2 40.0 150.0 
 457 1362622356      37482 0 2 40.0 150.0 
 456 1362622356      47487 0 2 40.0 150.0 
 456 1362622356      57503 0 2 40.0 150.0 
 456 1362622356      67490 0 2 40.0 150.0 
 457 1362622356      77543 0 2 40.0 150.0 
 457 1362622356      87505 0 2 40.0 150.0 
 457 1362622356      97519 0 2 40.0 150.0 
 457 1362622356     107548 0 2 40.0 150.0 
 456 1362622356     117530 0 2 40.0 150.0 
 457 1362622356     127572 0 2 40.0 150.0 
 456 1362622356     137537 0 2 40.0 150.0 
 456 1362622356     147544 0 2 40.0 150.0 
 456 1362622356     157598 0 2 40.0 150.0 
 456 1362622356     167554 0 2 40.0 150.0 
 456 1362622356     177569 0 2 40.0 150.0 
 456 1362622356     187576 0 2 40.0 150.0 
 456 1362622356     197580 0 2 40.0 150.0 
 456 1362622356     207599 0 2 40.0 150.0 
 457 1362622356     217611 0 2 40.0 150.0 
 456 1362622356     227596 0 2 40.0 150.0 
 456 1362622356     237629 0 2 40.0 150.0 
 456 1362622356     247605 0 2 40.0 150.0 
 456 1362622356     257658 0 2 40.0 150.0 
 457 1362622356     267669 0 2 40.0 150.0 
 456 1362622356     277684 0 2 40.0 150.0 
 457 1362622356     287643 0 2 40.0 150.0 
 456 1362622356     297694 0 2 40.0 150.0 
 456 1362622356     307645 0 2 40.0 150.0 
 456 1362622356     317708 0 2 40.0 150.0 
 456 1362622356     327687 0 2 40.0 150.0 
 456 1362622356     337721 0 2 40.0 150.0 
 456 1362622356     347691 0 2 40.0 150.0 
 457 1362622356     357699 0 2 40.0 150.0 
 456 1362622356     367715 0 2 40.0 150.0 
 456 1362622356     377703 0 2 40.0 150.0 
 456 1362622356     387700 0 2 40.0 150.0 
 456 1362622356     397718 0 2 40.0 150.0 
 457 1362622356     407745 0 2 40.0 150.0 
 456 1362622356     417759 0 2 40.0 150.0 
 457 1362622356     427775 0 2 40.0 150.0 
 456 1362622356     437734 0 2 40.0 150.0 
 456 1362622356     447752 0 2 40.0 150.0 
 456 1362622356     457755 0 2 40.0 150.0 
 456 1362622356     467751 0 2 40.0 150.0 
 457 1362622356     477773 0 2 40.0 150.0 
 456 1362622356     487798 0 2 40.0 150.0 
 456 1362622356     497784 0 2 40.0 150.0 
 456 1362622356     507782 0 2 40.0 150.0 
 456 1362622356     517829 0 2 40.0 150.0 
 456 1362622356     527809 0 2 40.0 150.0 
 456 1362622356     537797 0 2 40.0 150.0 
 457 1362622356     547856 0 2 40.0 150.0 
 456 1362622356     557850 0 2 40.0 150.0 
 456 1362622356     567822 0 2 40.0 150.0 
 456 1362622356     577832 0 2 40.0 150.0 
 457 1362622356     587877 0 2 40.0 150.0 
 456 1362622356     597880 0 2 40.0 150.0 
 457 1362622356     607878 0 2 40.0 150.0 
 456 1362622356     617887 0 2 40.0 150.0 
 456 1362622356     627909 0 2 40.0 150.0 
 456 1362622356     637894 0 2 40.0 150.0 
 455 1362622356     647912 0 2 40.0 150.0 
 457 1362622356     657923 0 2 40.0 150.0 
 456 1362622356     667926 0 2 40.0 150.0 
 456 1362622356     677892 0 2 40.0 150.0 
 456 1362622356     687945 0 2 40.0 150.0 
 457 1362622356     697914 0 2 40.0 150.0 
 456 1362622356     707961 0 2 40.0 150.0 
 456 1362622356     717956 0 2 40.0 150.0 
 456 1362622356     727956 0 2 40.0 150.0 
 457 1362622356     737927 0 2 40.0 150.0 
 456 1362622356     747936 0 2 40.0 150.0 
 457 1362622356     757970 0 2 40.0 150.0 
 456 1362622356     767955 0 2 40.0 150.0 
 456 1362622356     777984 0 2 40.0 150.0 
 456 1362622356     788023 0 2 40.0 150.0 
 456 1362622356     798005 0 2 40.0 150.0 
 456 1362622356     808027 0 2 40.0 150.0 
 456 1362622356     818020 0 2 40.0 150.0 
 455 1362622356     828005 0 2 40.0 150.0 
 456 1362622356     838042 0 2 40.0 150.0 
 456 1362622356     848006 0 2 40.0 150.0 
 456 1362622356     858016 0 2 40.0 150.0 
 456 1362622356     868035 0 2 40.0 150.0 
 456 1362622356     878081 0 2 40.0 150.0 
 457 1362622356     888044 0 2 40.0 150.0 
 456 1362622356     898045 0 2 40.0 150.0 
 457 1362622356     908077 0 2 40.0 150.0 
 456 1362622356     918086 0 2 40.0 150.0 
 457 1362622356     928051 0 2 40.0 150.0 
 456 1362622356     938102 0 2 40.0 150.0 
 456 1362622356     948093 0 2 40.0 150.0 
 456 1362622356     958131 0 2 40.0 150.0 
 455 1362622356     968117 0 2 40.0 150.0 
 456 1362622356     978128 0 2 40.0 150.0 
 456 1362622356     988106 0 2 40.0 150.0 
 457 1362622356     998108 0 2 40.0 150.0 
 457 1362622357       8147 0 2 40.0 150.0 
 457 1362622357      18138 0 2 40.0 150.0 
 456 1362622357      28131 0 2 40.0 150.0 
 457 1362622357      38150 0 2 40.0 150.0 
 456 1362622357      48141 0 2 40.0 150.0 
 456 1362622357      58169 0 2 40.0 150.0 
 456 1362622357      68145 0 2 40.0 150.0 
 456 1362622357      78154 0 2 40.0 150.0 
 457 1362622357      88178 0 2 40.0 150.0 
 457 1362622357      98226 0 2 40.0 150.0 
 457 1362622357     108215 0 2 40.0 150.0 
 456 1362622357     118223 0 2 40.0 150.0 
 456 1362622357     128223 0 2 40.0 150.0 
 457 1362622357     138193 0 2 40.0 150.0 
 456 1362622357     148232 0 2 40.0 150.0 
 457 1362622357     158237 0 2 40.0 150.0 
 456 1362622357     168256 0 2 40.0 150.0 
 456 1362622357     178262 0 2 40.0 150.0 
 457 1362622357     188228 0 2 40.0 150.0 
 456 1362622357     198251 0 2 40.0 150.0 
 456 1362622357     208282 0 2 40.0 150.0 
 456 1362622357     218256 0 2 40.0 150.0 
 456 1362622357     228305 0 2 40.0 150.0 
 455 1362622357     238282 0 2 40.0 150.0 
 456 1362622357     248277 0 2 40.0 150.0 
 456 1362622357     258331 0 2 40.0 150.0 
 456 1362622357     268294 0 2 40.0 150.0 
 456 1362622357     278304 0 2 40.0 150.0 
 456 1362622357     288349 0 2 40.0 150.0 
 455 1362622357     298349 0 2 40.0 150.0 
 456 1362622357     308308 0 2 40.0 150.0 
 457 1362622357     318333 0 2 40.0 150.0 
 456 1362622357     328354 0 2 40.0 150.0 
 456 1362622357     338343 0 2 40.0 150.0 
 456 1362622357     348393 0 2 40.0 150.0 
 456 1362622357     358389 0 2 40.0 150.0 
 456 1362622357     368393 0 2 40.0 150.0 
 456 1362622357     378372 0 2 40.0 150.0 
 456 1362622357     388387 0 2 40.0 150.0 
 456 1362622357     398406 0 2 40.0 150.0 
 456 1362622357     408420 0 2 40.0 150.0 
 457 1362622357     418424 0 2 40.0 150.0 
 456 1362622357     428383 0 2 40.0 150.0 
 457 1362622357     438415 0 2 40.0 150.0 
 456 1362622357     448439 0 2 40.0 150.0 
 457 1362622357     458454 0 2 40.0 150.0 
 456 1362622357     468451 0 2 40.0 150.0 
 457 1362622357     478451 0 2 40.0 150.0 
 455 1362622357     488427 0 2 40.0 150.0 
 456 1362622357     498471 0 2 40.0 150.0 
 456 1362622357     508451 0 2 40.0 150.0 
 456 1362622357     518461 0 2 40.0 150.0 
 455 1362622357     528491 0 2 40.0 150.0 
 457 1362622357     538459 0 2 40.0 150.0 
 456 1362622357     548481 0 2 40.0 150.0 
 457 1362622357     558523 0 2 40.0 150.0 
 456 1362622357     568497 0 2 40.0 150.0 
 456 1362622357     578506 0 2 40.0 150.0 
 456 1362622357     588535 0 2 40.0 150.0 
 456 1362622357     598504 0 2 40.0 150.0 
 456 1362622357     608517 0 2 40.0 150.0 
 456 1362622357     618545 0 2 40.0 150.0 
 457 1362622357     628521 0 2 40.0 150.0 
 457 1362622357     638565 0 2 40.0 150.0 
 456 1362622357     648560 0 2 40.0 150.0 
 456 1362622357     658596 0 2 40.0 150.0 
 456 1362622357     668573 0 2 40.0 150.0 
 456 1362622357     678558 0 2 40.0 150.0 
 456 1362622357     688573 0 2 40.0 150.0 
 455 1362622357     698601 0 2 40.0 150.0 
 456 1362622357     708622 0 2 40.0 150.0 
 457 1362622357     718597 0 2 40.0 150.0 
 456 1362622357     728638 0 2 40.0 150.0 
 456 1362622357     738606 0 2 40.0 150.0 
 456 1362622357     748599 0 2 40.0 150.0 
 456 1362622357     758608 0 2 40.0 150.0 
 455 1362622357     768667 0 2 40.0 150.0 
 457 1362622357     778633 0 2 40.0 150.0 
 456 1362622357     788653 0 2 40.0 150.0 
 457 1362622357     798666 0 2 40.0 150.0 
 456 1362622357     808640 0 2 40.0 150.0 
 457 1362622357     818649 0 2 40.0 150.0 
 456 1362622357     828658 0 2 40.0 150.0 
 456 1362622357     838686 0 2 40.0 150.0 
 456 1362622357     848697 0 2 40.0 150.0 
 456 1362622357     858703 0 2 40.0 150.0 
 456 1362622357     868689 0 2 40.0 150.0 
 456 1362622357     878717 0 2 40.0 150.0 
 456 1362622357     888721 0 2 40.0 150.0 
 456 1362622357     898700 0 2 40.0 150.0 
 456 1362622357     908757 0 2 40.0 150.0 
 456 1362622357     918759 0 2 40.0 150.0 
 456 1362622357     928714 0 2 40.0 150.0 
 457 1362622357     938724 0 2 40.0 150.0 
 456 1362622357     948785 0 2 40.0 150.0 
 456 1362622357     958754 0 2 40.0 150.0 
 456 1362622357     968739 0 2 40.0 150.0 
 456 1362622357     978784 0 2 40.0 150.0 
 456 1362622357     988790 0 2 40.0 150.0 
 456 1362622357     998807 0 2 40.0 150.0 
 457 1362622358       8775 0 2 40.0 150.0 
 457 1362622358      18775 0 2 40.0 150.0 
 457 1362622358      28804 0 2 40.0 150.0 
 456 1362622358      38784 0 2 40.0 150.0 
 456 1362622358      48827 0 2 40.0 150.0 
 456 1362622358      58803 0 2 40.0 150.0 
 456 1362622358      68866 0 2 40.0 150.0 
 456 1362622358      78856 0 2 40.0 150.0 
 456 1362622358      88821 0 2 40.0 150.0 
 456 1362622358      98861 0 2 40.0 150.0 
 456 1362622358     108833 0 2 40.0 150.0 
 456 1362622358     118858 0 2 40.0 150.0 
 456 1362622358     128847 0 2 40.0 150.0 
 456 1362622358     138884 0 2 40.0 150.0 
 457 1362622358     148864 0 2 40.0 150.0 
 457 1362622358     158872 0 2 40.0 150.0 
 456 1362622358     168897 0 2 40.0 150.0 
 456 1362622358     178929 0 2 40.0 150.0 
 456 1362622358     188907 0 2 40.0 150.0 
 456 1362622358     198931 0 2 40.0 150.0 
 456 1362622358     208940 0 2 40.0 150.0 
 456 1362622358     218953 0 2 40.0 150.0 
 456 1362622358     228955 0 2 40.0 150.0 
 456 1362622358     238955 0 2 40.0 150.0 
 456 1362622358     248988 0 2 40.0 150.0 
 457 1362622358     258950 0 2 40.0 150.0 
 455 1362622358     268960 0 2 40.0 150.0 
 456 1362622358     278993 0 2 40.0 150.0 
 456 1362622358     289007 0 2 40.0 150.0 
 456 1362622358     298969 0 2 40.0 150.0 
 456 1362622358     308965 0 2 40.0 150.0 
 456 1362622358     319007 0 2 40.0 150.0 
 456 1362622358     329039 0 2 40.0 150.0 
 456 1362622358     339043 0 2 40.0 150.0 
 457 1362622358     349003 0 2 40.0 150.0 
 456 1362622358     358999 0 2 40.0 150.0 
 456 1362622358     369046 0 2 40.0 150.0 
 456 1362622358     379060 0 2 40.0 150.0 
 455 1362622358     389042 0 2 40.0 150.0 
 457 1362622358     399064 0 2 40.0 150.0 
 457 1362622358     409036 0 2 40.0 150.0 
 457 1362622358     419067 0 2 40.0 150.0 
 456 1362622358     429098 0 2 40.0 150.0 
 456 1362622358     439060 0 2 40.0 150.0 
 456 1362622358     449080 0 2 40.0 150.0 
 456 1362622358     459111 0 2 40.0 150.0 
 456 1362622358     469114 0 2 40.0 150.0 
 455 1362622358     479127 0 2 40.0 150.0 
 457 1362622358     489086 0 2 40.0 150.0 
 456 1362622358     499122 0 2 40.0 150.0 
 457 1362622358     509101 0 2 40.0 150.0 
 455 1362622358     519151 0 2 40.0 150.0 
 456 1362622358     529160 0 2 40.0 150.0 
 456 1362622358     539180 0 2 40.0 150.0 
 456 1362622358     549164 0 2 40.0 150.0 
 457 1362622358     559154 0 2 40.0 150.0 
 456 1362622358     569140 0 2 40.0 150.0 
 456 1362622358     579193 0 2 40.0 150.0 
 456 1362622358     589202 0 2 40.0 150.0 
 456 1362622358     599218 0 2 40.0 150.0 
 456 1362622358     609219 0 2 40.0 150.0 
 455 1362622358     619190 0 2 40.0 150.0 
 456 1362622358     629204 0 2 40.0 150.0 
 456 1362622358     639218 0 2 40.0 150.0 
 457 1362622358     649210 0 2 40.0 150.0 
 456 1362622358     659243 0 2 40.0 150.0 
 456 1362622358     669217 0 2 40.0 150.0 
 457 1362622358     679272 0 2 40.0 150.0 
 456 1362622358     689234 0 2 40.0 150.0 
 455 1362622358     699280 0 2 40.0 150.0 
 456 1362622358     709234 0 2 40.0 150.0 
 457 1362622358     719298 0 2 40.0 150.0 
 456 1362622358     729260 0 2 40.0 150.0 
 456 1362622358     739279 0 2 40.0 150.0 
 456 1362622358     749266 0 2 40.0 150.0 
 456 1362622358     759264 0 2 40.0 150.0 
 456 1362622358     769316 0 2 40.0 150.0 
 456 1362622358     779333 0 2 40.0 150.0 
 457 1362622358     789299 0 2 40.0 150.0 
 456 1362622358     799325 0 2 40.0 150.0 
 456 1362622358     809346 0 2 40.0 150.0 
 455 1362622358     819326 0 2 40.0 150.0 
 456 1362622358     829344 0 2 40.0 150.0 
 455 1362622358     839338 0 2 40.0 150.0 
 456 1362622358     849371 0 2 40.0 150.0 
 457 1362622358     859384 0 2 40.0 150.0 
 456 1362622358     869387 0 2 40.0 150.0 
 456 1362622358     879364 0 2 40.0 150.0 
 457 1362622358     889347 0 2 40.0 150.0 
 457 1362622358     899362 0 2 40.0 150.0 
 456 1362622358     909396 0 2 40.0 150.0 
 456 1362622358     919407 0 2 40.0 150.0 
 455 1362622358     929394 0 2 40.0 150.0 
 456 1362622358     939429 0 2 40.0 150.0 
 456 1362622358     949390 0 2 40.0 150.0 
 457 1362622358     959420 0 2 40.0 150.0 
 456 1362622358     969455 0 2 40.0 150.0 
 456 1362622358     979438 0 2 40.0 150.0 
 456 1362622358     989470 0 2 40.0 150.0 
 456 1362622358     999449 0 2 40.0 150.0 
 456 1362622359       9446 0 2 40.0 150.0 
 456 1362622359      19440 0 2 40.0 150.0 
 456 1362622359      29494 0 2 40.0 150.0 
 457 1362622359      39475 0 2 40.0 150.0 
 456 1362622359      49484 0 2 40.0 150.0 
 456 1362622359      59475 0 2 40.0 150.0 
 456 1362622359      69508 0 2 40.0 150.0 
 456 1362622359      79493 0 2 40.0 150.0 
 456 1362622359      89542 0 2 40.0 150.0 
 456 1362622359      99500 0 2 40.0 150.0 
 457 1362622359     109513 0 2 40.0 150.0 
 456 1362622359     119558 0 2 40.0 150.0 
 456 1362622359     129554 0 2 40.0 150.0 
 456 1362622359     139519 0 2 40.0 150.0 
 456 1362622359     149524 0 2 40.0 150.0 
 456 1362622359     159560 0 2 40.0 150.0 
 456 1362622359     169577 0 2 40.0 150.0 
 457 1362622359     179567 0 2 40.0 150.0 
 456 1362622359     189588 0 2 40.0 150.0 
 456 1362622359     199556 0 2 40.0 150.0 
 457 1362622359     209594 0 2 40.0 150.0 
 456 1362622359     219594 0 2 40.0 150.0 
 456 1362622359     229621 0 2 40.0 150.0 
 457 1362622359     239619 0 2 40.0 150.0 
 456 1362622359     249586 0 2 40.0 150.0 
 456 1362622359     259618 0 2 40.0 150.0 
 456 1362622359     269638 0 2 40.0 150.0 
 455 1362622359     279646 0 2 40.0 150.0 
 456 1362622359     289649 0 2 40.0 150.0 
 456 1362622359     299671 0 2 40.0 150.0 
 456 1362622359     309666 0 2 40.0 150.0 
 456 1362622359     319672 0 2 40.0 150.0 
 457 1362622359     329645 0 2 40.0 150.0 
 457 1362622359     339682 0 2 40.0 150.0 
 456 1362622359     349659 0 2 40.0 150.0 
 456 1362622359     359700 0 2 40.0 150.0 
 456 1362622359     369718 0 2 40.0 150.0 
 456 1362622359     379684 0 2 40.0 150.0 
 456 1362622359     389687 0 2 40.0 150.0 
 456 1362622359     399684 0 2 40.0 150.0 
 456 1362622359     409727 0 2 40.0 150.0 
 456 1362622359     419734 0 2 40.0 150.0 
 457 1362622359     429705 0 2 40.0 150.0 
 457 1362622359     439715 0 2 40.0 150.0 
 456 1362622359     449728 0 2 40.0 150.0 
 457 1362622359     459741 0 2 40.0 150.0 
 456 1362622359     469773 0 2 40.0 150.0 
 456 1362622359     479803 0 2 40.0 150.0 
 456 1362622359     489777 0 2 40.0 150.0 
 457 1362622359     499766 0 2 40.0 150.0 
 456 1362622359     509758 0 2 40.0 150.0 
 457 1362622359     519771 0 2 40.0 150.0 
 456 1362622359     529800 0 2 40.0 150.0 
 456 1362622359     539784 0 2 40.0 150.0 
 456 1362622359     549811 0 2 40.0 150.0 
 456 1362622359     559807 0 2 40.0 150.0 
 456 1362622359     569807 0 2 40.0 150.0 
 455 1362622359     579850 0 2 40.0 150.0 
 456 1362622359     589843 0 2 40.0 150.0 
 456 1362622359     599836 0 2 40.0 150.0 
 457 1362622359     609841 0 2 40.0 150.0 
 457 1362622359     619842 0 2 40.0 150.0 
 455 1362622359     629887 0 2 40.0 150.0 
 456 1362622359     639896 0 2 40.0 150.0 
 455 1362622359     649865 0 2 40.0 150.0 
 457 1362622359     659883 0 2 40.0 150.0 
 456 1362622359     669926 0 2 40.0 150.0 
 456 1362622359     679877 0 2 40.0 150.0 
 457 1362622359     689896 0 2 40.0 150.0 
 456 1362622359     699909 0 2 40.0 150.0 
 457 1362622359     709902 0 2 40.0 150.0 
 456 1362622359     719924 0 2 40.0 150.0 
 456 1362622359     729967 0 2 40.0 150.0 
 456 1362622359     739964 0 2 40.0 150.0 
 456 1362622359     749939 0 2 40.0 150.0 
 457 1362622359     759943 0 2 40.0 150.0 
 456 1362622359     769944 0 2 40.0 150.0 
 455 1362622359     779986 0 2 40.0 150.0 
 456 1362622359     789988 0 2 40.0 150.0 
 456 1362622359     799962 0 2 40.0 150.0 
 456 1362622359     809988 0 2 40.0 150.0 
 457 1362622359     820013 0 2 40.0 150.0 
 456 1362622359     829985 0 2 40.0 150.0 
 456 1362622359     840034 0 2 40.0 150.0 
 457 1362622359     850045 0 2 40.0 150.0 
 456 1362622359     860009 0 2 40.0 150.0 
 456 1362622359     870056 0 2 40.0 150.0 
 456 1362622359     880063 0 2 40.0 150.0 
 457 1362622359     890034 0 2 40.0 150.0 
 456 1362622359     900066 0 2 40.0 150.0 
 457 1362622359     910021 0 2 40.0 150.0 
 456 1362622359     920047 0 2 40.0 150.0 
 457 1362622359     930064 0 2 40.0 150.0 
 456 1362622359     940060 0 2 40.0 150.0 
 456 1362622359     950092 0 2 40.0 150.0 
 457 1362622359     960096 0 2 40.0 150.0 
 457 1362622359     970065 0 2 40.0 150.0 
 457 1362622359     980123 0 2 40.0 150.0 
 456 1362622359     990121 0 2 40.0 150.0 
 456 1362622360        136 0 2 40.0 150.0 
 456 1362622360      10102 0 2 40.0 150.0 
 457 1362622360      20140 0 2 40.0 150.0 
 457 1362622360      30161 0 2 40.0 150.0 
 456 1362622360      40112 0 2 40.0 150.0 
 456 1362622360      50123 0 2 40.0 150.0 
 456 1362622360      60127 0 2 40.0 150.0 
 456 1362622360      70162 0 2 40.0 150.0 
 456 1362622360      80191 0 2 40.0 150.0 
 456 1362622360      90167 0 2 40.0 150.0 
 456 1362622360     100156 0 2 40.0 150.0 
 456 1362622360     110167 0 2 40.0 150.0 
 457 1362622360     120211 0 2 40.0 150.0 
 456 1362622360     130180 0 2 40.0 150.0 
 456 1362622360     140207 0 2 40.0 150.0 
 455 1362622360     150211 0 2 40.0 150.0 
 457 1362622360     160192 0 2 40.0 150.0 
 457 1362622360     170251 0 2 40.0 150.0 
 457 1362622360     180232 0 2 40.0 150.0 
 456 1362622360     190270 0 2 40.0 150.0 
 456 1362622360     200228 0 2 40.0 150.0 
 456 1362622360     210253 0 2 40.0 150.0 
 456 1362622360     220251 0 2 40.0 150.0 
 456 1362622360     230281 0 2 40.0 150.0 
 457 1362622360     240273 0 2 40.0 150.0 
 456 1362622360     250277 0 2 40.0 150.0 
 456 1362622360     260312 0 2 40.0 150.0 
 456 1362622360     270275 0 2 40.0 150.0 
 456 1362622360     280301 0 2 40.0 150.0 
 456 1362622360     290273 0 2 40.0 150.0 
 456 1362622360     300298 0 2 40.0 150.0 
 456 1362622360     310350 0 2 40.0 150.0 
 457 1362622360     320319 0 2 40.0 150.0 
 457 1362622360     330340 0 2 40.0 150.0 
 456 1362622360     340360 0 2 40.0 150.0 
 456 1362622360     350328 0 2 40.0 150.0 
 456 1362622360     360354 0 2 40.0 150.0 
 456 1362622360     370360 0 2 40.0 150.0 
 456 1362622360     380375 0 2 40.0 150.0 
 456 1362622360     390353 0 2 40.0 150.0 
 457 1362622360     400406 0 2 40.0 150.0 
 456 1362622360     410406 0 2 40.0 150.0 
 457 1362622360     420417 0 2 40.0 150.0 
 456 1362622360     430374 0 2 40.0 150.0 
 457 1362622360     440426 0 2 40.0 150.0 
 457 1362622360     450440 0 2 40.0 150.0 
 456 1362622360     460394 0 2 40.0 150.0 
 456 1362622360     470455 0 2 40.0 150.0 
 456 1362622360     480446 0 2 40.0 150.0 
 456 1362622360     490412 0 2 40.0 150.0 
 456 1362622360     500465 0 2 40.0 150.0 
 457 1362622360     510422 0 2 40.0 150.0 
 456 1362622360     520459 0 2 40.0 150.0 
 457 1362622360     530476 0 2 40.0 150.0 
 457 1362622360     540465 0 2 40.0 150.0 
 456 1362622360     550499 0 2 40.0 150.0 
 457 1362622360     560514 0 2 40.0 150.0 
 456 1362622360     570503 0 2 40.0 150.0 
 457 1362622360     580512 0 2 40.0 150.0 
 456 1362622360     590562 0 2 40.0 150.0 
 457 1362622360     600574 0 2 40.0 150.0 
 456 1362622360     610548 0 2 40.0 150.0 
 456 1362622360     620543 0 2 40.0 150.0 
 455 1362622360     630543 0 2 40.0 150.0 
 456 1362622360     640514 0 2 40.0 150.0 
 457 1362622360     650548 0 2 40.0 150.0 
 456 1362622360     660544 0 2 40.0 150.0 
 457 1362622360     670530 0 2 40.0 150.0 
 456 1362622360     680557 0 2 40.0 150.0 
 456 1362622360     690558 0 2 40.0 150.0 
 456 1362622360     700606 0 2 40.0 150.0 
 456 1362622360     710583 0 2 40.0 150.0 
 457 1362622360     720613 0 2 40.0 150.0 
 456 1362622360     730589 0 2 40.0 150.0 
 457 1362622360     740574 0 2 40.0 150.0 
 456 1362622360     750610 0 2 40.0 150.0 
 456 1362622360     760615 0 2 40.0 150.0 
 456 1362622360     770650 0 2 40.0 150.0 
 456 1362622360     780645 0 2 40.0 150.0 
 456 1362622360     790613 0 2 40.0 150.0 
 456 1362622360     800623 0 2 40.0 150.0 
 456 1362622360     810630 0 2 40.0 150.0 
 456 1362622360     820665 0 2 40.0 150.0 
 456 1362622360     830652 0 2 40.0 150.0 
 457 1362622360     840639 0 2 40.0 150.0 
 456 1362622360     850701 0 2 40.0 150.0 
 456 1362622360     860688 0 2 40.0 150.0 
 456 1362622360     870685 0 2 40.0 150.0 
 456 1362622360     880707 0 2 40.0 150.0 
 455 1362622360     890730 0 2 40.0 150.0 
 456 1362622360     900680 0 2 40.0 150.0 
 456 1362622360     910711 0 2 40.0 150.0 
 456 1362622360     920705 0 2 40.0 150.0 
 456 1362622360     930742 0 2 40.0 150.0 
 457 1362622360     940724 0 2 40.0 150.0 
 456 1362622360     950741 0 2 40.0 150.0 
 456 1362622360     960763 0 2 40.0 150.0 
 456 1362622360     970760 0 2 40.0 150.0 
 456 1362622360     980767 0 2 40.0 150.0 
 456 1362622360     990749 0 2 40.0 150.0 
 458 1362622361        773 0 2 40.0 150.0 
 456 1362622361      10777 0 2 40.0 150.0 
 456 1362622361      20764 0 2 40.0 150.0 
