 588 1362630719     608338 3 11 40.0 150.0 
 587 1362630719     618328 3 11 40.0 150.0 
 589 1362630719     628357 3 11 40.0 150.0 
 587 1362630719     638381 3 11 40.0 150.0 
 587 1362630719     648322 3 11 40.0 150.0 
 588 1362630719     658394 3 11 40.0 150.0 
 588 1362630719     668340 3 11 40.0 150.0 
 587 1362630719     678349 3 11 40.0 150.0 
 587 1362630719     688353 3 11 40.0 150.0 
 588 1362630719     698377 3 11 40.0 150.0 
 589 1362630719     708404 3 11 40.0 150.0 
 588 1362630719     718404 3 11 40.0 150.0 
 587 1362630719     728405 3 11 40.0 150.0 
 588 1362630719     738431 3 11 40.0 150.0 
 588 1362630719     748424 3 11 40.0 150.0 
 587 1362630719     758449 3 11 40.0 150.0 
 587 1362630719     768452 3 11 40.0 150.0 
 588 1362630719     778445 3 11 40.0 150.0 
 587 1362630719     788444 3 11 40.0 150.0 
 588 1362630719     798465 3 11 40.0 150.0 
 588 1362630719     808486 3 11 40.0 150.0 
 588 1362630719     818479 3 11 40.0 150.0 
 588 1362630719     828476 3 11 40.0 150.0 
 588 1362630719     838466 3 11 40.0 150.0 
 588 1362630719     848474 3 11 40.0 150.0 
 587 1362630719     858483 3 11 40.0 150.0 
 587 1362630719     868490 3 11 40.0 150.0 
 586 1362630719     878500 3 11 40.0 150.0 
 588 1362630719     888489 3 11 40.0 150.0 
 587 1362630719     898498 3 11 40.0 150.0 
 587 1362630719     908514 3 11 40.0 150.0 
 588 1362630719     918515 3 11 40.0 150.0 
 588 1362630719     928527 3 11 40.0 150.0 
 588 1362630719     938520 3 11 40.0 150.0 
 587 1362630719     948524 3 11 40.0 150.0 
 587 1362630719     958524 3 11 40.0 150.0 
 588 1362630719     968600 3 11 40.0 150.0 
 588 1362630719     978596 3 11 40.0 150.0 
 588 1362630719     988596 3 11 40.0 150.0 
 587 1362630719     998611 3 11 40.0 150.0 
 588 1362630720       8617 3 11 40.0 150.0 
 588 1362630720      18614 3 11 40.0 150.0 
 588 1362630720      28621 3 11 40.0 150.0 
 588 1362630720      38621 3 11 40.0 150.0 
 587 1362630720      48621 3 11 40.0 150.0 
 588 1362630720      58640 3 11 40.0 150.0 
 588 1362630720      68633 3 11 40.0 150.0 
 588 1362630720      78641 3 11 40.0 150.0 
 587 1362630720      88636 3 11 40.0 150.0 
 587 1362630720      98637 3 11 40.0 150.0 
 587 1362630720     108656 3 11 40.0 150.0 
 588 1362630720     118658 3 11 40.0 150.0 
 588 1362630720     128656 3 11 40.0 150.0 
 588 1362630720     138646 3 11 40.0 150.0 
 587 1362630720     148661 3 11 40.0 150.0 
 587 1362630720     158668 3 11 40.0 150.0 
 587 1362630720     168672 3 11 40.0 150.0 
 588 1362630720     178689 3 11 40.0 150.0 
 588 1362630720     188688 3 11 40.0 150.0 
 587 1362630720     198704 3 11 40.0 150.0 
 587 1362630720     208711 3 11 40.0 150.0 
 588 1362630720     218726 3 11 40.0 150.0 
 589 1362630720     228738 3 11 40.0 150.0 
 588 1362630720     238751 3 11 40.0 150.0 
 587 1362630720     248773 3 11 40.0 150.0 
 588 1362630720     258786 3 11 40.0 150.0 
 588 1362630720     268799 3 11 40.0 150.0 
 587 1362630720     278797 3 11 40.0 150.0 
 587 1362630720     288779 3 11 40.0 150.0 
 588 1362630720     298769 3 11 40.0 150.0 
 586 1362630720     308785 3 11 40.0 150.0 
 587 1362630720     318802 3 11 40.0 150.0 
 587 1362630720     328806 3 11 40.0 150.0 
 587 1362630720     338794 3 11 40.0 150.0 
 587 1362630720     348797 3 11 40.0 150.0 
 587 1362630720     358795 3 11 40.0 150.0 
 588 1362630720     368820 3 11 40.0 150.0 
 588 1362630720     378827 3 11 40.0 150.0 
 588 1362630720     388875 3 11 40.0 150.0 
 586 1362630720     398882 3 11 40.0 150.0 
 587 1362630720     408867 3 11 40.0 150.0 
 588 1362630720     418878 3 11 40.0 150.0 
 588 1362630720     428884 3 11 40.0 150.0 
 588 1362630720     438867 3 11 40.0 150.0 
 589 1362630720     448875 3 11 40.0 150.0 
 587 1362630720     458868 3 11 40.0 150.0 
 587 1362630720     468890 3 11 40.0 150.0 
 588 1362630720     478905 3 11 40.0 150.0 
 588 1362630720     488892 3 11 40.0 150.0 
 589 1362630720     498899 3 11 40.0 150.0 
 588 1362630720     508889 3 11 40.0 150.0 
 587 1362630720     518912 3 11 40.0 150.0 
 588 1362630720     528908 3 11 40.0 150.0 
 588 1362630720     538969 3 11 40.0 150.0 
 588 1362630720     548925 3 11 40.0 150.0 
 587 1362630720     558931 3 11 40.0 150.0 
 588 1362630720     568962 3 11 40.0 150.0 
 588 1362630720     578973 3 11 40.0 150.0 
 588 1362630720     588946 3 11 40.0 150.0 
 587 1362630720     598958 3 11 40.0 150.0 
