 434 1362630523     818841 3 8 40.0 100.0 
 434 1362630523     828821 3 8 40.0 100.0 
 434 1362630523     838780 3 8 40.0 100.0 
 434 1362630523     848817 3 8 40.0 100.0 
 434 1362630523     858833 3 8 40.0 100.0 
 433 1362630523     868833 3 8 40.0 100.0 
 434 1362630523     878907 3 8 40.0 100.0 
 434 1362630523     888826 3 8 40.0 100.0 
 433 1362630523     898846 3 8 40.0 100.0 
 434 1362630523     908821 3 8 40.0 100.0 
 433 1362630523     918861 3 8 40.0 100.0 
 434 1362630523     928859 3 8 40.0 100.0 
 434 1362630523     938882 3 8 40.0 100.0 
 434 1362630523     948898 3 8 40.0 100.0 
 433 1362630523     958904 3 8 40.0 100.0 
 434 1362630523     968925 3 8 40.0 100.0 
 435 1362630523     978927 3 8 40.0 100.0 
 434 1362630523     988924 3 8 40.0 100.0 
 434 1362630523     998922 3 8 40.0 100.0 
 435 1362630524       8940 3 8 40.0 100.0 
 433 1362630524      18940 3 8 40.0 100.0 
 434 1362630524      28940 3 8 40.0 100.0 
 434 1362630524      38929 3 8 40.0 100.0 
 433 1362630524      48915 3 8 40.0 100.0 
 434 1362630524      58926 3 8 40.0 100.0 
 433 1362630524      68927 3 8 40.0 100.0 
 433 1362630524      78991 3 8 40.0 100.0 
 435 1362630524      88996 3 8 40.0 100.0 
 434 1362630524      99012 3 8 40.0 100.0 
 433 1362630524     108962 3 8 40.0 100.0 
 434 1362630524     119020 3 8 40.0 100.0 
 434 1362630524     129023 3 8 40.0 100.0 
 434 1362630524     139036 3 8 40.0 100.0 
 435 1362630524     148995 3 8 40.0 100.0 
 434 1362630524     159015 3 8 40.0 100.0 
 434 1362630524     169011 3 8 40.0 100.0 
 434 1362630524     179002 3 8 40.0 100.0 
 434 1362630524     189005 3 8 40.0 100.0 
 434 1362630524     199018 3 8 40.0 100.0 
 434 1362630524     209023 3 8 40.0 100.0 
 434 1362630524     219028 3 8 40.0 100.0 
 434 1362630524     229093 3 8 40.0 100.0 
 434 1362630524     239052 3 8 40.0 100.0 
 433 1362630524     249049 3 8 40.0 100.0 
 433 1362630524     259110 3 8 40.0 100.0 
 434 1362630524     269126 3 8 40.0 100.0 
 434 1362630524     279126 3 8 40.0 100.0 
 434 1362630524     289070 3 8 40.0 100.0 
 433 1362630524     299081 3 8 40.0 100.0 
 433 1362630524     309145 3 8 40.0 100.0 
 434 1362630524     319137 3 8 40.0 100.0 
 434 1362630524     329134 3 8 40.0 100.0 
 434 1362630524     339157 3 8 40.0 100.0 
 434 1362630524     349156 3 8 40.0 100.0 
 434 1362630524     359148 3 8 40.0 100.0 
 434 1362630524     369142 3 8 40.0 100.0 
 434 1362630524     379201 3 8 40.0 100.0 
 433 1362630524     389207 3 8 40.0 100.0 
 434 1362630524     399205 3 8 40.0 100.0 
 434 1362630524     409219 3 8 40.0 100.0 
 434 1362630524     419216 3 8 40.0 100.0 
 434 1362630524     429215 3 8 40.0 100.0 
 434 1362630524     439230 3 8 40.0 100.0 
 433 1362630524     449177 3 8 40.0 100.0 
 433 1362630524     459205 3 8 40.0 100.0 
 434 1362630524     469210 3 8 40.0 100.0 
 433 1362630524     479205 3 8 40.0 100.0 
 433 1362630524     489217 3 8 40.0 100.0 
 433 1362630524     499243 3 8 40.0 100.0 
 434 1362630524     509277 3 8 40.0 100.0 
 434 1362630524     519223 3 8 40.0 100.0 
 433 1362630524     529294 3 8 40.0 100.0 
 433 1362630524     539305 3 8 40.0 100.0 
 433 1362630524     549302 3 8 40.0 100.0 
 432 1362630524     559301 3 8 40.0 100.0 
 434 1362630524     569289 3 8 40.0 100.0 
 433 1362630524     579272 3 8 40.0 100.0 
 433 1362630524     589290 3 8 40.0 100.0 
 433 1362630524     599306 3 8 40.0 100.0 
 433 1362630524     609308 3 8 40.0 100.0 
 433 1362630524     619302 3 8 40.0 100.0 
 433 1362630524     629313 3 8 40.0 100.0 
 433 1362630524     639324 3 8 40.0 100.0 
 433 1362630524     649320 3 8 40.0 100.0 
 433 1362630524     659320 3 8 40.0 100.0 
 433 1362630524     669323 3 8 40.0 100.0 
 434 1362630524     679375 3 8 40.0 100.0 
 433 1362630524     689387 3 8 40.0 100.0 
 433 1362630524     699345 3 8 40.0 100.0 
 434 1362630524     709354 3 8 40.0 100.0 
 432 1362630524     719370 3 8 40.0 100.0 
 433 1362630524     729395 3 8 40.0 100.0 
 433 1362630524     739409 3 8 40.0 100.0 
 434 1362630524     749424 3 8 40.0 100.0 
 433 1362630524     759434 3 8 40.0 100.0 
 433 1362630524     769447 3 8 40.0 100.0 
 434 1362630524     779449 3 8 40.0 100.0 
 435 1362630524     789446 3 8 40.0 100.0 
 434 1362630524     799459 3 8 40.0 100.0 
 434 1362630524     809463 3 8 40.0 100.0 
