 318 1362623968     622888 0 10 40.0 100.0 
 319 1362623968     632893 0 10 40.0 100.0 
 319 1362623968     642888 0 10 40.0 100.0 
 319 1362623968     652889 0 10 40.0 100.0 
 319 1362623968     662904 0 10 40.0 100.0 
 319 1362623968     672907 0 10 40.0 100.0 
 320 1362623968     682912 0 10 40.0 100.0 
 319 1362623968     692941 0 10 40.0 100.0 
 320 1362623968     702895 0 10 40.0 100.0 
 320 1362623968     712902 0 10 40.0 100.0 
 320 1362623968     722928 0 10 40.0 100.0 
 318 1362623968     732944 0 10 40.0 100.0 
 321 1362623968     742958 0 10 40.0 100.0 
 319 1362623968     752986 0 10 40.0 100.0 
 319 1362623968     762945 0 10 40.0 100.0 
 319 1362623968     772963 0 10 40.0 100.0 
 320 1362623968     782967 0 10 40.0 100.0 
 319 1362623968     793009 0 10 40.0 100.0 
 319 1362623968     802964 0 10 40.0 100.0 
 320 1362623968     812990 0 10 40.0 100.0 
 319 1362623968     823010 0 10 40.0 100.0 
 320 1362623968     832997 0 10 40.0 100.0 
 319 1362623968     843010 0 10 40.0 100.0 
 319 1362623968     853028 0 10 40.0 100.0 
 320 1362623968     863055 0 10 40.0 100.0 
 319 1362623968     873063 0 10 40.0 100.0 
 319 1362623968     883069 0 10 40.0 100.0 
 319 1362623968     893015 0 10 40.0 100.0 
 319 1362623968     903037 0 10 40.0 100.0 
 319 1362623968     913063 0 10 40.0 100.0 
 319 1362623968     923082 0 10 40.0 100.0 
 319 1362623968     933087 0 10 40.0 100.0 
 319 1362623968     943061 0 10 40.0 100.0 
 319 1362623968     953101 0 10 40.0 100.0 
 319 1362623968     963058 0 10 40.0 100.0 
 320 1362623968     973081 0 10 40.0 100.0 
 319 1362623968     983078 0 10 40.0 100.0 
 319 1362623968     993099 0 10 40.0 100.0 
 319 1362623969       3094 0 10 40.0 100.0 
 320 1362623969      13160 0 10 40.0 100.0 
 318 1362623969      23116 0 10 40.0 100.0 
 319 1362623969      33117 0 10 40.0 100.0 
 319 1362623969      43175 0 10 40.0 100.0 
 319 1362623969      53155 0 10 40.0 100.0 
 319 1362623969      63124 0 10 40.0 100.0 
 319 1362623969      73143 0 10 40.0 100.0 
 320 1362623969      83140 0 10 40.0 100.0 
 318 1362623969      93188 0 10 40.0 100.0 
 320 1362623969     103182 0 10 40.0 100.0 
 319 1362623969     113220 0 10 40.0 100.0 
 320 1362623969     123206 0 10 40.0 100.0 
 318 1362623969     133178 0 10 40.0 100.0 
 320 1362623969     143177 0 10 40.0 100.0 
 319 1362623969     153235 0 10 40.0 100.0 
 319 1362623969     163234 0 10 40.0 100.0 
 319 1362623969     173221 0 10 40.0 100.0 
 319 1362623969     183265 0 10 40.0 100.0 
 319 1362623969     193259 0 10 40.0 100.0 
 319 1362623969     203273 0 10 40.0 100.0 
 319 1362623969     213228 0 10 40.0 100.0 
 319 1362623969     223229 0 10 40.0 100.0 
 320 1362623969     233297 0 10 40.0 100.0 
 319 1362623969     243251 0 10 40.0 100.0 
 320 1362623969     253280 0 10 40.0 100.0 
 320 1362623969     263321 0 10 40.0 100.0 
 319 1362623969     273276 0 10 40.0 100.0 
 319 1362623969     283270 0 10 40.0 100.0 
 319 1362623969     293304 0 10 40.0 100.0 
 320 1362623969     303316 0 10 40.0 100.0 
 320 1362623969     313337 0 10 40.0 100.0 
 319 1362623969     323346 0 10 40.0 100.0 
 319 1362623969     333361 0 10 40.0 100.0 
 319 1362623969     343309 0 10 40.0 100.0 
 320 1362623969     353333 0 10 40.0 100.0 
 318 1362623969     363368 0 10 40.0 100.0 
 319 1362623969     373326 0 10 40.0 100.0 
 319 1362623969     383399 0 10 40.0 100.0 
 320 1362623969     393346 0 10 40.0 100.0 
 319 1362623969     403368 0 10 40.0 100.0 
 319 1362623969     413395 0 10 40.0 100.0 
 319 1362623969     423416 0 10 40.0 100.0 
 319 1362623969     433370 0 10 40.0 100.0 
 319 1362623969     443399 0 10 40.0 100.0 
 320 1362623969     453398 0 10 40.0 100.0 
 319 1362623969     463430 0 10 40.0 100.0 
 320 1362623969     473466 0 10 40.0 100.0 
 320 1362623969     483418 0 10 40.0 100.0 
 319 1362623969     493449 0 10 40.0 100.0 
 319 1362623969     503474 0 10 40.0 100.0 
 318 1362623969     513428 0 10 40.0 100.0 
 320 1362623969     523442 0 10 40.0 100.0 
 319 1362623969     533473 0 10 40.0 100.0 
 319 1362623969     543509 0 10 40.0 100.0 
 319 1362623969     553470 0 10 40.0 100.0 
 320 1362623969     563515 0 10 40.0 100.0 
 319 1362623969     573464 0 10 40.0 100.0 
 319 1362623969     583481 0 10 40.0 100.0 
 319 1362623969     593501 0 10 40.0 100.0 
 319 1362623969     603522 0 10 40.0 100.0 
 319 1362623969     613554 0 10 40.0 100.0 
