 278 1362629197     361147 2 2 40.0 50.0 
 278 1362629197     371158 2 2 40.0 50.0 
 277 1362629197     381208 2 2 40.0 50.0 
 278 1362629197     391171 2 2 40.0 50.0 
 277 1362629197     401184 2 2 40.0 50.0 
 278 1362629197     411192 2 2 40.0 50.0 
 278 1362629197     421212 2 2 40.0 50.0 
 278 1362629197     431234 2 2 40.0 50.0 
 278 1362629197     441183 2 2 40.0 50.0 
 278 1362629197     451201 2 2 40.0 50.0 
 278 1362629197     461214 2 2 40.0 50.0 
 278 1362629197     471231 2 2 40.0 50.0 
 279 1362629197     481243 2 2 40.0 50.0 
 278 1362629197     491257 2 2 40.0 50.0 
 278 1362629197     501288 2 2 40.0 50.0 
 278 1362629197     511294 2 2 40.0 50.0 
 278 1362629197     521290 2 2 40.0 50.0 
 278 1362629197     531305 2 2 40.0 50.0 
 278 1362629197     541315 2 2 40.0 50.0 
 278 1362629197     551319 2 2 40.0 50.0 
 278 1362629197     561263 2 2 40.0 50.0 
 278 1362629197     571289 2 2 40.0 50.0 
 278 1362629197     581299 2 2 40.0 50.0 
 278 1362629197     591292 2 2 40.0 50.0 
 278 1362629197     601312 2 2 40.0 50.0 
 278 1362629197     611326 2 2 40.0 50.0 
 277 1362629197     621342 2 2 40.0 50.0 
 278 1362629197     631343 2 2 40.0 50.0 
 277 1362629197     641340 2 2 40.0 50.0 
 278 1362629197     651344 2 2 40.0 50.0 
 277 1362629197     661393 2 2 40.0 50.0 
 278 1362629197     671342 2 2 40.0 50.0 
 278 1362629197     681340 2 2 40.0 50.0 
 278 1362629197     691361 2 2 40.0 50.0 
 278 1362629197     701375 2 2 40.0 50.0 
 278 1362629197     711403 2 2 40.0 50.0 
 278 1362629197     721421 2 2 40.0 50.0 
 278 1362629197     731419 2 2 40.0 50.0 
 278 1362629197     741431 2 2 40.0 50.0 
 278 1362629197     751445 2 2 40.0 50.0 
 277 1362629197     761393 2 2 40.0 50.0 
 278 1362629197     771465 2 2 40.0 50.0 
 278 1362629197     781411 2 2 40.0 50.0 
 279 1362629197     791419 2 2 40.0 50.0 
 278 1362629197     801431 2 2 40.0 50.0 
 279 1362629197     811448 2 2 40.0 50.0 
 278 1362629197     821452 2 2 40.0 50.0 
 278 1362629197     831458 2 2 40.0 50.0 
 278 1362629197     841486 2 2 40.0 50.0 
 278 1362629197     851504 2 2 40.0 50.0 
 278 1362629197     861466 2 2 40.0 50.0 
 277 1362629197     871534 2 2 40.0 50.0 
 278 1362629197     881496 2 2 40.0 50.0 
 278 1362629197     891500 2 2 40.0 50.0 
 278 1362629197     901519 2 2 40.0 50.0 
 278 1362629197     911529 2 2 40.0 50.0 
 278 1362629197     921554 2 2 40.0 50.0 
 278 1362629197     931506 2 2 40.0 50.0 
 278 1362629197     941515 2 2 40.0 50.0 
 278 1362629197     951582 2 2 40.0 50.0 
 278 1362629197     961576 2 2 40.0 50.0 
 278 1362629197     971598 2 2 40.0 50.0 
 277 1362629197     981545 2 2 40.0 50.0 
 278 1362629197     991558 2 2 40.0 50.0 
 279 1362629198       1590 2 2 40.0 50.0 
 278 1362629198      11598 2 2 40.0 50.0 
 278 1362629198      21604 2 2 40.0 50.0 
 278 1362629198      31600 2 2 40.0 50.0 
 279 1362629198      41605 2 2 40.0 50.0 
 278 1362629198      51609 2 2 40.0 50.0 
 278 1362629198      61611 2 2 40.0 50.0 
 278 1362629198      71617 2 2 40.0 50.0 
 278 1362629198      81630 2 2 40.0 50.0 
 278 1362629198      91656 2 2 40.0 50.0 
 278 1362629198     101658 2 2 40.0 50.0 
 278 1362629198     111661 2 2 40.0 50.0 
 278 1362629198     121654 2 2 40.0 50.0 
 278 1362629198     131641 2 2 40.0 50.0 
 278 1362629198     141646 2 2 40.0 50.0 
 278 1362629198     151652 2 2 40.0 50.0 
 278 1362629198     161717 2 2 40.0 50.0 
 278 1362629198     171716 2 2 40.0 50.0 
 278 1362629198     181727 2 2 40.0 50.0 
 278 1362629198     191732 2 2 40.0 50.0 
 277 1362629198     201732 2 2 40.0 50.0 
 278 1362629198     211729 2 2 40.0 50.0 
 278 1362629198     221736 2 2 40.0 50.0 
 278 1362629198     231740 2 2 40.0 50.0 
 278 1362629198     241744 2 2 40.0 50.0 
 278 1362629198     251753 2 2 40.0 50.0 
 278 1362629198     261747 2 2 40.0 50.0 
 278 1362629198     271749 2 2 40.0 50.0 
 278 1362629198     281743 2 2 40.0 50.0 
 278 1362629198     291764 2 2 40.0 50.0 
 278 1362629198     301791 2 2 40.0 50.0 
 277 1362629198     311795 2 2 40.0 50.0 
 278 1362629198     321804 2 2 40.0 50.0 
 278 1362629198     331813 2 2 40.0 50.0 
 278 1362629198     341777 2 2 40.0 50.0 
 278 1362629198     351789 2 2 40.0 50.0 
