 579 1362624868     777952 1 6 40.0 150.0 
 578 1362624868     787895 1 6 40.0 150.0 
 577 1362624868     797880 1 6 40.0 150.0 
 578 1362624868     807912 1 6 40.0 150.0 
 578 1362624868     817896 1 6 40.0 150.0 
 578 1362624868     827845 1 6 40.0 150.0 
 578 1362624868     838064 1 6 40.0 150.0 
 578 1362624868     848116 1 6 40.0 150.0 
 578 1362624868     857853 1 6 40.0 150.0 
 579 1362624868     867878 1 6 40.0 150.0 
 578 1362624868     877889 1 6 40.0 150.0 
 578 1362624868     887912 1 6 40.0 150.0 
 579 1362624868     897878 1 6 40.0 150.0 
 578 1362624868     907904 1 6 40.0 150.0 
 578 1362624868     917914 1 6 40.0 150.0 
 578 1362624868     927929 1 6 40.0 150.0 
 578 1362624868     937939 1 6 40.0 150.0 
 579 1362624868     947946 1 6 40.0 150.0 
 578 1362624868     957956 1 6 40.0 150.0 
 578 1362624868     967974 1 6 40.0 150.0 
 578 1362624868     977989 1 6 40.0 150.0 
 579 1362624868     988001 1 6 40.0 150.0 
 578 1362624868     997977 1 6 40.0 150.0 
 578 1362624869       7979 1 6 40.0 150.0 
 578 1362624869      18020 1 6 40.0 150.0 
 578 1362624869      27979 1 6 40.0 150.0 
 579 1362624869      38015 1 6 40.0 150.0 
 579 1362624869      48035 1 6 40.0 150.0 
 578 1362624869      57996 1 6 40.0 150.0 
 579 1362624869      68019 1 6 40.0 150.0 
 578 1362624869      78060 1 6 40.0 150.0 
 577 1362624869      88018 1 6 40.0 150.0 
 579 1362624869      98063 1 6 40.0 150.0 
 577 1362624869     108074 1 6 40.0 150.0 
 578 1362624869     118076 1 6 40.0 150.0 
 579 1362624869     128067 1 6 40.0 150.0 
 578 1362624869     138042 1 6 40.0 150.0 
 579 1362624869     148046 1 6 40.0 150.0 
 578 1362624869     158097 1 6 40.0 150.0 
 578 1362624869     168101 1 6 40.0 150.0 
 578 1362624869     178085 1 6 40.0 150.0 
 578 1362624869     188077 1 6 40.0 150.0 
 578 1362624869     198085 1 6 40.0 150.0 
 578 1362624869     208127 1 6 40.0 150.0 
 579 1362624869     218146 1 6 40.0 150.0 
 577 1362624869     228110 1 6 40.0 150.0 
 578 1362624869     238123 1 6 40.0 150.0 
 579 1362624869     248148 1 6 40.0 150.0 
 577 1362624869     258166 1 6 40.0 150.0 
 578 1362624869     268122 1 6 40.0 150.0 
 578 1362624869     278142 1 6 40.0 150.0 
 578 1362624869     288185 1 6 40.0 150.0 
 579 1362624869     298146 1 6 40.0 150.0 
 578 1362624869     308175 1 6 40.0 150.0 
 578 1362624869     318196 1 6 40.0 150.0 
 578 1362624869     328223 1 6 40.0 150.0 
 577 1362624869     338235 1 6 40.0 150.0 
 577 1362624869     348172 1 6 40.0 150.0 
 578 1362624869     358189 1 6 40.0 150.0 
 579 1362624869     368219 1 6 40.0 150.0 
 578 1362624869     378258 1 6 40.0 150.0 
 578 1362624869     388198 1 6 40.0 150.0 
 578 1362624869     398238 1 6 40.0 150.0 
 578 1362624869     408260 1 6 40.0 150.0 
 578 1362624869     418224 1 6 40.0 150.0 
 579 1362624869     428254 1 6 40.0 150.0 
 578 1362624869     438279 1 6 40.0 150.0 
 578 1362624869     448291 1 6 40.0 150.0 
 578 1362624869     458308 1 6 40.0 150.0 
 579 1362624869     468258 1 6 40.0 150.0 
 578 1362624869     478276 1 6 40.0 150.0 
 578 1362624869     488293 1 6 40.0 150.0 
 578 1362624869     498324 1 6 40.0 150.0 
 578 1362624869     508282 1 6 40.0 150.0 
 578 1362624869     518308 1 6 40.0 150.0 
 578 1362624869     528333 1 6 40.0 150.0 
 578 1362624869     538358 1 6 40.0 150.0 
 578 1362624869     548306 1 6 40.0 150.0 
 577 1362624869     558334 1 6 40.0 150.0 
 579 1362624869     568364 1 6 40.0 150.0 
 577 1362624869     578378 1 6 40.0 150.0 
 578 1362624869     588380 1 6 40.0 150.0 
 578 1362624869     598357 1 6 40.0 150.0 
 579 1362624869     608378 1 6 40.0 150.0 
 578 1362624869     618403 1 6 40.0 150.0 
 578 1362624869     628427 1 6 40.0 150.0 
 578 1362624869     638365 1 6 40.0 150.0 
 578 1362624869     648396 1 6 40.0 150.0 
 578 1362624869     658422 1 6 40.0 150.0 
 579 1362624869     668454 1 6 40.0 150.0 
 578 1362624869     678430 1 6 40.0 150.0 
 578 1362624869     688439 1 6 40.0 150.0 
 578 1362624869     698459 1 6 40.0 150.0 
 579 1362624869     708478 1 6 40.0 150.0 
 579 1362624869     718435 1 6 40.0 150.0 
 577 1362624869     728451 1 6 40.0 150.0 
 578 1362624869     738476 1 6 40.0 150.0 
 578 1362624869     748500 1 6 40.0 150.0 
 578 1362624869     758458 1 6 40.0 150.0 
 578 1362624869     768480 1 6 40.0 150.0 
