 469 1362629514     571070 2 8 40.0 150.0 
 469 1362629514     581040 2 8 40.0 150.0 
 469 1362629514     591069 2 8 40.0 150.0 
 470 1362629514     601038 2 8 40.0 150.0 
 469 1362629514     611046 2 8 40.0 150.0 
 468 1362629514     621040 2 8 40.0 150.0 
 470 1362629514     631068 2 8 40.0 150.0 
 470 1362629514     641072 2 8 40.0 150.0 
 469 1362629514     651066 2 8 40.0 150.0 
 469 1362629514     661071 2 8 40.0 150.0 
 469 1362629514     671091 2 8 40.0 150.0 
 469 1362629514     681105 2 8 40.0 150.0 
 469 1362629514     691115 2 8 40.0 150.0 
 469 1362629514     701134 2 8 40.0 150.0 
 469 1362629514     711144 2 8 40.0 150.0 
 470 1362629514     721171 2 8 40.0 150.0 
 469 1362629514     731118 2 8 40.0 150.0 
 469 1362629514     741118 2 8 40.0 150.0 
 469 1362629514     751139 2 8 40.0 150.0 
 469 1362629514     761170 2 8 40.0 150.0 
 469 1362629514     771168 2 8 40.0 150.0 
 468 1362629514     781170 2 8 40.0 150.0 
 470 1362629514     791184 2 8 40.0 150.0 
 469 1362629514     801204 2 8 40.0 150.0 
 470 1362629514     811198 2 8 40.0 150.0 
 469 1362629514     821210 2 8 40.0 150.0 
 469 1362629514     831232 2 8 40.0 150.0 
 469 1362629514     841237 2 8 40.0 150.0 
 469 1362629514     851256 2 8 40.0 150.0 
 469 1362629514     861264 2 8 40.0 150.0 
 468 1362629514     871263 2 8 40.0 150.0 
 468 1362629514     881259 2 8 40.0 150.0 
 469 1362629514     891284 2 8 40.0 150.0 
 469 1362629514     901293 2 8 40.0 150.0 
 468 1362629514     911232 2 8 40.0 150.0 
 469 1362629514     921238 2 8 40.0 150.0 
 469 1362629514     931255 2 8 40.0 150.0 
 469 1362629514     941271 2 8 40.0 150.0 
 468 1362629514     951274 2 8 40.0 150.0 
 469 1362629514     961301 2 8 40.0 150.0 
 469 1362629514     971304 2 8 40.0 150.0 
 469 1362629514     981301 2 8 40.0 150.0 
 469 1362629514     991314 2 8 40.0 150.0 
 469 1362629515       1310 2 8 40.0 150.0 
 469 1362629515      11352 2 8 40.0 150.0 
 469 1362629515      21363 2 8 40.0 150.0 
 469 1362629515      31325 2 8 40.0 150.0 
 469 1362629515      41333 2 8 40.0 150.0 
 469 1362629515      51345 2 8 40.0 150.0 
 469 1362629515      61364 2 8 40.0 150.0 
 469 1362629515      71395 2 8 40.0 150.0 
 469 1362629515      81350 2 8 40.0 150.0 
 469 1362629515      91361 2 8 40.0 150.0 
 469 1362629515     101406 2 8 40.0 150.0 
 468 1362629515     111386 2 8 40.0 150.0 
 469 1362629515     121429 2 8 40.0 150.0 
 470 1362629515     131390 2 8 40.0 150.0 
 469 1362629515     141431 2 8 40.0 150.0 
 469 1362629515     151412 2 8 40.0 150.0 
 469 1362629515     161453 2 8 40.0 150.0 
 469 1362629515     171420 2 8 40.0 150.0 
 470 1362629515     181464 2 8 40.0 150.0 
 468 1362629515     191440 2 8 40.0 150.0 
 469 1362629515     201437 2 8 40.0 150.0 
 469 1362629515     211445 2 8 40.0 150.0 
 469 1362629515     221450 2 8 40.0 150.0 
 469 1362629515     231455 2 8 40.0 150.0 
 469 1362629515     241457 2 8 40.0 150.0 
 469 1362629515     251460 2 8 40.0 150.0 
 469 1362629515     261464 2 8 40.0 150.0 
 469 1362629515     271539 2 8 40.0 150.0 
 469 1362629515     281483 2 8 40.0 150.0 
 469 1362629515     291494 2 8 40.0 150.0 
 470 1362629515     301508 2 8 40.0 150.0 
 469 1362629515     311526 2 8 40.0 150.0 
 469 1362629515     321537 2 8 40.0 150.0 
 469 1362629515     331549 2 8 40.0 150.0 
 470 1362629515     341548 2 8 40.0 150.0 
 469 1362629515     351547 2 8 40.0 150.0 
 470 1362629515     361575 2 8 40.0 150.0 
 469 1362629515     371564 2 8 40.0 150.0 
 469 1362629515     381574 2 8 40.0 150.0 
 469 1362629515     391573 2 8 40.0 150.0 
 469 1362629515     401578 2 8 40.0 150.0 
 469 1362629515     411575 2 8 40.0 150.0 
 469 1362629515     421586 2 8 40.0 150.0 
 468 1362629515     431592 2 8 40.0 150.0 
 469 1362629515     441590 2 8 40.0 150.0 
 469 1362629515     451660 2 8 40.0 150.0 
 469 1362629515     461646 2 8 40.0 150.0 
 469 1362629515     471633 2 8 40.0 150.0 
 468 1362629515     481644 2 8 40.0 150.0 
 469 1362629515     491670 2 8 40.0 150.0 
 469 1362629515     501689 2 8 40.0 150.0 
 469 1362629515     511686 2 8 40.0 150.0 
 468 1362629515     521688 2 8 40.0 150.0 
 469 1362629515     531703 2 8 40.0 150.0 
 469 1362629515     541661 2 8 40.0 150.0 
 469 1362629515     551680 2 8 40.0 150.0 
 469 1362629515     561697 2 8 40.0 150.0 
