 288 1362622821      84765 0 5 40.0 100.0 
 289 1362622821      94714 0 5 40.0 100.0 
 288 1362622821     104755 0 5 40.0 100.0 
 288 1362622821     114705 0 5 40.0 100.0 
 288 1362622821     124720 0 5 40.0 100.0 
 288 1362622821     134717 0 5 40.0 100.0 
 288 1362622821     144737 0 5 40.0 100.0 
 288 1362622821     154754 0 5 40.0 100.0 
 288 1362622821     164769 0 5 40.0 100.0 
 288 1362622821     174756 0 5 40.0 100.0 
 288 1362622821     184775 0 5 40.0 100.0 
 288 1362622821     194794 0 5 40.0 100.0 
 287 1362622821     204824 0 5 40.0 100.0 
 288 1362622821     214779 0 5 40.0 100.0 
 288 1362622821     224794 0 5 40.0 100.0 
 288 1362622821     234809 0 5 40.0 100.0 
 289 1362622821     244809 0 5 40.0 100.0 
 288 1362622821     254831 0 5 40.0 100.0 
 288 1362622821     264840 0 5 40.0 100.0 
 287 1362622821     274849 0 5 40.0 100.0 
 288 1362622821     284864 0 5 40.0 100.0 
 288 1362622821     294882 0 5 40.0 100.0 
 289 1362622821     304861 0 5 40.0 100.0 
 288 1362622821     314897 0 5 40.0 100.0 
 289 1362622821     324882 0 5 40.0 100.0 
 288 1362622821     334888 0 5 40.0 100.0 
 288 1362622821     344912 0 5 40.0 100.0 
 289 1362622821     354918 0 5 40.0 100.0 
 288 1362622821     364879 0 5 40.0 100.0 
 288 1362622821     374944 0 5 40.0 100.0 
 289 1362622821     384949 0 5 40.0 100.0 
 288 1362622821     394889 0 5 40.0 100.0 
 288 1362622821     404906 0 5 40.0 100.0 
 288 1362622821     414933 0 5 40.0 100.0 
 288 1362622821     424934 0 5 40.0 100.0 
 288 1362622821     434984 0 5 40.0 100.0 
 288 1362622821     444981 0 5 40.0 100.0 
 289 1362622821     454926 0 5 40.0 100.0 
 289 1362622821     464950 0 5 40.0 100.0 
 289 1362622821     474964 0 5 40.0 100.0 
 288 1362622821     484946 0 5 40.0 100.0 
 288 1362622821     494975 0 5 40.0 100.0 
 287 1362622821     505013 0 5 40.0 100.0 
 289 1362622821     515015 0 5 40.0 100.0 
 289 1362622821     525029 0 5 40.0 100.0 
 288 1362622821     535033 0 5 40.0 100.0 
 289 1362622821     545043 0 5 40.0 100.0 
 288 1362622821     554996 0 5 40.0 100.0 
 288 1362622821     565022 0 5 40.0 100.0 
 289 1362622821     575038 0 5 40.0 100.0 
 288 1362622821     585080 0 5 40.0 100.0 
 288 1362622821     595034 0 5 40.0 100.0 
 289 1362622821     605060 0 5 40.0 100.0 
 288 1362622821     615085 0 5 40.0 100.0 
 288 1362622821     625083 0 5 40.0 100.0 
 288 1362622821     635113 0 5 40.0 100.0 
 288 1362622821     645064 0 5 40.0 100.0 
 288 1362622821     655086 0 5 40.0 100.0 
 288 1362622821     665123 0 5 40.0 100.0 
 288 1362622821     675128 0 5 40.0 100.0 
 288 1362622821     685133 0 5 40.0 100.0 
 288 1362622821     695114 0 5 40.0 100.0 
 289 1362622821     705137 0 5 40.0 100.0 
 288 1362622821     715130 0 5 40.0 100.0 
 288 1362622821     725127 0 5 40.0 100.0 
 288 1362622821     735120 0 5 40.0 100.0 
 288 1362622821     745159 0 5 40.0 100.0 
 289 1362622821     755176 0 5 40.0 100.0 
 289 1362622821     765202 0 5 40.0 100.0 
 287 1362622821     775149 0 5 40.0 100.0 
 288 1362622821     785181 0 5 40.0 100.0 
 288 1362622821     795212 0 5 40.0 100.0 
 288 1362622821     805208 0 5 40.0 100.0 
 288 1362622821     815222 0 5 40.0 100.0 
 288 1362622821     825191 0 5 40.0 100.0 
 288 1362622821     835201 0 5 40.0 100.0 
 289 1362622821     845212 0 5 40.0 100.0 
 288 1362622821     855211 0 5 40.0 100.0 
 288 1362622821     865204 0 5 40.0 100.0 
 288 1362622821     875269 0 5 40.0 100.0 
 288 1362622821     885220 0 5 40.0 100.0 
 288 1362622821     895219 0 5 40.0 100.0 
 288 1362622821     905236 0 5 40.0 100.0 
 288 1362622821     915245 0 5 40.0 100.0 
 288 1362622821     925297 0 5 40.0 100.0 
 288 1362622821     935308 0 5 40.0 100.0 
 288 1362622821     945268 0 5 40.0 100.0 
 289 1362622821     955281 0 5 40.0 100.0 
 288 1362622821     965291 0 5 40.0 100.0 
 289 1362622821     975296 0 5 40.0 100.0 
 289 1362622821     985293 0 5 40.0 100.0 
 288 1362622821     995315 0 5 40.0 100.0 
 288 1362622822       5289 0 5 40.0 100.0 
 289 1362622822      15301 0 5 40.0 100.0 
 288 1362622822      25361 0 5 40.0 100.0 
 288 1362622822      35328 0 5 40.0 100.0 
 288 1362622822      45378 0 5 40.0 100.0 
 288 1362622822      55336 0 5 40.0 100.0 
 288 1362622822      65362 0 5 40.0 100.0 
 288 1362622822      75344 0 5 40.0 100.0 
 288 1362622822      85363 0 5 40.0 100.0 
 288 1362622822      95375 0 5 40.0 100.0 
 289 1362622822     105389 0 5 40.0 100.0 
 288 1362622822     115413 0 5 40.0 100.0 
 289 1362622822     125400 0 5 40.0 100.0 
 288 1362622822     135414 0 5 40.0 100.0 
 288 1362622822     145423 0 5 40.0 100.0 
 289 1362622822     155445 0 5 40.0 100.0 
 288 1362622822     165408 0 5 40.0 100.0 
 288 1362622822     175410 0 5 40.0 100.0 
 288 1362622822     185418 0 5 40.0 100.0 
 288 1362622822     195416 0 5 40.0 100.0 
 288 1362622822     205434 0 5 40.0 100.0 
 288 1362622822     215436 0 5 40.0 100.0 
 288 1362622822     225496 0 5 40.0 100.0 
 289 1362622822     235496 0 5 40.0 100.0 
 288 1362622822     245505 0 5 40.0 100.0 
 289 1362622822     255522 0 5 40.0 100.0 
 288 1362622822     265532 0 5 40.0 100.0 
 288 1362622822     275529 0 5 40.0 100.0 
 288 1362622822     285537 0 5 40.0 100.0 
 288 1362622822     295491 0 5 40.0 100.0 
 288 1362622822     305506 0 5 40.0 100.0 
 288 1362622822     315524 0 5 40.0 100.0 
 288 1362622822     325512 0 5 40.0 100.0 
 289 1362622822     335522 0 5 40.0 100.0 
 288 1362622822     345554 0 5 40.0 100.0 
 287 1362622822     355570 0 5 40.0 100.0 
 289 1362622822     365575 0 5 40.0 100.0 
 288 1362622822     375569 0 5 40.0 100.0 
 289 1362622822     385574 0 5 40.0 100.0 
 288 1362622822     395589 0 5 40.0 100.0 
 289 1362622822     405596 0 5 40.0 100.0 
 288 1362622822     415599 0 5 40.0 100.0 
 288 1362622822     425583 0 5 40.0 100.0 
 289 1362622822     435601 0 5 40.0 100.0 
 288 1362622822     445612 0 5 40.0 100.0 
 288 1362622822     455646 0 5 40.0 100.0 
 288 1362622822     465658 0 5 40.0 100.0 
 288 1362622822     475620 0 5 40.0 100.0 
 288 1362622822     485625 0 5 40.0 100.0 
 289 1362622822     495684 0 5 40.0 100.0 
 288 1362622822     505621 0 5 40.0 100.0 
 289 1362622822     515645 0 5 40.0 100.0 
 288 1362622822     525693 0 5 40.0 100.0 
 288 1362622822     535711 0 5 40.0 100.0 
 288 1362622822     545700 0 5 40.0 100.0 
 288 1362622822     555713 0 5 40.0 100.0 
 289 1362622822     565711 0 5 40.0 100.0 
 289 1362622822     575696 0 5 40.0 100.0 
 288 1362622822     585695 0 5 40.0 100.0 
 288 1362622822     595704 0 5 40.0 100.0 
 288 1362622822     605714 0 5 40.0 100.0 
 288 1362622822     615705 0 5 40.0 100.0 
 288 1362622822     625757 0 5 40.0 100.0 
 288 1362622822     635734 0 5 40.0 100.0 
 288 1362622822     645734 0 5 40.0 100.0 
 288 1362622822     655771 0 5 40.0 100.0 
 289 1362622822     665786 0 5 40.0 100.0 
 288 1362622822     675782 0 5 40.0 100.0 
 288 1362622822     685812 0 5 40.0 100.0 
 288 1362622822     695750 0 5 40.0 100.0 
 288 1362622822     705803 0 5 40.0 100.0 
 288 1362622822     715828 0 5 40.0 100.0 
 289 1362622822     725817 0 5 40.0 100.0 
 288 1362622822     735834 0 5 40.0 100.0 
 288 1362622822     745834 0 5 40.0 100.0 
 288 1362622822     755831 0 5 40.0 100.0 
 288 1362622822     765843 0 5 40.0 100.0 
 288 1362622822     775827 0 5 40.0 100.0 
 288 1362622822     785863 0 5 40.0 100.0 
 288 1362622822     795857 0 5 40.0 100.0 
 288 1362622822     805831 0 5 40.0 100.0 
 289 1362622822     815842 0 5 40.0 100.0 
 288 1362622822     825854 0 5 40.0 100.0 
 288 1362622822     835863 0 5 40.0 100.0 
 288 1362622822     845850 0 5 40.0 100.0 
 288 1362622822     855899 0 5 40.0 100.0 
 288 1362622822     865887 0 5 40.0 100.0 
 289 1362622822     875896 0 5 40.0 100.0 
 288 1362622822     885902 0 5 40.0 100.0 
 288 1362622822     895914 0 5 40.0 100.0 
 289 1362622822     905905 0 5 40.0 100.0 
 288 1362622822     915898 0 5 40.0 100.0 
 289 1362622822     925904 0 5 40.0 100.0 
 288 1362622822     935964 0 5 40.0 100.0 
 289 1362622822     945970 0 5 40.0 100.0 
 287 1362622822     955956 0 5 40.0 100.0 
 289 1362622822     965988 0 5 40.0 100.0 
 288 1362622822     975975 0 5 40.0 100.0 
 288 1362622822     985951 0 5 40.0 100.0 
 288 1362622822     996007 0 5 40.0 100.0 
 289 1362622823       6002 0 5 40.0 100.0 
 289 1362622823      15984 0 5 40.0 100.0 
 288 1362622823      26025 0 5 40.0 100.0 
 288 1362622823      36018 0 5 40.0 100.0 
 289 1362622823      46006 0 5 40.0 100.0 
 289 1362622823      56023 0 5 40.0 100.0 
 288 1362622823      66002 0 5 40.0 100.0 
 288 1362622823      76028 0 5 40.0 100.0 
 288 1362622823      86066 0 5 40.0 100.0 
 289 1362622823      96026 0 5 40.0 100.0 
 288 1362622823     106037 0 5 40.0 100.0 
 289 1362622823     116073 0 5 40.0 100.0 
 288 1362622823     126077 0 5 40.0 100.0 
 288 1362622823     136075 0 5 40.0 100.0 
 289 1362622823     146106 0 5 40.0 100.0 
 288 1362622823     156064 0 5 40.0 100.0 
 288 1362622823     166112 0 5 40.0 100.0 
 288 1362622823     176088 0 5 40.0 100.0 
 289 1362622823     186109 0 5 40.0 100.0 
 288 1362622823     196102 0 5 40.0 100.0 
 289 1362622823     206129 0 5 40.0 100.0 
 288 1362622823     216092 0 5 40.0 100.0 
 289 1362622823     226146 0 5 40.0 100.0 
 288 1362622823     236090 0 5 40.0 100.0 
 288 1362622823     246149 0 5 40.0 100.0 
 288 1362622823     256136 0 5 40.0 100.0 
 288 1362622823     266145 0 5 40.0 100.0 
 288 1362622823     276162 0 5 40.0 100.0 
 288 1362622823     286137 0 5 40.0 100.0 
 288 1362622823     296137 0 5 40.0 100.0 
 287 1362622823     306137 0 5 40.0 100.0 
 288 1362622823     316197 0 5 40.0 100.0 
 289 1362622823     326175 0 5 40.0 100.0 
 288 1362622823     336177 0 5 40.0 100.0 
 289 1362622823     346164 0 5 40.0 100.0 
 288 1362622823     356210 0 5 40.0 100.0 
 288 1362622823     366220 0 5 40.0 100.0 
 289 1362622823     376200 0 5 40.0 100.0 
 288 1362622823     386235 0 5 40.0 100.0 
 288 1362622823     396239 0 5 40.0 100.0 
 289 1362622823     406245 0 5 40.0 100.0 
 288 1362622823     416226 0 5 40.0 100.0 
 288 1362622823     426267 0 5 40.0 100.0 
 289 1362622823     436243 0 5 40.0 100.0 
 288 1362622823     446289 0 5 40.0 100.0 
 288 1362622823     456268 0 5 40.0 100.0 
 288 1362622823     466289 0 5 40.0 100.0 
 288 1362622823     476301 0 5 40.0 100.0 
 288 1362622823     486258 0 5 40.0 100.0 
 288 1362622823     496311 0 5 40.0 100.0 
 288 1362622823     506330 0 5 40.0 100.0 
 288 1362622823     516309 0 5 40.0 100.0 
 289 1362622823     526317 0 5 40.0 100.0 
 288 1362622823     536306 0 5 40.0 100.0 
 289 1362622823     546323 0 5 40.0 100.0 
 288 1362622823     556329 0 5 40.0 100.0 
 288 1362622823     566344 0 5 40.0 100.0 
 289 1362622823     576329 0 5 40.0 100.0 
 288 1362622823     586364 0 5 40.0 100.0 
 288 1362622823     596388 0 5 40.0 100.0 
 289 1362622823     606394 0 5 40.0 100.0 
 288 1362622823     616360 0 5 40.0 100.0 
 288 1362622823     626365 0 5 40.0 100.0 
 289 1362622823     636365 0 5 40.0 100.0 
 288 1362622823     646411 0 5 40.0 100.0 
 289 1362622823     656382 0 5 40.0 100.0 
 288 1362622823     666424 0 5 40.0 100.0 
 289 1362622823     676399 0 5 40.0 100.0 
 288 1362622823     686447 0 5 40.0 100.0 
 288 1362622823     696457 0 5 40.0 100.0 
 289 1362622823     706432 0 5 40.0 100.0 
 288 1362622823     716469 0 5 40.0 100.0 
 288 1362622823     726456 0 5 40.0 100.0 
 288 1362622823     736422 0 5 40.0 100.0 
 288 1362622823     746476 0 5 40.0 100.0 
 288 1362622823     756442 0 5 40.0 100.0 
 288 1362622823     766490 0 5 40.0 100.0 
 289 1362622823     776484 0 5 40.0 100.0 
 288 1362622823     786476 0 5 40.0 100.0 
 288 1362622823     796513 0 5 40.0 100.0 
 288 1362622823     806498 0 5 40.0 100.0 
 288 1362622823     816490 0 5 40.0 100.0 
 288 1362622823     826480 0 5 40.0 100.0 
 288 1362622823     836539 0 5 40.0 100.0 
 289 1362622823     846535 0 5 40.0 100.0 
 288 1362622823     856557 0 5 40.0 100.0 
 288 1362622823     866556 0 5 40.0 100.0 
 288 1362622823     876573 0 5 40.0 100.0 
 289 1362622823     886563 0 5 40.0 100.0 
 288 1362622823     896570 0 5 40.0 100.0 
 289 1362622823     906545 0 5 40.0 100.0 
 289 1362622823     916544 0 5 40.0 100.0 
 288 1362622823     926579 0 5 40.0 100.0 
 288 1362622823     936555 0 5 40.0 100.0 
 288 1362622823     946604 0 5 40.0 100.0 
 288 1362622823     956621 0 5 40.0 100.0 
 288 1362622823     966609 0 5 40.0 100.0 
 289 1362622823     976629 0 5 40.0 100.0 
 288 1362622823     986591 0 5 40.0 100.0 
 289 1362622823     996607 0 5 40.0 100.0 
 288 1362622824       6659 0 5 40.0 100.0 
 288 1362622824      16654 0 5 40.0 100.0 
 288 1362622824      26635 0 5 40.0 100.0 
 288 1362622824      36632 0 5 40.0 100.0 
 288 1362622824      46636 0 5 40.0 100.0 
 289 1362622824      56681 0 5 40.0 100.0 
 288 1362622824      66651 0 5 40.0 100.0 
 288 1362622824      76678 0 5 40.0 100.0 
 289 1362622824      86691 0 5 40.0 100.0 
 289 1362622824      96703 0 5 40.0 100.0 
 288 1362622824     106688 0 5 40.0 100.0 
 288 1362622824     116700 0 5 40.0 100.0 
 289 1362622824     126682 0 5 40.0 100.0 
 288 1362622824     136732 0 5 40.0 100.0 
 288 1362622824     146729 0 5 40.0 100.0 
 288 1362622824     156749 0 5 40.0 100.0 
 288 1362622824     166713 0 5 40.0 100.0 
 289 1362622824     176773 0 5 40.0 100.0 
 288 1362622824     186780 0 5 40.0 100.0 
 288 1362622824     196733 0 5 40.0 100.0 
 289 1362622824     206796 0 5 40.0 100.0 
 288 1362622824     216793 0 5 40.0 100.0 
 288 1362622824     226779 0 5 40.0 100.0 
 289 1362622824     236785 0 5 40.0 100.0 
 287 1362622824     246783 0 5 40.0 100.0 
 289 1362622824     256824 0 5 40.0 100.0 
 288 1362622824     266777 0 5 40.0 100.0 
 288 1362622824     276821 0 5 40.0 100.0 
 288 1362622824     286816 0 5 40.0 100.0 
 288 1362622824     296814 0 5 40.0 100.0 
 288 1362622824     306819 0 5 40.0 100.0 
 288 1362622824     316862 0 5 40.0 100.0 
 288 1362622824     326813 0 5 40.0 100.0 
 289 1362622824     336865 0 5 40.0 100.0 
 288 1362622824     346876 0 5 40.0 100.0 
 288 1362622824     356852 0 5 40.0 100.0 
 289 1362622824     366874 0 5 40.0 100.0 
 288 1362622824     376845 0 5 40.0 100.0 
 288 1362622824     386872 0 5 40.0 100.0 
 288 1362622824     396905 0 5 40.0 100.0 
 288 1362622824     406924 0 5 40.0 100.0 
 288 1362622824     416875 0 5 40.0 100.0 
 289 1362622824     426906 0 5 40.0 100.0 
 288 1362622824     436913 0 5 40.0 100.0 
 289 1362622824     446910 0 5 40.0 100.0 
 288 1362622824     456914 0 5 40.0 100.0 
 288 1362622824     466928 0 5 40.0 100.0 
 288 1362622824     476960 0 5 40.0 100.0 
 288 1362622824     486917 0 5 40.0 100.0 
 288 1362622824     496944 0 5 40.0 100.0 
 288 1362622824     506978 0 5 40.0 100.0 
 289 1362622824     516981 0 5 40.0 100.0 
 288 1362622824     526968 0 5 40.0 100.0 
 289 1362622824     536971 0 5 40.0 100.0 
 288 1362622824     546990 0 5 40.0 100.0 
 288 1362622824     557010 0 5 40.0 100.0 
 288 1362622824     567026 0 5 40.0 100.0 
 288 1362622824     577017 0 5 40.0 100.0 
 288 1362622824     586993 0 5 40.0 100.0 
 288 1362622824     597035 0 5 40.0 100.0 
 289 1362622824     606999 0 5 40.0 100.0 
 288 1362622824     617003 0 5 40.0 100.0 
 288 1362622824     627062 0 5 40.0 100.0 
 288 1362622824     637075 0 5 40.0 100.0 
 288 1362622824     647032 0 5 40.0 100.0 
 288 1362622824     657059 0 5 40.0 100.0 
 289 1362622824     667071 0 5 40.0 100.0 
 288 1362622824     677069 0 5 40.0 100.0 
 289 1362622824     687052 0 5 40.0 100.0 
 288 1362622824     697102 0 5 40.0 100.0 
 288 1362622824     707077 0 5 40.0 100.0 
 288 1362622824     717108 0 5 40.0 100.0 
 289 1362622824     727130 0 5 40.0 100.0 
 289 1362622824     737106 0 5 40.0 100.0 
 288 1362622824     747108 0 5 40.0 100.0 
 289 1362622824     757133 0 5 40.0 100.0 
 288 1362622824     767127 0 5 40.0 100.0 
 288 1362622824     777120 0 5 40.0 100.0 
 288 1362622824     787153 0 5 40.0 100.0 
 288 1362622824     797164 0 5 40.0 100.0 
 288 1362622824     807130 0 5 40.0 100.0 
 289 1362622824     817187 0 5 40.0 100.0 
 288 1362622824     827202 0 5 40.0 100.0 
 288 1362622824     837176 0 5 40.0 100.0 
 288 1362622824     847189 0 5 40.0 100.0 
 288 1362622824     857222 0 5 40.0 100.0 
 288 1362622824     867181 0 5 40.0 100.0 
 289 1362622824     877222 0 5 40.0 100.0 
 288 1362622824     887234 0 5 40.0 100.0 
 289 1362622824     897224 0 5 40.0 100.0 
 288 1362622824     907236 0 5 40.0 100.0 
 289 1362622824     917250 0 5 40.0 100.0 
 288 1362622824     927223 0 5 40.0 100.0 
 288 1362622824     937259 0 5 40.0 100.0 
 288 1362622824     947254 0 5 40.0 100.0 
 288 1362622824     957247 0 5 40.0 100.0 
 289 1362622824     967262 0 5 40.0 100.0 
 287 1362622824     977260 0 5 40.0 100.0 
 289 1362622824     987299 0 5 40.0 100.0 
 288 1362622824     997265 0 5 40.0 100.0 
 289 1362622825       7321 0 5 40.0 100.0 
 288 1362622825      17301 0 5 40.0 100.0 
 289 1362622825      27316 0 5 40.0 100.0 
 289 1362622825      37304 0 5 40.0 100.0 
 289 1362622825      47292 0 5 40.0 100.0 
 288 1362622825      57321 0 5 40.0 100.0 
 288 1362622825      67334 0 5 40.0 100.0 
 288 1362622825      77338 0 5 40.0 100.0 
 289 1362622825      87325 0 5 40.0 100.0 
 288 1362622825      97348 0 5 40.0 100.0 
 288 1362622825     107340 0 5 40.0 100.0 
 289 1362622825     117354 0 5 40.0 100.0 
 288 1362622825     127348 0 5 40.0 100.0 
 288 1362622825     137407 0 5 40.0 100.0 
 288 1362622825     147370 0 5 40.0 100.0 
 288 1362622825     157370 0 5 40.0 100.0 
 288 1362622825     167410 0 5 40.0 100.0 
 288 1362622825     177418 0 5 40.0 100.0 
 288 1362622825     187433 0 5 40.0 100.0 
 288 1362622825     197425 0 5 40.0 100.0 
 288 1362622825     207435 0 5 40.0 100.0 
 288 1362622825     217448 0 5 40.0 100.0 
 288 1362622825     227461 0 5 40.0 100.0 
 289 1362622825     237446 0 5 40.0 100.0 
 289 1362622825     247443 0 5 40.0 100.0 
 288 1362622825     257450 0 5 40.0 100.0 
 288 1362622825     267492 0 5 40.0 100.0 
 288 1362622825     277473 0 5 40.0 100.0 
 289 1362622825     287487 0 5 40.0 100.0 
 288 1362622825     297480 0 5 40.0 100.0 
 289 1362622825     307523 0 5 40.0 100.0 
 288 1362622825     317513 0 5 40.0 100.0 
 288 1362622825     327495 0 5 40.0 100.0 
 288 1362622825     337541 0 5 40.0 100.0 
 289 1362622825     347499 0 5 40.0 100.0 
 288 1362622825     357513 0 5 40.0 100.0 
 288 1362622825     367520 0 5 40.0 100.0 
 288 1362622825     377556 0 5 40.0 100.0 
 288 1362622825     387520 0 5 40.0 100.0 
 288 1362622825     397579 0 5 40.0 100.0 
 288 1362622825     407529 0 5 40.0 100.0 
 289 1362622825     417593 0 5 40.0 100.0 
 288 1362622825     427599 0 5 40.0 100.0 
 288 1362622825     437585 0 5 40.0 100.0 
 287 1362622825     447592 0 5 40.0 100.0 
 288 1362622825     457614 0 5 40.0 100.0 
 288 1362622825     467619 0 5 40.0 100.0 
 288 1362622825     477601 0 5 40.0 100.0 
 289 1362622825     487602 0 5 40.0 100.0 
 288 1362622825     497614 0 5 40.0 100.0 
 289 1362622825     507621 0 5 40.0 100.0 
 288 1362622825     517611 0 5 40.0 100.0 
 288 1362622825     527637 0 5 40.0 100.0 
 288 1362622825     537627 0 5 40.0 100.0 
 288 1362622825     547664 0 5 40.0 100.0 
 289 1362622825     557633 0 5 40.0 100.0 
 289 1362622825     567631 0 5 40.0 100.0 
 287 1362622825     577675 0 5 40.0 100.0 
 288 1362622825     587704 0 5 40.0 100.0 
 288 1362622825     597669 0 5 40.0 100.0 
 289 1362622825     607680 0 5 40.0 100.0 
 288 1362622825     617724 0 5 40.0 100.0 
 289 1362622825     627676 0 5 40.0 100.0 
 288 1362622825     637693 0 5 40.0 100.0 
 288 1362622825     647713 0 5 40.0 100.0 
 288 1362622825     657707 0 5 40.0 100.0 
 288 1362622825     667742 0 5 40.0 100.0 
 288 1362622825     677703 0 5 40.0 100.0 
 288 1362622825     687770 0 5 40.0 100.0 
 289 1362622825     697725 0 5 40.0 100.0 
 288 1362622825     707783 0 5 40.0 100.0 
 288 1362622825     717761 0 5 40.0 100.0 
 289 1362622825     727758 0 5 40.0 100.0 
 289 1362622825     737792 0 5 40.0 100.0 
 289 1362622825     747796 0 5 40.0 100.0 
 288 1362622825     757773 0 5 40.0 100.0 
 288 1362622825     767821 0 5 40.0 100.0 
 288 1362622825     777781 0 5 40.0 100.0 
 289 1362622825     787782 0 5 40.0 100.0 
 288 1362622825     797799 0 5 40.0 100.0 
 288 1362622825     807829 0 5 40.0 100.0 
 288 1362622825     817858 0 5 40.0 100.0 
 288 1362622825     827865 0 5 40.0 100.0 
 288 1362622825     837850 0 5 40.0 100.0 
 288 1362622825     847847 0 5 40.0 100.0 
 289 1362622825     857839 0 5 40.0 100.0 
 288 1362622825     867861 0 5 40.0 100.0 
 288 1362622825     877859 0 5 40.0 100.0 
 289 1362622825     887857 0 5 40.0 100.0 
 289 1362622825     897891 0 5 40.0 100.0 
 288 1362622825     907914 0 5 40.0 100.0 
 288 1362622825     917889 0 5 40.0 100.0 
 289 1362622825     927910 0 5 40.0 100.0 
 289 1362622825     937930 0 5 40.0 100.0 
 289 1362622825     947923 0 5 40.0 100.0 
 289 1362622825     957936 0 5 40.0 100.0 
 288 1362622825     967925 0 5 40.0 100.0 
 288 1362622825     977922 0 5 40.0 100.0 
 288 1362622825     987943 0 5 40.0 100.0 
 288 1362622825     997963 0 5 40.0 100.0 
 289 1362622826       7962 0 5 40.0 100.0 
 289 1362622826      17931 0 5 40.0 100.0 
 288 1362622826      27961 0 5 40.0 100.0 
 289 1362622826      37951 0 5 40.0 100.0 
 288 1362622826      47975 0 5 40.0 100.0 
 288 1362622826      57987 0 5 40.0 100.0 
 288 1362622826      67962 0 5 40.0 100.0 
 289 1362622826      78006 0 5 40.0 100.0 
 288 1362622826      87992 0 5 40.0 100.0 
 288 1362622826      98021 0 5 40.0 100.0 
 289 1362622826     107993 0 5 40.0 100.0 
 289 1362622826     118048 0 5 40.0 100.0 
 288 1362622826     128015 0 5 40.0 100.0 
 288 1362622826     138062 0 5 40.0 100.0 
 289 1362622826     148056 0 5 40.0 100.0 
 289 1362622826     158053 0 5 40.0 100.0 
 288 1362622826     168073 0 5 40.0 100.0 
 288 1362622826     178072 0 5 40.0 100.0 
 289 1362622826     188095 0 5 40.0 100.0 
 288 1362622826     198073 0 5 40.0 100.0 
 289 1362622826     208110 0 5 40.0 100.0 
 288 1362622826     218096 0 5 40.0 100.0 
 289 1362622826     228082 0 5 40.0 100.0 
 288 1362622826     238107 0 5 40.0 100.0 
 288 1362622826     248118 0 5 40.0 100.0 
 289 1362622826     258133 0 5 40.0 100.0 
 288 1362622826     268133 0 5 40.0 100.0 
 288 1362622826     278099 0 5 40.0 100.0 
 288 1362622826     288125 0 5 40.0 100.0 
 288 1362622826     298156 0 5 40.0 100.0 
 288 1362622826     308148 0 5 40.0 100.0 
 288 1362622826     318132 0 5 40.0 100.0 
 288 1362622826     328143 0 5 40.0 100.0 
 288 1362622826     338166 0 5 40.0 100.0 
 288 1362622826     348187 0 5 40.0 100.0 
 289 1362622826     358206 0 5 40.0 100.0 
 288 1362622826     368206 0 5 40.0 100.0 
 288 1362622826     378182 0 5 40.0 100.0 
 289 1362622826     388235 0 5 40.0 100.0 
 289 1362622826     398197 0 5 40.0 100.0 
 288 1362622826     408188 0 5 40.0 100.0 
 289 1362622826     418201 0 5 40.0 100.0 
 288 1362622826     428260 0 5 40.0 100.0 
 288 1362622826     438231 0 5 40.0 100.0 
 288 1362622826     448259 0 5 40.0 100.0 
 289 1362622826     458224 0 5 40.0 100.0 
 289 1362622826     468225 0 5 40.0 100.0 
 288 1362622826     478282 0 5 40.0 100.0 
 289 1362622826     488263 0 5 40.0 100.0 
 288 1362622826     498281 0 5 40.0 100.0 
 289 1362622826     508295 0 5 40.0 100.0 
 288 1362622826     518309 0 5 40.0 100.0 
 289 1362622826     528292 0 5 40.0 100.0 
 288 1362622826     538309 0 5 40.0 100.0 
 288 1362622826     548285 0 5 40.0 100.0 
 288 1362622826     558325 0 5 40.0 100.0 
 288 1362622826     568303 0 5 40.0 100.0 
 289 1362622826     578347 0 5 40.0 100.0 
 289 1362622826     588349 0 5 40.0 100.0 
 288 1362622826     598375 0 5 40.0 100.0 
 288 1362622826     608367 0 5 40.0 100.0 
 288 1362622826     618364 0 5 40.0 100.0 
 288 1362622826     628383 0 5 40.0 100.0 
 289 1362622826     638343 0 5 40.0 100.0 
 288 1362622826     648386 0 5 40.0 100.0 
 289 1362622826     658360 0 5 40.0 100.0 
 288 1362622826     668404 0 5 40.0 100.0 
 288 1362622826     678409 0 5 40.0 100.0 
 288 1362622826     688416 0 5 40.0 100.0 
 288 1362622826     698392 0 5 40.0 100.0 
 288 1362622826     708393 0 5 40.0 100.0 
 288 1362622826     718427 0 5 40.0 100.0 
 288 1362622826     728447 0 5 40.0 100.0 
 288 1362622826     738419 0 5 40.0 100.0 
 288 1362622826     748446 0 5 40.0 100.0 
 289 1362622826     758423 0 5 40.0 100.0 
 288 1362622826     768433 0 5 40.0 100.0 
 288 1362622826     778432 0 5 40.0 100.0 
 288 1362622826     788448 0 5 40.0 100.0 
 288 1362622826     798494 0 5 40.0 100.0 
 289 1362622826     808491 0 5 40.0 100.0 
 288 1362622826     818512 0 5 40.0 100.0 
 289 1362622826     828491 0 5 40.0 100.0 
 288 1362622826     838491 0 5 40.0 100.0 
 288 1362622826     848485 0 5 40.0 100.0 
 287 1362622826     858526 0 5 40.0 100.0 
 289 1362622826     868542 0 5 40.0 100.0 
 289 1362622826     878499 0 5 40.0 100.0 
 288 1362622826     888517 0 5 40.0 100.0 
 288 1362622826     898572 0 5 40.0 100.0 
 289 1362622826     908557 0 5 40.0 100.0 
 289 1362622826     918585 0 5 40.0 100.0 
 288 1362622826     928583 0 5 40.0 100.0 
 289 1362622826     938536 0 5 40.0 100.0 
 288 1362622826     948547 0 5 40.0 100.0 
 289 1362622826     958560 0 5 40.0 100.0 
 288 1362622826     968556 0 5 40.0 100.0 
 289 1362622826     978595 0 5 40.0 100.0 
 288 1362622826     988598 0 5 40.0 100.0 
 289 1362622826     998589 0 5 40.0 100.0 
 288 1362622827       8595 0 5 40.0 100.0 
 288 1362622827      18628 0 5 40.0 100.0 
 288 1362622827      28656 0 5 40.0 100.0 
 288 1362622827      38652 0 5 40.0 100.0 
 288 1362622827      48654 0 5 40.0 100.0 
 288 1362622827      58629 0 5 40.0 100.0 
 289 1362622827      68630 0 5 40.0 100.0 
 288 1362622827      78673 0 5 40.0 100.0 
 288 1362622827      88643 0 5 40.0 100.0 
 288 1362622827      98642 0 5 40.0 100.0 
 289 1362622827     108661 0 5 40.0 100.0 
 288 1362622827     118661 0 5 40.0 100.0 
 289 1362622827     128699 0 5 40.0 100.0 
 288 1362622827     138703 0 5 40.0 100.0 
 288 1362622827     148706 0 5 40.0 100.0 
 288 1362622827     158707 0 5 40.0 100.0 
 289 1362622827     168740 0 5 40.0 100.0 
 288 1362622827     178739 0 5 40.0 100.0 
 288 1362622827     188754 0 5 40.0 100.0 
 288 1362622827     198756 0 5 40.0 100.0 
 288 1362622827     208758 0 5 40.0 100.0 
 288 1362622827     218753 0 5 40.0 100.0 
 288 1362622827     228734 0 5 40.0 100.0 
 289 1362622827     238778 0 5 40.0 100.0 
 288 1362622827     248773 0 5 40.0 100.0 
 289 1362622827     258782 0 5 40.0 100.0 
 288 1362622827     268780 0 5 40.0 100.0 
 289 1362622827     278761 0 5 40.0 100.0 
 288 1362622827     288802 0 5 40.0 100.0 
 289 1362622827     298816 0 5 40.0 100.0 
 288 1362622827     308841 0 5 40.0 100.0 
 289 1362622827     318839 0 5 40.0 100.0 
 287 1362622827     328815 0 5 40.0 100.0 
 288 1362622827     338830 0 5 40.0 100.0 
 288 1362622827     348850 0 5 40.0 100.0 
 288 1362622827     358863 0 5 40.0 100.0 
 288 1362622827     368856 0 5 40.0 100.0 
 288 1362622827     378855 0 5 40.0 100.0 
 288 1362622827     388870 0 5 40.0 100.0 
 289 1362622827     398901 0 5 40.0 100.0 
 288 1362622827     408850 0 5 40.0 100.0 
 289 1362622827     418880 0 5 40.0 100.0 
 288 1362622827     428909 0 5 40.0 100.0 
 288 1362622827     438918 0 5 40.0 100.0 
 288 1362622827     448916 0 5 40.0 100.0 
 288 1362622827     458909 0 5 40.0 100.0 
 289 1362622827     468889 0 5 40.0 100.0 
 288 1362622827     478910 0 5 40.0 100.0 
 288 1362622827     488954 0 5 40.0 100.0 
 288 1362622827     498908 0 5 40.0 100.0 
 289 1362622827     508969 0 5 40.0 100.0 
 289 1362622827     518937 0 5 40.0 100.0 
 288 1362622827     528986 0 5 40.0 100.0 
 288 1362622827     538947 0 5 40.0 100.0 
 288 1362622827     548937 0 5 40.0 100.0 
 287 1362622827     558989 0 5 40.0 100.0 
 288 1362622827     569005 0 5 40.0 100.0 
 288 1362622827     579015 0 5 40.0 100.0 
 288 1362622827     589022 0 5 40.0 100.0 
 289 1362622827     598982 0 5 40.0 100.0 
 288 1362622827     609038 0 5 40.0 100.0 
 289 1362622827     619039 0 5 40.0 100.0 
 289 1362622827     629011 0 5 40.0 100.0 
 288 1362622827     639019 0 5 40.0 100.0 
 288 1362622827     649041 0 5 40.0 100.0 
 288 1362622827     659047 0 5 40.0 100.0 
 288 1362622827     669061 0 5 40.0 100.0 
 288 1362622827     679034 0 5 40.0 100.0 
 288 1362622827     689040 0 5 40.0 100.0 
 288 1362622827     699048 0 5 40.0 100.0 
 288 1362622827     709055 0 5 40.0 100.0 
 289 1362622827     719078 0 5 40.0 100.0 
 289 1362622827     729098 0 5 40.0 100.0 
 288 1362622827     739071 0 5 40.0 100.0 
 288 1362622827     749099 0 5 40.0 100.0 
 288 1362622827     759083 0 5 40.0 100.0 
 289 1362622827     769119 0 5 40.0 100.0 
 288 1362622827     779101 0 5 40.0 100.0 
 288 1362622827     789153 0 5 40.0 100.0 
 288 1362622827     799125 0 5 40.0 100.0 
 289 1362622827     809145 0 5 40.0 100.0 
 288 1362622827     819179 0 5 40.0 100.0 
 288 1362622827     829185 0 5 40.0 100.0 
 287 1362622827     839182 0 5 40.0 100.0 
 288 1362622827     849178 0 5 40.0 100.0 
 288 1362622827     859195 0 5 40.0 100.0 
 288 1362622827     869177 0 5 40.0 100.0 
 288 1362622827     879207 0 5 40.0 100.0 
 288 1362622827     889204 0 5 40.0 100.0 
 288 1362622827     899207 0 5 40.0 100.0 
 288 1362622827     909195 0 5 40.0 100.0 
 288 1362622827     919224 0 5 40.0 100.0 
 288 1362622827     929206 0 5 40.0 100.0 
 289 1362622827     939203 0 5 40.0 100.0 
 288 1362622827     949256 0 5 40.0 100.0 
 288 1362622827     959220 0 5 40.0 100.0 
 288 1362622827     969275 0 5 40.0 100.0 
 288 1362622827     979252 0 5 40.0 100.0 
 288 1362622827     989235 0 5 40.0 100.0 
 288 1362622827     999270 0 5 40.0 100.0 
 288 1362622828       9265 0 5 40.0 100.0 
 289 1362622828      19292 0 5 40.0 100.0 
 289 1362622828      29299 0 5 40.0 100.0 
 288 1362622828      39287 0 5 40.0 100.0 
 288 1362622828      49325 0 5 40.0 100.0 
 288 1362622828      59276 0 5 40.0 100.0 
 289 1362622828      69301 0 5 40.0 100.0 
 289 1362622828      79296 0 5 40.0 100.0 
 288 1362622828      89305 0 5 40.0 100.0 
 288 1362622828      99304 0 5 40.0 100.0 
 288 1362622828     109329 0 5 40.0 100.0 
 288 1362622828     119329 0 5 40.0 100.0 
 288 1362622828     129330 0 5 40.0 100.0 
 288 1362622828     139385 0 5 40.0 100.0 
 289 1362622828     149392 0 5 40.0 100.0 
 288 1362622828     159388 0 5 40.0 100.0 
 289 1362622828     169395 0 5 40.0 100.0 
 288 1362622828     179414 0 5 40.0 100.0 
 288 1362622828     189397 0 5 40.0 100.0 
 288 1362622828     199415 0 5 40.0 100.0 
 288 1362622828     209386 0 5 40.0 100.0 
 288 1362622828     219436 0 5 40.0 100.0 
 288 1362622828     229431 0 5 40.0 100.0 
 288 1362622828     239394 0 5 40.0 100.0 
 288 1362622828     249466 0 5 40.0 100.0 
 288 1362622828     259430 0 5 40.0 100.0 
 288 1362622828     269441 0 5 40.0 100.0 
 289 1362622828     279476 0 5 40.0 100.0 
 289 1362622828     289428 0 5 40.0 100.0 
 288 1362622828     299464 0 5 40.0 100.0 
 288 1362622828     309469 0 5 40.0 100.0 
 288 1362622828     319446 0 5 40.0 100.0 
 288 1362622828     329514 0 5 40.0 100.0 
 288 1362622828     339484 0 5 40.0 100.0 
 287 1362622828     349521 0 5 40.0 100.0 
 289 1362622828     359478 0 5 40.0 100.0 
 288 1362622828     369539 0 5 40.0 100.0 
 289 1362622828     379522 0 5 40.0 100.0 
 288 1362622828     389516 0 5 40.0 100.0 
 289 1362622828     399505 0 5 40.0 100.0 
 288 1362622828     409549 0 5 40.0 100.0 
 289 1362622828     419547 0 5 40.0 100.0 
 288 1362622828     429571 0 5 40.0 100.0 
 288 1362622828     439572 0 5 40.0 100.0 
 289 1362622828     449560 0 5 40.0 100.0 
 288 1362622828     459588 0 5 40.0 100.0 
 288 1362622828     469585 0 5 40.0 100.0 
 288 1362622828     479637 0 5 40.0 100.0 
 289 1362622828     489574 0 5 40.0 100.0 
 289 1362622828     499581 0 5 40.0 100.0 
 289 1362622828     509589 0 5 40.0 100.0 
 288 1362622828     519592 0 5 40.0 100.0 
 289 1362622828     529632 0 5 40.0 100.0 
 287 1362622828     539630 0 5 40.0 100.0 
 288 1362622828     549638 0 5 40.0 100.0 
 288 1362622828     559611 0 5 40.0 100.0 
 289 1362622828     569620 0 5 40.0 100.0 
 289 1362622828     579660 0 5 40.0 100.0 
 288 1362622828     589626 0 5 40.0 100.0 
 288 1362622828     599663 0 5 40.0 100.0 
 288 1362622828     609663 0 5 40.0 100.0 
 288 1362622828     619651 0 5 40.0 100.0 
 288 1362622828     629700 0 5 40.0 100.0 
 289 1362622828     639664 0 5 40.0 100.0 
 288 1362622828     649714 0 5 40.0 100.0 
 288 1362622828     659705 0 5 40.0 100.0 
 288 1362622828     669728 0 5 40.0 100.0 
 288 1362622828     679706 0 5 40.0 100.0 
 288 1362622828     689722 0 5 40.0 100.0 
 289 1362622828     699704 0 5 40.0 100.0 
 288 1362622828     709747 0 5 40.0 100.0 
 288 1362622828     719757 0 5 40.0 100.0 
 288 1362622828     729758 0 5 40.0 100.0 
 288 1362622828     739740 0 5 40.0 100.0 
 288 1362622828     749784 0 5 40.0 100.0 
 288 1362622828     759760 0 5 40.0 100.0 
 289 1362622828     769763 0 5 40.0 100.0 
 288 1362622828     779765 0 5 40.0 100.0 
 288 1362622828     789781 0 5 40.0 100.0 
 288 1362622828     799819 0 5 40.0 100.0 
 289 1362622828     809779 0 5 40.0 100.0 
 288 1362622828     819791 0 5 40.0 100.0 
 289 1362622828     829840 0 5 40.0 100.0 
 288 1362622828     839850 0 5 40.0 100.0 
 288 1362622828     849854 0 5 40.0 100.0 
 288 1362622828     859869 0 5 40.0 100.0 
 289 1362622828     869871 0 5 40.0 100.0 
 288 1362622828     879851 0 5 40.0 100.0 
 289 1362622828     889844 0 5 40.0 100.0 
 288 1362622828     899831 0 5 40.0 100.0 
 289 1362622828     909868 0 5 40.0 100.0 
 289 1362622828     919875 0 5 40.0 100.0 
 288 1362622828     929876 0 5 40.0 100.0 
 288 1362622828     939889 0 5 40.0 100.0 
 288 1362622828     949876 0 5 40.0 100.0 
 288 1362622828     959908 0 5 40.0 100.0 
 288 1362622828     969898 0 5 40.0 100.0 
 289 1362622828     979905 0 5 40.0 100.0 
 289 1362622828     989895 0 5 40.0 100.0 
 288 1362622828     999938 0 5 40.0 100.0 
 288 1362622829       9932 0 5 40.0 100.0 
 289 1362622829      19950 0 5 40.0 100.0 
 288 1362622829      29964 0 5 40.0 100.0 
 289 1362622829      39979 0 5 40.0 100.0 
 287 1362622829      49969 0 5 40.0 100.0 
 289 1362622829      59936 0 5 40.0 100.0 
 288 1362622829      69984 0 5 40.0 100.0 
 289 1362622829      79984 0 5 40.0 100.0 
 288 1362622829      89976 0 5 40.0 100.0 
 288 1362622829      99990 0 5 40.0 100.0 
 289 1362622829     109998 0 5 40.0 100.0 
 288 1362622829     119981 0 5 40.0 100.0 
 289 1362622829     130028 0 5 40.0 100.0 
 289 1362622829     139991 0 5 40.0 100.0 
 288 1362622829     150047 0 5 40.0 100.0 
 288 1362622829     160045 0 5 40.0 100.0 
 289 1362622829     170023 0 5 40.0 100.0 
 288 1362622829     180051 0 5 40.0 100.0 
 289 1362622829     190060 0 5 40.0 100.0 
 288 1362622829     200071 0 5 40.0 100.0 
 288 1362622829     210053 0 5 40.0 100.0 
 288 1362622829     220064 0 5 40.0 100.0 
 289 1362622829     230053 0 5 40.0 100.0 
 288 1362622829     240116 0 5 40.0 100.0 
 289 1362622829     250082 0 5 40.0 100.0 
 288 1362622829     260079 0 5 40.0 100.0 
 289 1362622829     270098 0 5 40.0 100.0 
 288 1362622829     280081 0 5 40.0 100.0 
 288 1362622829     290114 0 5 40.0 100.0 
 288 1362622829     300104 0 5 40.0 100.0 
 289 1362622829     310126 0 5 40.0 100.0 
 289 1362622829     320148 0 5 40.0 100.0 
 288 1362622829     330156 0 5 40.0 100.0 
 289 1362622829     340177 0 5 40.0 100.0 
 288 1362622829     350161 0 5 40.0 100.0 
 289 1362622829     360155 0 5 40.0 100.0 
 288 1362622829     370148 0 5 40.0 100.0 
 289 1362622829     380172 0 5 40.0 100.0 
 288 1362622829     390178 0 5 40.0 100.0 
 288 1362622829     400201 0 5 40.0 100.0 
 288 1362622829     410224 0 5 40.0 100.0 
 288 1362622829     420196 0 5 40.0 100.0 
 288 1362622829     430242 0 5 40.0 100.0 
 288 1362622829     440216 0 5 40.0 100.0 
 288 1362622829     450231 0 5 40.0 100.0 
 288 1362622829     460212 0 5 40.0 100.0 
 289 1362622829     470235 0 5 40.0 100.0 
 288 1362622829     480274 0 5 40.0 100.0 
 288 1362622829     490246 0 5 40.0 100.0 
 289 1362622829     500290 0 5 40.0 100.0 
 288 1362622829     510253 0 5 40.0 100.0 
 288 1362622829     520288 0 5 40.0 100.0 
 288 1362622829     530300 0 5 40.0 100.0 
 288 1362622829     540278 0 5 40.0 100.0 
 288 1362622829     550264 0 5 40.0 100.0 
 288 1362622829     560301 0 5 40.0 100.0 
 288 1362622829     570315 0 5 40.0 100.0 
 288 1362622829     580290 0 5 40.0 100.0 
 289 1362622829     590335 0 5 40.0 100.0 
 288 1362622829     600306 0 5 40.0 100.0 
 288 1362622829     610326 0 5 40.0 100.0 
 289 1362622829     620367 0 5 40.0 100.0 
 289 1362622829     630332 0 5 40.0 100.0 
 288 1362622829     640382 0 5 40.0 100.0 
 288 1362622829     650367 0 5 40.0 100.0 
 288 1362622829     660348 0 5 40.0 100.0 
 289 1362622829     670356 0 5 40.0 100.0 
 288 1362622829     680391 0 5 40.0 100.0 
 289 1362622829     690395 0 5 40.0 100.0 
 289 1362622829     700372 0 5 40.0 100.0 
 288 1362622829     710368 0 5 40.0 100.0 
 288 1362622829     720430 0 5 40.0 100.0 
 289 1362622829     730400 0 5 40.0 100.0 
 289 1362622829     740420 0 5 40.0 100.0 
 288 1362622829     750405 0 5 40.0 100.0 
 289 1362622829     760444 0 5 40.0 100.0 
 287 1362622829     770417 0 5 40.0 100.0 
 289 1362622829     780454 0 5 40.0 100.0 
 289 1362622829     790467 0 5 40.0 100.0 
 289 1362622829     800487 0 5 40.0 100.0 
 289 1362622829     810494 0 5 40.0 100.0 
 288 1362622829     820485 0 5 40.0 100.0 
 288 1362622829     830446 0 5 40.0 100.0 
 287 1362622829     840479 0 5 40.0 100.0 
 289 1362622829     850521 0 5 40.0 100.0 
 289 1362622829     860515 0 5 40.0 100.0 
 288 1362622829     870510 0 5 40.0 100.0 
 288 1362622829     880489 0 5 40.0 100.0 
 288 1362622829     890541 0 5 40.0 100.0 
 288 1362622829     900550 0 5 40.0 100.0 
 288 1362622829     910521 0 5 40.0 100.0 
 288 1362622829     920510 0 5 40.0 100.0 
 289 1362622829     930567 0 5 40.0 100.0 
 288 1362622829     940537 0 5 40.0 100.0 
 289 1362622829     950562 0 5 40.0 100.0 
 288 1362622829     960564 0 5 40.0 100.0 
 288 1362622829     970602 0 5 40.0 100.0 
 288 1362622829     980575 0 5 40.0 100.0 
 288 1362622829     990593 0 5 40.0 100.0 
 288 1362622830        603 0 5 40.0 100.0 
 288 1362622830      10565 0 5 40.0 100.0 
 289 1362622830      20634 0 5 40.0 100.0 
 288 1362622830      30629 0 5 40.0 100.0 
 288 1362622830      40592 0 5 40.0 100.0 
 288 1362622830      50596 0 5 40.0 100.0 
 288 1362622830      60622 0 5 40.0 100.0 
 289 1362622830      70606 0 5 40.0 100.0 
 289 1362622830      80631 0 5 40.0 100.0 
 288 1362622830      90675 0 5 40.0 100.0 
 288 1362622830     100658 0 5 40.0 100.0 
 288 1362622830     110682 0 5 40.0 100.0 
 289 1362622830     120642 0 5 40.0 100.0 
 287 1362622830     130690 0 5 40.0 100.0 
 288 1362622830     140712 0 5 40.0 100.0 
 288 1362622830     150659 0 5 40.0 100.0 
 289 1362622830     160676 0 5 40.0 100.0 
 288 1362622830     170704 0 5 40.0 100.0 
 289 1362622830     180721 0 5 40.0 100.0 
 288 1362622830     190690 0 5 40.0 100.0 
 288 1362622830     200698 0 5 40.0 100.0 
 289 1362622830     210718 0 5 40.0 100.0 
 289 1362622830     220752 0 5 40.0 100.0 
 288 1362622830     230712 0 5 40.0 100.0 
 288 1362622830     240751 0 5 40.0 100.0 
 288 1362622830     250762 0 5 40.0 100.0 
 288 1362622830     260754 0 5 40.0 100.0 
 288 1362622830     270789 0 5 40.0 100.0 
 287 1362622830     280798 0 5 40.0 100.0 
 289 1362622830     290799 0 5 40.0 100.0 
 288 1362622830     300802 0 5 40.0 100.0 
 289 1362622830     310798 0 5 40.0 100.0 
 288 1362622830     320775 0 5 40.0 100.0 
 289 1362622830     330840 0 5 40.0 100.0 
 288 1362622830     340834 0 5 40.0 100.0 
 288 1362622830     350812 0 5 40.0 100.0 
 288 1362622830     360810 0 5 40.0 100.0 
 289 1362622830     370854 0 5 40.0 100.0 
 288 1362622830     380820 0 5 40.0 100.0 
 288 1362622830     390877 0 5 40.0 100.0 
 288 1362622830     400863 0 5 40.0 100.0 
 288 1362622830     410871 0 5 40.0 100.0 
 288 1362622830     420847 0 5 40.0 100.0 
 288 1362622830     430876 0 5 40.0 100.0 
 289 1362622830     440905 0 5 40.0 100.0 
 288 1362622830     450873 0 5 40.0 100.0 
 288 1362622830     460865 0 5 40.0 100.0 
 288 1362622830     470900 0 5 40.0 100.0 
 288 1362622830     480896 0 5 40.0 100.0 
 288 1362622830     490929 0 5 40.0 100.0 
 288 1362622830     500911 0 5 40.0 100.0 
 289 1362622830     510944 0 5 40.0 100.0 
 288 1362622830     520937 0 5 40.0 100.0 
 288 1362622830     530912 0 5 40.0 100.0 
 288 1362622830     540968 0 5 40.0 100.0 
 288 1362622830     550961 0 5 40.0 100.0 
 288 1362622830     560988 0 5 40.0 100.0 
 288 1362622830     570959 0 5 40.0 100.0 
 288 1362622830     580950 0 5 40.0 100.0 
 288 1362622830     590955 0 5 40.0 100.0 
 288 1362622830     600976 0 5 40.0 100.0 
 289 1362622830     610979 0 5 40.0 100.0 
 289 1362622830     620985 0 5 40.0 100.0 
 288 1362622830     630981 0 5 40.0 100.0 
 287 1362622830     641008 0 5 40.0 100.0 
 288 1362622830     651043 0 5 40.0 100.0 
 288 1362622830     661035 0 5 40.0 100.0 
 288 1362622830     671043 0 5 40.0 100.0 
 288 1362622830     681055 0 5 40.0 100.0 
 288 1362622830     691031 0 5 40.0 100.0 
 288 1362622830     701026 0 5 40.0 100.0 
 288 1362622830     711034 0 5 40.0 100.0 
 289 1362622830     721038 0 5 40.0 100.0 
 288 1362622830     731059 0 5 40.0 100.0 
 288 1362622830     741098 0 5 40.0 100.0 
 288 1362622830     751085 0 5 40.0 100.0 
 289 1362622830     761074 0 5 40.0 100.0 
 288 1362622830     771077 0 5 40.0 100.0 
 289 1362622830     781131 0 5 40.0 100.0 
 288 1362622830     791095 0 5 40.0 100.0 
 288 1362622830     801141 0 5 40.0 100.0 
 288 1362622830     811130 0 5 40.0 100.0 
 289 1362622830     821147 0 5 40.0 100.0 
 288 1362622830     831156 0 5 40.0 100.0 
 288 1362622830     841131 0 5 40.0 100.0 
 288 1362622830     851151 0 5 40.0 100.0 
 288 1362622830     861147 0 5 40.0 100.0 
 289 1362622830     871177 0 5 40.0 100.0 
 288 1362622830     881172 0 5 40.0 100.0 
 287 1362622830     891208 0 5 40.0 100.0 
 288 1362622830     901215 0 5 40.0 100.0 
 288 1362622830     911193 0 5 40.0 100.0 
 288 1362622830     921226 0 5 40.0 100.0 
 288 1362622830     931190 0 5 40.0 100.0 
 288 1362622830     941221 0 5 40.0 100.0 
 289 1362622830     951186 0 5 40.0 100.0 
 288 1362622830     961238 0 5 40.0 100.0 
 289 1362622830     971239 0 5 40.0 100.0 
 288 1362622830     981207 0 5 40.0 100.0 
 289 1362622830     991246 0 5 40.0 100.0 
 288 1362622831       1262 0 5 40.0 100.0 
 289 1362622831      11242 0 5 40.0 100.0 
 288 1362622831      21271 0 5 40.0 100.0 
 288 1362622831      31281 0 5 40.0 100.0 
 289 1362622831      41259 0 5 40.0 100.0 
 288 1362622831      51288 0 5 40.0 100.0 
 289 1362622831      61277 0 5 40.0 100.0 
 288 1362622831      71315 0 5 40.0 100.0 
 288 1362622831      81320 0 5 40.0 100.0 
