 264 1362624925     285296 1 7 40.0 50.0 
 265 1362624925     295280 1 7 40.0 50.0 
 265 1362624925     305287 1 7 40.0 50.0 
 265 1362624925     315270 1 7 40.0 50.0 
 265 1362624925     325184 1 7 40.0 50.0 
 264 1362624925     335254 1 7 40.0 50.0 
 265 1362624925     345311 1 7 40.0 50.0 
 264 1362624925     355281 1 7 40.0 50.0 
 265 1362624925     365321 1 7 40.0 50.0 
 265 1362624925     375364 1 7 40.0 50.0 
 264 1362624925     385318 1 7 40.0 50.0 
 265 1362624925     395348 1 7 40.0 50.0 
 264 1362624925     405394 1 7 40.0 50.0 
 265 1362624925     415348 1 7 40.0 50.0 
 265 1362624925     425426 1 7 40.0 50.0 
 265 1362624925     435367 1 7 40.0 50.0 
 264 1362624925     445312 1 7 40.0 50.0 
 264 1362624925     455334 1 7 40.0 50.0 
 265 1362624925     465412 1 7 40.0 50.0 
 265 1362624925     475399 1 7 40.0 50.0 
 265 1362624925     485323 1 7 40.0 50.0 
 265 1362624925     495558 1 7 40.0 50.0 
 265 1362624925     505522 1 7 40.0 50.0 
 264 1362624925     516121 1 7 40.0 50.0 
 265 1362624925     525308 1 7 40.0 50.0 
 265 1362624925     535330 1 7 40.0 50.0 
 265 1362624925     545328 1 7 40.0 50.0 
 265 1362624925     555358 1 7 40.0 50.0 
 264 1362624925     565359 1 7 40.0 50.0 
 265 1362624925     575374 1 7 40.0 50.0 
 264 1362624925     585395 1 7 40.0 50.0 
 265 1362624925     595351 1 7 40.0 50.0 
 264 1362624925     605384 1 7 40.0 50.0 
 265 1362624925     615410 1 7 40.0 50.0 
 265 1362624925     625433 1 7 40.0 50.0 
 264 1362624925     635438 1 7 40.0 50.0 
 264 1362624925     645389 1 7 40.0 50.0 
 265 1362624925     655423 1 7 40.0 50.0 
 265 1362624925     665430 1 7 40.0 50.0 
 265 1362624925     675444 1 7 40.0 50.0 
 265 1362624925     685465 1 7 40.0 50.0 
 265 1362624925     695483 1 7 40.0 50.0 
 265 1362624925     705422 1 7 40.0 50.0 
 264 1362624925     715441 1 7 40.0 50.0 
 265 1362624925     725474 1 7 40.0 50.0 
 265 1362624925     735491 1 7 40.0 50.0 
 265 1362624925     745457 1 7 40.0 50.0 
 265 1362624925     755488 1 7 40.0 50.0 
 265 1362624925     765468 1 7 40.0 50.0 
 264 1362624925     775483 1 7 40.0 50.0 
 265 1362624925     785499 1 7 40.0 50.0 
 264 1362624925     795505 1 7 40.0 50.0 
 265 1362624925     805532 1 7 40.0 50.0 
 264 1362624925     815496 1 7 40.0 50.0 
 264 1362624925     825513 1 7 40.0 50.0 
 265 1362624925     835516 1 7 40.0 50.0 
 264 1362624925     845519 1 7 40.0 50.0 
 265 1362624925     855542 1 7 40.0 50.0 
 265 1362624925     865566 1 7 40.0 50.0 
 265 1362624925     875584 1 7 40.0 50.0 
 264 1362624925     885542 1 7 40.0 50.0 
 265 1362624925     895567 1 7 40.0 50.0 
 265 1362624925     905592 1 7 40.0 50.0 
 265 1362624925     915605 1 7 40.0 50.0 
 265 1362624925     925630 1 7 40.0 50.0 
 265 1362624925     935572 1 7 40.0 50.0 
 265 1362624925     945623 1 7 40.0 50.0 
 265 1362624925     955640 1 7 40.0 50.0 
 264 1362624925     965653 1 7 40.0 50.0 
 264 1362624925     975618 1 7 40.0 50.0 
 265 1362624925     985644 1 7 40.0 50.0 
 265 1362624925     995662 1 7 40.0 50.0 
 265 1362624926       5625 1 7 40.0 50.0 
 264 1362624926      15645 1 7 40.0 50.0 
 264 1362624926      25660 1 7 40.0 50.0 
 264 1362624926      35671 1 7 40.0 50.0 
 265 1362624926      45706 1 7 40.0 50.0 
 265 1362624926      55666 1 7 40.0 50.0 
 265 1362624926      65672 1 7 40.0 50.0 
 264 1362624926      75699 1 7 40.0 50.0 
 265 1362624926      85726 1 7 40.0 50.0 
 264 1362624926      95743 1 7 40.0 50.0 
 265 1362624926     105693 1 7 40.0 50.0 
 265 1362624926     115708 1 7 40.0 50.0 
 264 1362624926     125738 1 7 40.0 50.0 
 265 1362624926     135745 1 7 40.0 50.0 
 265 1362624926     145755 1 7 40.0 50.0 
 264 1362624926     155762 1 7 40.0 50.0 
 264 1362624926     165780 1 7 40.0 50.0 
 265 1362624926     175799 1 7 40.0 50.0 
 265 1362624926     185748 1 7 40.0 50.0 
 265 1362624926     195755 1 7 40.0 50.0 
 264 1362624926     205773 1 7 40.0 50.0 
 265 1362624926     215797 1 7 40.0 50.0 
 265 1362624926     225815 1 7 40.0 50.0 
 265 1362624926     235834 1 7 40.0 50.0 
 264 1362624926     245788 1 7 40.0 50.0 
 265 1362624926     255803 1 7 40.0 50.0 
 265 1362624926     265833 1 7 40.0 50.0 
 265 1362624926     275822 1 7 40.0 50.0 
