 469 1362629637     682540 2 9 40.0 150.0 
 470 1362629637     692487 2 9 40.0 150.0 
 469 1362629637     702520 2 9 40.0 150.0 
 469 1362629637     712531 2 9 40.0 150.0 
 469 1362629637     722556 2 9 40.0 150.0 
 468 1362629637     732506 2 9 40.0 150.0 
 468 1362629637     742513 2 9 40.0 150.0 
 469 1362629637     752544 2 9 40.0 150.0 
 468 1362629637     762531 2 9 40.0 150.0 
 469 1362629637     772556 2 9 40.0 150.0 
 469 1362629637     782575 2 9 40.0 150.0 
 469 1362629637     792593 2 9 40.0 150.0 
 469 1362629637     802554 2 9 40.0 150.0 
 469 1362629637     812594 2 9 40.0 150.0 
 469 1362629637     822607 2 9 40.0 150.0 
 468 1362629637     832626 2 9 40.0 150.0 
 469 1362629637     842569 2 9 40.0 150.0 
 469 1362629637     852600 2 9 40.0 150.0 
 469 1362629637     862622 2 9 40.0 150.0 
 469 1362629637     872644 2 9 40.0 150.0 
 469 1362629637     882664 2 9 40.0 150.0 
 468 1362629637     892631 2 9 40.0 150.0 
 468 1362629637     902665 2 9 40.0 150.0 
 468 1362629637     912629 2 9 40.0 150.0 
 469 1362629637     922662 2 9 40.0 150.0 
 468 1362629637     932686 2 9 40.0 150.0 
 469 1362629637     942635 2 9 40.0 150.0 
 469 1362629637     952670 2 9 40.0 150.0 
 469 1362629637     962692 2 9 40.0 150.0 
 469 1362629637     972657 2 9 40.0 150.0 
 468 1362629637     982683 2 9 40.0 150.0 
 469 1362629637     992709 2 9 40.0 150.0 
 469 1362629638       2713 2 9 40.0 150.0 
 469 1362629638      12751 2 9 40.0 150.0 
 468 1362629638      22691 2 9 40.0 150.0 
 469 1362629638      32705 2 9 40.0 150.0 
 468 1362629638      42727 2 9 40.0 150.0 
 469 1362629638      52755 2 9 40.0 150.0 
 469 1362629638      62778 2 9 40.0 150.0 
 469 1362629638      72725 2 9 40.0 150.0 
 469 1362629638      82763 2 9 40.0 150.0 
 469 1362629638      92796 2 9 40.0 150.0 
 469 1362629638     102759 2 9 40.0 150.0 
 468 1362629638     112787 2 9 40.0 150.0 
 469 1362629638     122795 2 9 40.0 150.0 
 469 1362629638     132827 2 9 40.0 150.0 
 469 1362629638     142788 2 9 40.0 150.0 
 468 1362629638     152804 2 9 40.0 150.0 
 469 1362629638     162837 2 9 40.0 150.0 
 469 1362629638     172857 2 9 40.0 150.0 
 468 1362629638     182799 2 9 40.0 150.0 
 469 1362629638     192812 2 9 40.0 150.0 
 468 1362629638     202842 2 9 40.0 150.0 
 469 1362629638     212816 2 9 40.0 150.0 
 469 1362629638     222829 2 9 40.0 150.0 
 469 1362629638     232845 2 9 40.0 150.0 
 469 1362629638     242865 2 9 40.0 150.0 
 468 1362629638     252885 2 9 40.0 150.0 
 468 1362629638     262861 2 9 40.0 150.0 
 468 1362629638     272876 2 9 40.0 150.0 
 469 1362629638     282890 2 9 40.0 150.0 
 469 1362629638     292926 2 9 40.0 150.0 
 469 1362629638     302894 2 9 40.0 150.0 
 468 1362629638     312938 2 9 40.0 150.0 
 469 1362629638     322939 2 9 40.0 150.0 
 469 1362629638     332903 2 9 40.0 150.0 
 468 1362629638     342942 2 9 40.0 150.0 
 469 1362629638     352975 2 9 40.0 150.0 
 468 1362629638     362950 2 9 40.0 150.0 
 468 1362629638     372982 2 9 40.0 150.0 
 468 1362629638     382933 2 9 40.0 150.0 
 469 1362629638     392948 2 9 40.0 150.0 
 468 1362629638     402985 2 9 40.0 150.0 
 469 1362629638     412948 2 9 40.0 150.0 
 469 1362629638     422960 2 9 40.0 150.0 
 468 1362629638     432994 2 9 40.0 150.0 
 469 1362629638     443012 2 9 40.0 150.0 
 469 1362629638     453023 2 9 40.0 150.0 
 468 1362629638     463047 2 9 40.0 150.0 
 468 1362629638     472997 2 9 40.0 150.0 
 469 1362629638     483014 2 9 40.0 150.0 
 468 1362629638     493035 2 9 40.0 150.0 
 469 1362629638     503066 2 9 40.0 150.0 
 468 1362629638     513082 2 9 40.0 150.0 
 468 1362629638     523039 2 9 40.0 150.0 
 468 1362629638     533066 2 9 40.0 150.0 
 469 1362629638     543035 2 9 40.0 150.0 
 468 1362629638     553096 2 9 40.0 150.0 
 468 1362629638     563048 2 9 40.0 150.0 
 469 1362629638     573063 2 9 40.0 150.0 
 469 1362629638     583091 2 9 40.0 150.0 
 468 1362629638     593112 2 9 40.0 150.0 
 469 1362629638     603124 2 9 40.0 150.0 
 469 1362629638     613082 2 9 40.0 150.0 
 470 1362629638     623091 2 9 40.0 150.0 
 469 1362629638     633123 2 9 40.0 150.0 
 469 1362629638     643161 2 9 40.0 150.0 
 469 1362629638     653116 2 9 40.0 150.0 
 470 1362629638     663151 2 9 40.0 150.0 
 469 1362629638     673158 2 9 40.0 150.0 
