 273 1362630573     401618 3 9 40.0 50.0 
 273 1362630573     411594 3 9 40.0 50.0 
 273 1362630573     421586 3 9 40.0 50.0 
 274 1362630573     431643 3 9 40.0 50.0 
 273 1362630573     441648 3 9 40.0 50.0 
 273 1362630573     451637 3 9 40.0 50.0 
 273 1362630573     461625 3 9 40.0 50.0 
 273 1362630573     471674 3 9 40.0 50.0 
 273 1362630573     481670 3 9 40.0 50.0 
 274 1362630573     491657 3 9 40.0 50.0 
 273 1362630573     501646 3 9 40.0 50.0 
 273 1362630573     511700 3 9 40.0 50.0 
 273 1362630573     521705 3 9 40.0 50.0 
 273 1362630573     531693 3 9 40.0 50.0 
 273 1362630573     541688 3 9 40.0 50.0 
 273 1362630573     551685 3 9 40.0 50.0 
 273 1362630573     561673 3 9 40.0 50.0 
 273 1362630573     571725 3 9 40.0 50.0 
 273 1362630573     581733 3 9 40.0 50.0 
 274 1362630573     591716 3 9 40.0 50.0 
 273 1362630573     601765 3 9 40.0 50.0 
 273 1362630573     611745 3 9 40.0 50.0 
 273 1362630573     621742 3 9 40.0 50.0 
 273 1362630573     631744 3 9 40.0 50.0 
 273 1362630573     641745 3 9 40.0 50.0 
 273 1362630573     651750 3 9 40.0 50.0 
 273 1362630573     661738 3 9 40.0 50.0 
 273 1362630573     671801 3 9 40.0 50.0 
 273 1362630573     681789 3 9 40.0 50.0 
 273 1362630573     691792 3 9 40.0 50.0 
 273 1362630573     701782 3 9 40.0 50.0 
 273 1362630573     711784 3 9 40.0 50.0 
 273 1362630573     721812 3 9 40.0 50.0 
 273 1362630573     731807 3 9 40.0 50.0 
 273 1362630573     741796 3 9 40.0 50.0 
 272 1362630573     751795 3 9 40.0 50.0 
 273 1362630573     761852 3 9 40.0 50.0 
 273 1362630573     771844 3 9 40.0 50.0 
 273 1362630573     781837 3 9 40.0 50.0 
 273 1362630573     791887 3 9 40.0 50.0 
 272 1362630573     801864 3 9 40.0 50.0 
 273 1362630573     811860 3 9 40.0 50.0 
 273 1362630573     821905 3 9 40.0 50.0 
 273 1362630573     831892 3 9 40.0 50.0 
 273 1362630573     841871 3 9 40.0 50.0 
 273 1362630573     851874 3 9 40.0 50.0 
 273 1362630573     861869 3 9 40.0 50.0 
 273 1362630573     871923 3 9 40.0 50.0 
 273 1362630573     881889 3 9 40.0 50.0 
 272 1362630573     891934 3 9 40.0 50.0 
 273 1362630573     901933 3 9 40.0 50.0 
 273 1362630573     911917 3 9 40.0 50.0 
 273 1362630573     921913 3 9 40.0 50.0 
 273 1362630573     931982 3 9 40.0 50.0 
 273 1362630573     941972 3 9 40.0 50.0 
 273 1362630573     951961 3 9 40.0 50.0 
 273 1362630573     961949 3 9 40.0 50.0 
 273 1362630573     972010 3 9 40.0 50.0 
 273 1362630573     981990 3 9 40.0 50.0 
 273 1362630573     991982 3 9 40.0 50.0 
 273 1362630574       1963 3 9 40.0 50.0 
 273 1362630574      12013 3 9 40.0 50.0 
 273 1362630574      22013 3 9 40.0 50.0 
 273 1362630574      31992 3 9 40.0 50.0 
 273 1362630574      41989 3 9 40.0 50.0 
 273 1362630574      52047 3 9 40.0 50.0 
 274 1362630574      62028 3 9 40.0 50.0 
 273 1362630574      72028 3 9 40.0 50.0 
 273 1362630574      82024 3 9 40.0 50.0 
 273 1362630574      92091 3 9 40.0 50.0 
 273 1362630574     102073 3 9 40.0 50.0 
 273 1362630574     112075 3 9 40.0 50.0 
 273 1362630574     122068 3 9 40.0 50.0 
 273 1362630574     132056 3 9 40.0 50.0 
 273 1362630574     142059 3 9 40.0 50.0 
 273 1362630574     152107 3 9 40.0 50.0 
 273 1362630574     162119 3 9 40.0 50.0 
 273 1362630574     172115 3 9 40.0 50.0 
 273 1362630574     182113 3 9 40.0 50.0 
 273 1362630574     192105 3 9 40.0 50.0 
 274 1362630574     202150 3 9 40.0 50.0 
 273 1362630574     212120 3 9 40.0 50.0 
 273 1362630574     222177 3 9 40.0 50.0 
 274 1362630574     232180 3 9 40.0 50.0 
 273 1362630574     242162 3 9 40.0 50.0 
 273 1362630574     252145 3 9 40.0 50.0 
 274 1362630574     262140 3 9 40.0 50.0 
 272 1362630574     272191 3 9 40.0 50.0 
 273 1362630574     282201 3 9 40.0 50.0 
 273 1362630574     292182 3 9 40.0 50.0 
 273 1362630574     302175 3 9 40.0 50.0 
 273 1362630574     312228 3 9 40.0 50.0 
 273 1362630574     322219 3 9 40.0 50.0 
 273 1362630574     332215 3 9 40.0 50.0 
 273 1362630574     342206 3 9 40.0 50.0 
 273 1362630574     352211 3 9 40.0 50.0 
 273 1362630574     362219 3 9 40.0 50.0 
 273 1362630574     372205 3 9 40.0 50.0 
 273 1362630574     382221 3 9 40.0 50.0 
 274 1362630574     392267 3 9 40.0 50.0 
