 269 1362630690     739285 3 11 40.0 50.0 
 269 1362630690     749371 3 11 40.0 50.0 
 269 1362630690     759340 3 11 40.0 50.0 
 270 1362630690     769325 3 11 40.0 50.0 
 269 1362630690     779259 3 11 40.0 50.0 
 269 1362630690     789304 3 11 40.0 50.0 
 268 1362630690     799409 3 11 40.0 50.0 
 269 1362630690     809365 3 11 40.0 50.0 
 269 1362630690     819285 3 11 40.0 50.0 
 269 1362630690     829327 3 11 40.0 50.0 
 268 1362630690     839403 3 11 40.0 50.0 
 269 1362630690     849363 3 11 40.0 50.0 
 270 1362630690     859353 3 11 40.0 50.0 
 270 1362630690     869436 3 11 40.0 50.0 
 268 1362630690     879367 3 11 40.0 50.0 
 269 1362630690     889368 3 11 40.0 50.0 
 269 1362630690     899420 3 11 40.0 50.0 
 269 1362630690     909480 3 11 40.0 50.0 
 269 1362630690     919461 3 11 40.0 50.0 
 269 1362630690     929345 3 11 40.0 50.0 
 269 1362630690     953760 3 11 40.0 50.0 
 269 1362630690     959632 3 11 40.0 50.0 
 269 1362630690     969436 3 11 40.0 50.0 
 269 1362630690     979433 3 11 40.0 50.0 
 269 1362630690     989478 3 11 40.0 50.0 
 269 1362630690     999446 3 11 40.0 50.0 
 269 1362630691       9481 3 11 40.0 50.0 
 269 1362630691      19453 3 11 40.0 50.0 
 269 1362630691      29506 3 11 40.0 50.0 
 269 1362630691      39456 3 11 40.0 50.0 
 268 1362630691      49490 3 11 40.0 50.0 
 269 1362630691      59530 3 11 40.0 50.0 
 269 1362630691      69470 3 11 40.0 50.0 
 270 1362630691      79502 3 11 40.0 50.0 
 269 1362630691      89535 3 11 40.0 50.0 
 269 1362630691      99500 3 11 40.0 50.0 
 268 1362630691     109547 3 11 40.0 50.0 
 270 1362630691     119519 3 11 40.0 50.0 
 270 1362630691     129527 3 11 40.0 50.0 
 269 1362630691     139562 3 11 40.0 50.0 
 269 1362630691     149591 3 11 40.0 50.0 
 268 1362630691     159570 3 11 40.0 50.0 
 270 1362630691     169536 3 11 40.0 50.0 
 269 1362630691     179603 3 11 40.0 50.0 
 268 1362630691     189563 3 11 40.0 50.0 
 268 1362630691     199583 3 11 40.0 50.0 
 269 1362630691     209573 3 11 40.0 50.0 
 269 1362630691     219628 3 11 40.0 50.0 
 269 1362630691     229609 3 11 40.0 50.0 
 269 1362630691     239605 3 11 40.0 50.0 
 269 1362630691     249593 3 11 40.0 50.0 
 269 1362630691     259649 3 11 40.0 50.0 
 269 1362630691     269622 3 11 40.0 50.0 
 269 1362630691     279614 3 11 40.0 50.0 
 270 1362630691     289666 3 11 40.0 50.0 
 269 1362630691     299647 3 11 40.0 50.0 
 269 1362630691     309689 3 11 40.0 50.0 
 269 1362630691     319664 3 11 40.0 50.0 
 269 1362630691     329642 3 11 40.0 50.0 
 270 1362630691     339684 3 11 40.0 50.0 
 270 1362630691     349661 3 11 40.0 50.0 
 269 1362630691     359668 3 11 40.0 50.0 
 269 1362630691     369736 3 11 40.0 50.0 
 270 1362630691     379745 3 11 40.0 50.0 
 270 1362630691     389705 3 11 40.0 50.0 
 270 1362630691     399755 3 11 40.0 50.0 
 269 1362630691     409721 3 11 40.0 50.0 
 269 1362630691     419755 3 11 40.0 50.0 
 270 1362630691     429731 3 11 40.0 50.0 
 269 1362630691     439727 3 11 40.0 50.0 
 269 1362630691     449727 3 11 40.0 50.0 
 269 1362630691     459742 3 11 40.0 50.0 
 269 1362630691     469736 3 11 40.0 50.0 
 269 1362630691     479785 3 11 40.0 50.0 
 269 1362630691     489774 3 11 40.0 50.0 
 269 1362630691     499823 3 11 40.0 50.0 
 270 1362630691     509819 3 11 40.0 50.0 
 269 1362630691     519821 3 11 40.0 50.0 
 269 1362630691     529793 3 11 40.0 50.0 
 269 1362630691     539833 3 11 40.0 50.0 
 269 1362630691     549795 3 11 40.0 50.0 
 269 1362630691     559814 3 11 40.0 50.0 
 269 1362630691     569862 3 11 40.0 50.0 
 270 1362630691     579828 3 11 40.0 50.0 
 270 1362630691     589884 3 11 40.0 50.0 
 269 1362630691     599859 3 11 40.0 50.0 
 269 1362630691     609838 3 11 40.0 50.0 
 269 1362630691     619886 3 11 40.0 50.0 
 269 1362630691     629867 3 11 40.0 50.0 
 269 1362630691     639867 3 11 40.0 50.0 
 269 1362630691     649869 3 11 40.0 50.0 
 270 1362630691     659895 3 11 40.0 50.0 
 270 1362630691     669932 3 11 40.0 50.0 
 268 1362630691     679943 3 11 40.0 50.0 
 269 1362630691     689904 3 11 40.0 50.0 
 269 1362630691     699913 3 11 40.0 50.0 
 269 1362630691     709925 3 11 40.0 50.0 
 269 1362630691     719913 3 11 40.0 50.0 
 269 1362630691     729911 3 11 40.0 50.0 
 269 1362630691     739958 3 11 40.0 50.0 
