 461 1362623918     850041 0 9 40.0 150.0 
 461 1362623918     859992 0 9 40.0 150.0 
 461 1362623918     870062 0 9 40.0 150.0 
 461 1362623918     880057 0 9 40.0 150.0 
 461 1362623918     890105 0 9 40.0 150.0 
 460 1362623918     899982 0 9 40.0 150.0 
 461 1362623918     910100 0 9 40.0 150.0 
 461 1362623918     920084 0 9 40.0 150.0 
 460 1362623918     930179 0 9 40.0 150.0 
 462 1362623918     940163 0 9 40.0 150.0 
 459 1362623918     967177 0 9 40.0 150.0 
 460 1362623918     970559 0 9 40.0 150.0 
 461 1362623918     980069 0 9 40.0 150.0 
 462 1362623918     990091 0 9 40.0 150.0 
 461 1362623919         65 0 9 40.0 150.0 
 461 1362623919      10068 0 9 40.0 150.0 
 461 1362623919      20051 0 9 40.0 150.0 
 460 1362623919      30105 0 9 40.0 150.0 
 462 1362623919      40064 0 9 40.0 150.0 
 462 1362623919      50106 0 9 40.0 150.0 
 461 1362623919      60138 0 9 40.0 150.0 
 462 1362623919      70103 0 9 40.0 150.0 
 460 1362623919      80155 0 9 40.0 150.0 
 462 1362623919      90157 0 9 40.0 150.0 
 461 1362623919     100149 0 9 40.0 150.0 
 461 1362623919     110159 0 9 40.0 150.0 
 461 1362623919     120146 0 9 40.0 150.0 
 460 1362623919     130154 0 9 40.0 150.0 
 461 1362623919     140150 0 9 40.0 150.0 
 461 1362623919     150142 0 9 40.0 150.0 
 460 1362623919     160140 0 9 40.0 150.0 
 462 1362623919     170206 0 9 40.0 150.0 
 461 1362623919     180220 0 9 40.0 150.0 
 461 1362623919     190208 0 9 40.0 150.0 
 460 1362623919     200222 0 9 40.0 150.0 
 461 1362623919     210185 0 9 40.0 150.0 
 461 1362623919     220215 0 9 40.0 150.0 
 461 1362623919     230236 0 9 40.0 150.0 
 462 1362623919     240196 0 9 40.0 150.0 
 461 1362623919     250213 0 9 40.0 150.0 
 461 1362623919     260231 0 9 40.0 150.0 
 461 1362623919     270266 0 9 40.0 150.0 
 461 1362623919     280221 0 9 40.0 150.0 
 461 1362623919     290253 0 9 40.0 150.0 
 461 1362623919     300277 0 9 40.0 150.0 
 461 1362623919     310249 0 9 40.0 150.0 
 461 1362623919     320266 0 9 40.0 150.0 
 461 1362623919     330300 0 9 40.0 150.0 
 462 1362623919     340320 0 9 40.0 150.0 
 462 1362623919     350268 0 9 40.0 150.0 
 461 1362623919     360289 0 9 40.0 150.0 
 462 1362623919     370306 0 9 40.0 150.0 
 460 1362623919     380337 0 9 40.0 150.0 
 461 1362623919     390361 0 9 40.0 150.0 
 460 1362623919     400324 0 9 40.0 150.0 
 461 1362623919     410306 0 9 40.0 150.0 
 461 1362623919     420342 0 9 40.0 150.0 
 462 1362623919     430348 0 9 40.0 150.0 
 461 1362623919     440393 0 9 40.0 150.0 
 461 1362623919     450343 0 9 40.0 150.0 
 460 1362623919     460354 0 9 40.0 150.0 
 462 1362623919     470367 0 9 40.0 150.0 
 461 1362623919     480393 0 9 40.0 150.0 
 462 1362623919     490423 0 9 40.0 150.0 
 461 1362623919     500382 0 9 40.0 150.0 
 461 1362623919     510409 0 9 40.0 150.0 
 462 1362623919     520445 0 9 40.0 150.0 
 461 1362623919     530385 0 9 40.0 150.0 
 461 1362623919     540421 0 9 40.0 150.0 
 460 1362623919     550453 0 9 40.0 150.0 
 462 1362623919     560428 0 9 40.0 150.0 
 460 1362623919     570450 0 9 40.0 150.0 
 462 1362623919     580449 0 9 40.0 150.0 
 459 1362623919     590489 0 9 40.0 150.0 
 461 1362623919     600444 0 9 40.0 150.0 
 461 1362623919     610485 0 9 40.0 150.0 
 461 1362623919     620460 0 9 40.0 150.0 
 460 1362623919     630487 0 9 40.0 150.0 
 461 1362623919     640457 0 9 40.0 150.0 
 461 1362623919     650491 0 9 40.0 150.0 
 461 1362623919     660508 0 9 40.0 150.0 
 460 1362623919     670522 0 9 40.0 150.0 
 461 1362623919     680492 0 9 40.0 150.0 
 462 1362623919     690505 0 9 40.0 150.0 
 460 1362623919     700535 0 9 40.0 150.0 
 462 1362623919     710571 0 9 40.0 150.0 
 460 1362623919     720524 0 9 40.0 150.0 
 461 1362623919     730559 0 9 40.0 150.0 
 461 1362623919     740576 0 9 40.0 150.0 
 462 1362623919     750544 0 9 40.0 150.0 
 460 1362623919     760591 0 9 40.0 150.0 
 461 1362623919     770550 0 9 40.0 150.0 
 461 1362623919     780591 0 9 40.0 150.0 
 461 1362623919     790607 0 9 40.0 150.0 
 462 1362623919     800630 0 9 40.0 150.0 
 460 1362623919     810599 0 9 40.0 150.0 
 462 1362623919     820582 0 9 40.0 150.0 
 460 1362623919     830598 0 9 40.0 150.0 
 462 1362623919     840620 0 9 40.0 150.0 
 460 1362623919     850639 0 9 40.0 150.0 
