 434 1362630582     647752 3 9 40.0 100.0 
 433 1362630582     657695 3 9 40.0 100.0 
 433 1362630582     667741 3 9 40.0 100.0 
 433 1362630582     677732 3 9 40.0 100.0 
 434 1362630582     687746 3 9 40.0 100.0 
 433 1362630582     697772 3 9 40.0 100.0 
 433 1362630582     707735 3 9 40.0 100.0 
 433 1362630582     717795 3 9 40.0 100.0 
 433 1362630582     727751 3 9 40.0 100.0 
 433 1362630582     737781 3 9 40.0 100.0 
 433 1362630582     747800 3 9 40.0 100.0 
 433 1362630582     757829 3 9 40.0 100.0 
 434 1362630582     767796 3 9 40.0 100.0 
 434 1362630582     777829 3 9 40.0 100.0 
 434 1362630582     787843 3 9 40.0 100.0 
 433 1362630582     797800 3 9 40.0 100.0 
 434 1362630582     807809 3 9 40.0 100.0 
 434 1362630582     817840 3 9 40.0 100.0 
 433 1362630582     827859 3 9 40.0 100.0 
 433 1362630582     837820 3 9 40.0 100.0 
 433 1362630582     847851 3 9 40.0 100.0 
 433 1362630582     857877 3 9 40.0 100.0 
 433 1362630582     867832 3 9 40.0 100.0 
 433 1362630582     877863 3 9 40.0 100.0 
 434 1362630582     887845 3 9 40.0 100.0 
 433 1362630582     897874 3 9 40.0 100.0 
 433 1362630582     907897 3 9 40.0 100.0 
 434 1362630582     917920 3 9 40.0 100.0 
 433 1362630582     927935 3 9 40.0 100.0 
 433 1362630582     937893 3 9 40.0 100.0 
 433 1362630582     947912 3 9 40.0 100.0 
 433 1362630582     957944 3 9 40.0 100.0 
 434 1362630582     967902 3 9 40.0 100.0 
 433 1362630582     977943 3 9 40.0 100.0 
 433 1362630582     987957 3 9 40.0 100.0 
 434 1362630582     997941 3 9 40.0 100.0 
 434 1362630583       7946 3 9 40.0 100.0 
 433 1362630583      17988 3 9 40.0 100.0 
 433 1362630583      27948 3 9 40.0 100.0 
 433 1362630583      38002 3 9 40.0 100.0 
 434 1362630583      47967 3 9 40.0 100.0 
 433 1362630583      58000 3 9 40.0 100.0 
 434 1362630583      67964 3 9 40.0 100.0 
 433 1362630583      77996 3 9 40.0 100.0 
 433 1362630583      88025 3 9 40.0 100.0 
 433 1362630583      98014 3 9 40.0 100.0 
 434 1362630583     108010 3 9 40.0 100.0 
 433 1362630583     118006 3 9 40.0 100.0 
 433 1362630583     128003 3 9 40.0 100.0 
 434 1362630583     138036 3 9 40.0 100.0 
 434 1362630583     148024 3 9 40.0 100.0 
 434 1362630583     158029 3 9 40.0 100.0 
 433 1362630583     168031 3 9 40.0 100.0 
 433 1362630583     178100 3 9 40.0 100.0 
 433 1362630583     188080 3 9 40.0 100.0 
 434 1362630583     198080 3 9 40.0 100.0 
 434 1362630583     208116 3 9 40.0 100.0 
 433 1362630583     218124 3 9 40.0 100.0 
 433 1362630583     228084 3 9 40.0 100.0 
 433 1362630583     238101 3 9 40.0 100.0 
 434 1362630583     248128 3 9 40.0 100.0 
 433 1362630583     258084 3 9 40.0 100.0 
 433 1362630583     268110 3 9 40.0 100.0 
 434 1362630583     278156 3 9 40.0 100.0 
 434 1362630583     288153 3 9 40.0 100.0 
 433 1362630583     298179 3 9 40.0 100.0 
 433 1362630583     308123 3 9 40.0 100.0 
 433 1362630583     318141 3 9 40.0 100.0 
 434 1362630583     328159 3 9 40.0 100.0 
 433 1362630583     338180 3 9 40.0 100.0 
 433 1362630583     348188 3 9 40.0 100.0 
 433 1362630583     358206 3 9 40.0 100.0 
 434 1362630583     368166 3 9 40.0 100.0 
 434 1362630583     378182 3 9 40.0 100.0 
 433 1362630583     388201 3 9 40.0 100.0 
 433 1362630583     398241 3 9 40.0 100.0 
 433 1362630583     408197 3 9 40.0 100.0 
 434 1362630583     418204 3 9 40.0 100.0 
 433 1362630583     428208 3 9 40.0 100.0 
 433 1362630583     438219 3 9 40.0 100.0 
 434 1362630583     448238 3 9 40.0 100.0 
 433 1362630583     458243 3 9 40.0 100.0 
 434 1362630583     468279 3 9 40.0 100.0 
 433 1362630583     478260 3 9 40.0 100.0 
 433 1362630583     488254 3 9 40.0 100.0 
 433 1362630583     498272 3 9 40.0 100.0 
 434 1362630583     508299 3 9 40.0 100.0 
 434 1362630583     518320 3 9 40.0 100.0 
 433 1362630583     528269 3 9 40.0 100.0 
 433 1362630583     538290 3 9 40.0 100.0 
 433 1362630583     548300 3 9 40.0 100.0 
 433 1362630583     558315 3 9 40.0 100.0 
 433 1362630583     568325 3 9 40.0 100.0 
 433 1362630583     578363 3 9 40.0 100.0 
 433 1362630583     588309 3 9 40.0 100.0 
 433 1362630583     598336 3 9 40.0 100.0 
 434 1362630583     608364 3 9 40.0 100.0 
 433 1362630583     618384 3 9 40.0 100.0 
 434 1362630583     628345 3 9 40.0 100.0 
 432 1362630583     638350 3 9 40.0 100.0 
