 348 1362629094     553131 2 0 40.0 50.0 
 348 1362629094     563111 2 0 40.0 50.0 
 349 1362629094     573119 2 0 40.0 50.0 
 348 1362629094     583146 2 0 40.0 50.0 
 348 1362629094     593187 2 0 40.0 50.0 
 349 1362629094     603154 2 0 40.0 50.0 
 349 1362629094     613147 2 0 40.0 50.0 
 349 1362629094     623196 2 0 40.0 50.0 
 348 1362629094     633168 2 0 40.0 50.0 
 348 1362629094     643212 2 0 40.0 50.0 
 348 1362629094     653201 2 0 40.0 50.0 
 349 1362629094     663188 2 0 40.0 50.0 
 348 1362629094     673179 2 0 40.0 50.0 
 349 1362629094     683246 2 0 40.0 50.0 
 348 1362629094     693232 2 0 40.0 50.0 
 348 1362629094     703217 2 0 40.0 50.0 
 348 1362629094     713204 2 0 40.0 50.0 
 349 1362629094     723244 2 0 40.0 50.0 
 348 1362629094     733234 2 0 40.0 50.0 
 348 1362629094     743234 2 0 40.0 50.0 
 349 1362629094     753284 2 0 40.0 50.0 
 349 1362629094     763254 2 0 40.0 50.0 
 349 1362629094     773296 2 0 40.0 50.0 
 349 1362629094     783263 2 0 40.0 50.0 
 348 1362629094     793319 2 0 40.0 50.0 
 349 1362629094     803286 2 0 40.0 50.0 
 348 1362629094     813271 2 0 40.0 50.0 
 348 1362629094     823316 2 0 40.0 50.0 
 348 1362629094     833299 2 0 40.0 50.0 
 349 1362629094     843352 2 0 40.0 50.0 
 348 1362629094     853313 2 0 40.0 50.0 
 349 1362629094     863310 2 0 40.0 50.0 
 349 1362629094     873349 2 0 40.0 50.0 
 349 1362629094     883333 2 0 40.0 50.0 
 349 1362629094     893372 2 0 40.0 50.0 
 348 1362629094     903358 2 0 40.0 50.0 
 349 1362629094     913400 2 0 40.0 50.0 
 348 1362629094     923351 2 0 40.0 50.0 
 348 1362629094     933421 2 0 40.0 50.0 
 349 1362629094     943402 2 0 40.0 50.0 
 349 1362629094     953436 2 0 40.0 50.0 
 348 1362629094     963373 2 0 40.0 50.0 
 348 1362629094     973433 2 0 40.0 50.0 
 348 1362629094     983439 2 0 40.0 50.0 
 349 1362629094     993444 2 0 40.0 50.0 
 348 1362629095       3424 2 0 40.0 50.0 
 348 1362629095      13414 2 0 40.0 50.0 
 349 1362629095      23481 2 0 40.0 50.0 
 349 1362629095      33472 2 0 40.0 50.0 
 348 1362629095      43461 2 0 40.0 50.0 
 349 1362629095      53451 2 0 40.0 50.0 
 348 1362629095      63485 2 0 40.0 50.0 
 349 1362629095      73483 2 0 40.0 50.0 
 348 1362629095      83481 2 0 40.0 50.0 
 348 1362629095      93474 2 0 40.0 50.0 
 348 1362629095     103505 2 0 40.0 50.0 
 348 1362629095     113524 2 0 40.0 50.0 
 348 1362629095     123525 2 0 40.0 50.0 
 349 1362629095     133541 2 0 40.0 50.0 
 348 1362629095     143557 2 0 40.0 50.0 
 349 1362629095     153504 2 0 40.0 50.0 
 349 1362629095     163536 2 0 40.0 50.0 
 348 1362629095     173555 2 0 40.0 50.0 
 349 1362629095     183579 2 0 40.0 50.0 
 349 1362629095     193547 2 0 40.0 50.0 
 348 1362629095     203585 2 0 40.0 50.0 
 348 1362629095     213561 2 0 40.0 50.0 
 349 1362629095     223602 2 0 40.0 50.0 
 348 1362629095     233594 2 0 40.0 50.0 
 348 1362629095     243573 2 0 40.0 50.0 
 349 1362629095     253621 2 0 40.0 50.0 
 349 1362629095     263609 2 0 40.0 50.0 
 348 1362629095     273588 2 0 40.0 50.0 
 349 1362629095     283640 2 0 40.0 50.0 
 348 1362629095     293632 2 0 40.0 50.0 
 349 1362629095     303607 2 0 40.0 50.0 
 348 1362629095     313663 2 0 40.0 50.0 
 348 1362629095     323615 2 0 40.0 50.0 
 348 1362629095     333658 2 0 40.0 50.0 
 349 1362629095     343635 2 0 40.0 50.0 
 348 1362629095     353668 2 0 40.0 50.0 
 349 1362629095     363645 2 0 40.0 50.0 
 349 1362629095     373684 2 0 40.0 50.0 
 348 1362629095     383662 2 0 40.0 50.0 
 348 1362629095     393698 2 0 40.0 50.0 
 349 1362629095     403676 2 0 40.0 50.0 
 348 1362629095     413716 2 0 40.0 50.0 
 348 1362629095     423744 2 0 40.0 50.0 
 348 1362629095     433716 2 0 40.0 50.0 
 349 1362629095     443705 2 0 40.0 50.0 
 349 1362629095     453739 2 0 40.0 50.0 
 348 1362629095     463728 2 0 40.0 50.0 
 348 1362629095     473773 2 0 40.0 50.0 
 348 1362629095     483740 2 0 40.0 50.0 
 348 1362629095     493732 2 0 40.0 50.0 
 348 1362629095     503767 2 0 40.0 50.0 
 348 1362629095     513741 2 0 40.0 50.0 
 348 1362629095     523769 2 0 40.0 50.0 
 349 1362629095     533765 2 0 40.0 50.0 
 348 1362629095     543794 2 0 40.0 50.0 
