 379 1362622233     666808 0 1 40.0 100 
 378 1362622233     676641 0 1 40.0 100 
 378 1362622233     686704 0 1 40.0 100 
 378 1362622233     696768 0 1 40.0 100 
 379 1362622233     706745 0 1 40.0 100 
 379 1362622233     716701 0 1 40.0 100 
 378 1362622233     726831 0 1 40.0 100 
 379 1362622233     736805 0 1 40.0 100 
 378 1362622233     746834 0 1 40.0 100 
 378 1362622233     756791 0 1 40.0 100 
 379 1362622233     766815 0 1 40.0 100 
 378 1362622233     776737 0 1 40.0 100 
 377 1362622233     786808 0 1 40.0 100 
 379 1362622233     796810 0 1 40.0 100 
 378 1362622233     806841 0 1 40.0 100 
 379 1362622233     816752 0 1 40.0 100 
 378 1362622233     826848 0 1 40.0 100 
 378 1362622233     836777 0 1 40.0 100 
 379 1362622233     846752 0 1 40.0 100 
 377 1362622233     856836 0 1 40.0 100 
 379 1362622233     866908 0 1 40.0 100 
 378 1362622233     876802 0 1 40.0 100 
 379 1362622233     886819 0 1 40.0 100 
 379 1362622233     896763 0 1 40.0 100 
 378 1362622233     906806 0 1 40.0 100 
 380 1362622233     916820 0 1 40.0 100 
 378 1362622233     926792 0 1 40.0 100 
 379 1362622233     936832 0 1 40.0 100 
 378 1362622233     946861 0 1 40.0 100 
 378 1362622233     956837 0 1 40.0 100 
 378 1362622233     966868 0 1 40.0 100 
 377 1362622233     976825 0 1 40.0 100 
 378 1362622233     986873 0 1 40.0 100 
 379 1362622233     996843 0 1 40.0 100 
 378 1362622234       6883 0 1 40.0 100 
 378 1362622234      16894 0 1 40.0 100 
 378 1362622234      26858 0 1 40.0 100 
 379 1362622234      36908 0 1 40.0 100 
 379 1362622234      46930 0 1 40.0 100 
 378 1362622234      56907 0 1 40.0 100 
 379 1362622234      66930 0 1 40.0 100 
 378 1362622234      76897 0 1 40.0 100 
 379 1362622234      86939 0 1 40.0 100 
 378 1362622234      96963 0 1 40.0 100 
 379 1362622234     106930 0 1 40.0 100 
 378 1362622234     116944 0 1 40.0 100 
 378 1362622234     126976 0 1 40.0 100 
 379 1362622234     136941 0 1 40.0 100 
 378 1362622234     146972 0 1 40.0 100 
 378 1362622234     156948 0 1 40.0 100 
 379 1362622234     166963 0 1 40.0 100 
 378 1362622234     177009 0 1 40.0 100 
 378 1362622234     186976 0 1 40.0 100 
 379 1362622234     196999 0 1 40.0 100 
 378 1362622234     207027 0 1 40.0 100 
 378 1362622234     217029 0 1 40.0 100 
 378 1362622234     227004 0 1 40.0 100 
 379 1362622234     236987 0 1 40.0 100 
 379 1362622234     247016 0 1 40.0 100 
 379 1362622234     257045 0 1 40.0 100 
 378 1362622234     267064 0 1 40.0 100 
 377 1362622234     277020 0 1 40.0 100 
 379 1362622234     287054 0 1 40.0 100 
 378 1362622234     297067 0 1 40.0 100 
 378 1362622234     307045 0 1 40.0 100 
 379 1362622234     317060 0 1 40.0 100 
 379 1362622234     327112 0 1 40.0 100 
 378 1362622234     337073 0 1 40.0 100 
 378 1362622234     347092 0 1 40.0 100 
 378 1362622234     357069 0 1 40.0 100 
 378 1362622234     367087 0 1 40.0 100 
 378 1362622234     377122 0 1 40.0 100 
 379 1362622234     387153 0 1 40.0 100 
 378 1362622234     397133 0 1 40.0 100 
 378 1362622234     407169 0 1 40.0 100 
 379 1362622234     417147 0 1 40.0 100 
 378 1362622234     427127 0 1 40.0 100 
 379 1362622234     437176 0 1 40.0 100 
 378 1362622234     447143 0 1 40.0 100 
 379 1362622234     457188 0 1 40.0 100 
 378 1362622234     467159 0 1 40.0 100 
 378 1362622234     477181 0 1 40.0 100 
 379 1362622234     487213 0 1 40.0 100 
 378 1362622234     497184 0 1 40.0 100 
 379 1362622234     507202 0 1 40.0 100 
 378 1362622234     517176 0 1 40.0 100 
 378 1362622234     527203 0 1 40.0 100 
 378 1362622234     537220 0 1 40.0 100 
 378 1362622234     547191 0 1 40.0 100 
 379 1362622234     557212 0 1 40.0 100 
 378 1362622234     567219 0 1 40.0 100 
 378 1362622234     577248 0 1 40.0 100 
 379 1362622234     587285 0 1 40.0 100 
 379 1362622234     597252 0 1 40.0 100 
 379 1362622234     607282 0 1 40.0 100 
 378 1362622234     617239 0 1 40.0 100 
 379 1362622234     627286 0 1 40.0 100 
 379 1362622234     637324 0 1 40.0 100 
 378 1362622234     647301 0 1 40.0 100 
 379 1362622234     657270 0 1 40.0 100 
 378 1362622234     667311 0 1 40.0 100 
 378 1362622234     677349 0 1 40.0 100 
 378 1362622234     687305 0 1 40.0 100 
 379 1362622234     697340 0 1 40.0 100 
 378 1362622234     707363 0 1 40.0 100 
 378 1362622234     717325 0 1 40.0 100 
 378 1362622234     727373 0 1 40.0 100 
 379 1362622234     737326 0 1 40.0 100 
 379 1362622234     747358 0 1 40.0 100 
 379 1362622234     757398 0 1 40.0 100 
 378 1362622234     767356 0 1 40.0 100 
 378 1362622234     777386 0 1 40.0 100 
 379 1362622234     787413 0 1 40.0 100 
 378 1362622234     797383 0 1 40.0 100 
 379 1362622234     807419 0 1 40.0 100 
 378 1362622234     817388 0 1 40.0 100 
 378 1362622234     827420 0 1 40.0 100 
 379 1362622234     837457 0 1 40.0 100 
 378 1362622234     847406 0 1 40.0 100 
 379 1362622234     857432 0 1 40.0 100 
 378 1362622234     867409 0 1 40.0 100 
 379 1362622234     877446 0 1 40.0 100 
 378 1362622234     887479 0 1 40.0 100 
 378 1362622234     897456 0 1 40.0 100 
 379 1362622234     907488 0 1 40.0 100 
 378 1362622234     917438 0 1 40.0 100 
 378 1362622234     927467 0 1 40.0 100 
 379 1362622234     937499 0 1 40.0 100 
 378 1362622234     947471 0 1 40.0 100 
 378 1362622234     957498 0 1 40.0 100 
 378 1362622234     967520 0 1 40.0 100 
 379 1362622234     977481 0 1 40.0 100 
 378 1362622234     987503 0 1 40.0 100 
 378 1362622234     997557 0 1 40.0 100 
 378 1362622235       7530 0 1 40.0 100 
 378 1362622235      17531 0 1 40.0 100 
 379 1362622235      27518 0 1 40.0 100 
 378 1362622235      37568 0 1 40.0 100 
 379 1362622235      47557 0 1 40.0 100 
 378 1362622235      57541 0 1 40.0 100 
 379 1362622235      67539 0 1 40.0 100 
 379 1362622235      77600 0 1 40.0 100 
 378 1362622235      87592 0 1 40.0 100 
 378 1362622235      97579 0 1 40.0 100 
 378 1362622235     107592 0 1 40.0 100 
 378 1362622235     117582 0 1 40.0 100 
 379 1362622235     127623 0 1 40.0 100 
 378 1362622235     137628 0 1 40.0 100 
 378 1362622235     147637 0 1 40.0 100 
 379 1362622235     157645 0 1 40.0 100 
 378 1362622235     167666 0 1 40.0 100 
 378 1362622235     177616 0 1 40.0 100 
 378 1362622235     187681 0 1 40.0 100 
 379 1362622235     197623 0 1 40.0 100 
 378 1362622235     207639 0 1 40.0 100 
 378 1362622235     217668 0 1 40.0 100 
 380 1362622235     227690 0 1 40.0 100 
 377 1362622235     237712 0 1 40.0 100 
 379 1362622235     247676 0 1 40.0 100 
 379 1362622235     257723 0 1 40.0 100 
 377 1362622235     267699 0 1 40.0 100 
 378 1362622235     277735 0 1 40.0 100 
 378 1362622235     287731 0 1 40.0 100 
 379 1362622235     297700 0 1 40.0 100 
 378 1362622235     307736 0 1 40.0 100 
 378 1362622235     317712 0 1 40.0 100 
 378 1362622235     327740 0 1 40.0 100 
 378 1362622235     337763 0 1 40.0 100 
 379 1362622235     347732 0 1 40.0 100 
 378 1362622235     357753 0 1 40.0 100 
 379 1362622235     367797 0 1 40.0 100 
 379 1362622235     377772 0 1 40.0 100 
 378 1362622235     387812 0 1 40.0 100 
 378 1362622235     397776 0 1 40.0 100 
 378 1362622235     407819 0 1 40.0 100 
 378 1362622235     417771 0 1 40.0 100 
 378 1362622235     427804 0 1 40.0 100 
 378 1362622235     437839 0 1 40.0 100 
 379 1362622235     447797 0 1 40.0 100 
 378 1362622235     457821 0 1 40.0 100 
 378 1362622235     467867 0 1 40.0 100 
 379 1362622235     477843 0 1 40.0 100 
 378 1362622235     487878 0 1 40.0 100 
 379 1362622235     497854 0 1 40.0 100 
 379 1362622235     507893 0 1 40.0 100 
 378 1362622235     517848 0 1 40.0 100 
 378 1362622235     527878 0 1 40.0 100 
 378 1362622235     537877 0 1 40.0 100 
 378 1362622235     547922 0 1 40.0 100 
 378 1362622235     557893 0 1 40.0 100 
 378 1362622235     567866 0 1 40.0 100 
 379 1362622235     577928 0 1 40.0 100 
 378 1362622235     587899 0 1 40.0 100 
 379 1362622235     597932 0 1 40.0 100 
 378 1362622235     607910 0 1 40.0 100 
 378 1362622235     617954 0 1 40.0 100 
 379 1362622235     627908 0 1 40.0 100 
 379 1362622235     637931 0 1 40.0 100 
 378 1362622235     647971 0 1 40.0 100 
 378 1362622235     657930 0 1 40.0 100 
 379 1362622235     667997 0 1 40.0 100 
 378 1362622235     677972 0 1 40.0 100 
 378 1362622235     687992 0 1 40.0 100 
 378 1362622235     698048 0 1 40.0 100 
 378 1362622235     708010 0 1 40.0 100 
 378 1362622235     717968 0 1 40.0 100 
 378 1362622235     728004 0 1 40.0 100 
 378 1362622235     737981 0 1 40.0 100 
 379 1362622235     747987 0 1 40.0 100 
 378 1362622235     758027 0 1 40.0 100 
 379 1362622235     767993 0 1 40.0 100 
 378 1362622235     778028 0 1 40.0 100 
 378 1362622235     788052 0 1 40.0 100 
 379 1362622235     798060 0 1 40.0 100 
 378 1362622235     808032 0 1 40.0 100 
 379 1362622235     818056 0 1 40.0 100 
 378 1362622235     828073 0 1 40.0 100 
 378 1362622235     838075 0 1 40.0 100 
 379 1362622235     848070 0 1 40.0 100 
 378 1362622235     858052 0 1 40.0 100 
 379 1362622235     868054 0 1 40.0 100 
 379 1362622235     878078 0 1 40.0 100 
 378 1362622235     888122 0 1 40.0 100 
 378 1362622235     898079 0 1 40.0 100 
 378 1362622235     908136 0 1 40.0 100 
 379 1362622235     918138 0 1 40.0 100 
 378 1362622235     928125 0 1 40.0 100 
 378 1362622235     938152 0 1 40.0 100 
 379 1362622235     948159 0 1 40.0 100 
 378 1362622235     958115 0 1 40.0 100 
 379 1362622235     968119 0 1 40.0 100 
 378 1362622235     978144 0 1 40.0 100 
 379 1362622235     988191 0 1 40.0 100 
 379 1362622235     998184 0 1 40.0 100 
 378 1362622236       8179 0 1 40.0 100 
 378 1362622236      18156 0 1 40.0 100 
 378 1362622236      28217 0 1 40.0 100 
 378 1362622236      38185 0 1 40.0 100 
 379 1362622236      48220 0 1 40.0 100 
 379 1362622236      58231 0 1 40.0 100 
 378 1362622236      68197 0 1 40.0 100 
 378 1362622236      78195 0 1 40.0 100 
 379 1362622236      88205 0 1 40.0 100 
 379 1362622236      98261 0 1 40.0 100 
 378 1362622236     108232 0 1 40.0 100 
 378 1362622236     118223 0 1 40.0 100 
 378 1362622236     128223 0 1 40.0 100 
 379 1362622236     138285 0 1 40.0 100 
 378 1362622236     148253 0 1 40.0 100 
 379 1362622236     158263 0 1 40.0 100 
 379 1362622236     168279 0 1 40.0 100 
 378 1362622236     178278 0 1 40.0 100 
 378 1362622236     188324 0 1 40.0 100 
 378 1362622236     198294 0 1 40.0 100 
 378 1362622236     208287 0 1 40.0 100 
 378 1362622236     218293 0 1 40.0 100 
 378 1362622236     228330 0 1 40.0 100 
 379 1362622236     238326 0 1 40.0 100 
 378 1362622236     248349 0 1 40.0 100 
 379 1362622236     258315 0 1 40.0 100 
 379 1362622236     268320 0 1 40.0 100 
 379 1362622236     278382 0 1 40.0 100 
 378 1362622236     288342 0 1 40.0 100 
 378 1362622236     298398 0 1 40.0 100 
 379 1362622236     308343 0 1 40.0 100 
 378 1362622236     318352 0 1 40.0 100 
 378 1362622236     328368 0 1 40.0 100 
 378 1362622236     338374 0 1 40.0 100 
 379 1362622236     348381 0 1 40.0 100 
 378 1362622236     358407 0 1 40.0 100 
 378 1362622236     368407 0 1 40.0 100 
 379 1362622236     378451 0 1 40.0 100 
 378 1362622236     388398 0 1 40.0 100 
 379 1362622236     398443 0 1 40.0 100 
 378 1362622236     408410 0 1 40.0 100 
 379 1362622236     418420 0 1 40.0 100 
 379 1362622236     428429 0 1 40.0 100 
 378 1362622236     438478 0 1 40.0 100 
 379 1362622236     448458 0 1 40.0 100 
 378 1362622236     458486 0 1 40.0 100 
 378 1362622236     468504 0 1 40.0 100 
 379 1362622236     478493 0 1 40.0 100 
 378 1362622236     488521 0 1 40.0 100 
 379 1362622236     498489 0 1 40.0 100 
 379 1362622236     508497 0 1 40.0 100 
 378 1362622236     518515 0 1 40.0 100 
 378 1362622236     528519 0 1 40.0 100 
 378 1362622236     538503 0 1 40.0 100 
 378 1362622236     548557 0 1 40.0 100 
 379 1362622236     558519 0 1 40.0 100 
 377 1362622236     568546 0 1 40.0 100 
 378 1362622236     578522 0 1 40.0 100 
 378 1362622236     588530 0 1 40.0 100 
 378 1362622236     598583 0 1 40.0 100 
 378 1362622236     608587 0 1 40.0 100 
 379 1362622236     618602 0 1 40.0 100 
 379 1362622236     628604 0 1 40.0 100 
 378 1362622236     638602 0 1 40.0 100 
 379 1362622236     648615 0 1 40.0 100 
 378 1362622236     658627 0 1 40.0 100 
 378 1362622236     668606 0 1 40.0 100 
 378 1362622236     678634 0 1 40.0 100 
 378 1362622236     688651 0 1 40.0 100 
 378 1362622236     698622 0 1 40.0 100 
 378 1362622236     708625 0 1 40.0 100 
 378 1362622236     718654 0 1 40.0 100 
 379 1362622236     728660 0 1 40.0 100 
 378 1362622236     738666 0 1 40.0 100 
 378 1362622236     748661 0 1 40.0 100 
 378 1362622236     758674 0 1 40.0 100 
 378 1362622236     768661 0 1 40.0 100 
 378 1362622236     778710 0 1 40.0 100 
 378 1362622236     788665 0 1 40.0 100 
 379 1362622236     798701 0 1 40.0 100 
 378 1362622236     808680 0 1 40.0 100 
 378 1362622236     818726 0 1 40.0 100 
 378 1362622236     828698 0 1 40.0 100 
 379 1362622236     838735 0 1 40.0 100 
 378 1362622236     848742 0 1 40.0 100 
 378 1362622236     858742 0 1 40.0 100 
 379 1362622236     868776 0 1 40.0 100 
 378 1362622236     878723 0 1 40.0 100 
 378 1362622236     888743 0 1 40.0 100 
 379 1362622236     898751 0 1 40.0 100 
 378 1362622236     908767 0 1 40.0 100 
 379 1362622236     918796 0 1 40.0 100 
 378 1362622236     928803 0 1 40.0 100 
 378 1362622236     938784 0 1 40.0 100 
 378 1362622236     948809 0 1 40.0 100 
 378 1362622236     958805 0 1 40.0 100 
 378 1362622236     968832 0 1 40.0 100 
 379 1362622236     978791 0 1 40.0 100 
 378 1362622236     988808 0 1 40.0 100 
 378 1362622236     998848 0 1 40.0 100 
 378 1362622237       8806 0 1 40.0 100 
 379 1362622237      18868 0 1 40.0 100 
 378 1362622237      28817 0 1 40.0 100 
 379 1362622237      38830 0 1 40.0 100 
 378 1362622237      48862 0 1 40.0 100 
 378 1362622237      58893 0 1 40.0 100 
 379 1362622237      68882 0 1 40.0 100 
 378 1362622237      78870 0 1 40.0 100 
 379 1362622237      88865 0 1 40.0 100 
 378 1362622237      98901 0 1 40.0 100 
 379 1362622237     108905 0 1 40.0 100 
 379 1362622237     118906 0 1 40.0 100 
 378 1362622237     128894 0 1 40.0 100 
 379 1362622237     138949 0 1 40.0 100 
 379 1362622237     148958 0 1 40.0 100 
 378 1362622237     158939 0 1 40.0 100 
 379 1362622237     168944 0 1 40.0 100 
 378 1362622237     178972 0 1 40.0 100 
 378 1362622237     188941 0 1 40.0 100 
 379 1362622237     198993 0 1 40.0 100 
 379 1362622237     208957 0 1 40.0 100 
 378 1362622237     218983 0 1 40.0 100 
 379 1362622237     228957 0 1 40.0 100 
 379 1362622237     238991 0 1 40.0 100 
 378 1362622237     248968 0 1 40.0 100 
 379 1362622237     259015 0 1 40.0 100 
 378 1362622237     269031 0 1 40.0 100 
 378 1362622237     279022 0 1 40.0 100 
 379 1362622237     289027 0 1 40.0 100 
 378 1362622237     299038 0 1 40.0 100 
 378 1362622237     309059 0 1 40.0 100 
 379 1362622237     319060 0 1 40.0 100 
 379 1362622237     329015 0 1 40.0 100 
 379 1362622237     339051 0 1 40.0 100 
 379 1362622237     349057 0 1 40.0 100 
 378 1362622237     359039 0 1 40.0 100 
 379 1362622237     369105 0 1 40.0 100 
 378 1362622237     379087 0 1 40.0 100 
 378 1362622237     389082 0 1 40.0 100 
 378 1362622237     399091 0 1 40.0 100 
 379 1362622237     409101 0 1 40.0 100 
 378 1362622237     419103 0 1 40.0 100 
 378 1362622237     429144 0 1 40.0 100 
 378 1362622237     439122 0 1 40.0 100 
 378 1362622237     449119 0 1 40.0 100 
 378 1362622237     459149 0 1 40.0 100 
 378 1362622237     469173 0 1 40.0 100 
 378 1362622237     479117 0 1 40.0 100 
 378 1362622237     489155 0 1 40.0 100 
 379 1362622237     499148 0 1 40.0 100 
 378 1362622237     509190 0 1 40.0 100 
 378 1362622237     519153 0 1 40.0 100 
 378 1362622237     529210 0 1 40.0 100 
 379 1362622237     539220 0 1 40.0 100 
 378 1362622237     549177 0 1 40.0 100 
 378 1362622237     559201 0 1 40.0 100 
 378 1362622237     569231 0 1 40.0 100 
 379 1362622237     579242 0 1 40.0 100 
 379 1362622237     589202 0 1 40.0 100 
 378 1362622237     599223 0 1 40.0 100 
 379 1362622237     609262 0 1 40.0 100 
 378 1362622237     619216 0 1 40.0 100 
 379 1362622237     629267 0 1 40.0 100 
 379 1362622237     639255 0 1 40.0 100 
 378 1362622237     649270 0 1 40.0 100 
 378 1362622237     659261 0 1 40.0 100 
 379 1362622237     669295 0 1 40.0 100 
 378 1362622237     679306 0 1 40.0 100 
 378 1362622237     689279 0 1 40.0 100 
 378 1362622237     699273 0 1 40.0 100 
 378 1362622237     709280 0 1 40.0 100 
 378 1362622237     719296 0 1 40.0 100 
 379 1362622237     729344 0 1 40.0 100 
 379 1362622237     739292 0 1 40.0 100 
 378 1362622237     749323 0 1 40.0 100 
 379 1362622237     759335 0 1 40.0 100 
 378 1362622237     769352 0 1 40.0 100 
 378 1362622237     779373 0 1 40.0 100 
 378 1362622237     789384 0 1 40.0 100 
 379 1362622237     799380 0 1 40.0 100 
 378 1362622237     809341 0 1 40.0 100 
 379 1362622237     819378 0 1 40.0 100 
 379 1362622237     829371 0 1 40.0 100 
 377 1362622237     839398 0 1 40.0 100 
 379 1362622237     849402 0 1 40.0 100 
 378 1362622237     859422 0 1 40.0 100 
 378 1362622237     869424 0 1 40.0 100 
 378 1362622237     879398 0 1 40.0 100 
 378 1362622237     889422 0 1 40.0 100 
 379 1362622237     899444 0 1 40.0 100 
 377 1362622237     909448 0 1 40.0 100 
 378 1362622237     919458 0 1 40.0 100 
 378 1362622237     929419 0 1 40.0 100 
 378 1362622237     939444 0 1 40.0 100 
 379 1362622237     949463 0 1 40.0 100 
 378 1362622237     959443 0 1 40.0 100 
 378 1362622237     969457 0 1 40.0 100 
 378 1362622237     979448 0 1 40.0 100 
 379 1362622237     989475 0 1 40.0 100 
 378 1362622237     999458 0 1 40.0 100 
 378 1362622238       9481 0 1 40.0 100 
 378 1362622238      19497 0 1 40.0 100 
 378 1362622238      29481 0 1 40.0 100 
 378 1362622238      39500 0 1 40.0 100 
 378 1362622238      49540 0 1 40.0 100 
 378 1362622238      59553 0 1 40.0 100 
 378 1362622238      69526 0 1 40.0 100 
 379 1362622238      79512 0 1 40.0 100 
 378 1362622238      89525 0 1 40.0 100 
 378 1362622238      99578 0 1 40.0 100 
 379 1362622238     109577 0 1 40.0 100 
 379 1362622238     119576 0 1 40.0 100 
 378 1362622238     129571 0 1 40.0 100 
 379 1362622238     139588 0 1 40.0 100 
 378 1362622238     149615 0 1 40.0 100 
 378 1362622238     159607 0 1 40.0 100 
 380 1362622238     169611 0 1 40.0 100 
 378 1362622238     179635 0 1 40.0 100 
 378 1362622238     189647 0 1 40.0 100 
 378 1362622238     199646 0 1 40.0 100 
 378 1362622238     209624 0 1 40.0 100 
 379 1362622238     219628 0 1 40.0 100 
 377 1362622238     229675 0 1 40.0 100 
 379 1362622238     239647 0 1 40.0 100 
 378 1362622238     249681 0 1 40.0 100 
 377 1362622238     259684 0 1 40.0 100 
 378 1362622238     269656 0 1 40.0 100 
 378 1362622238     279660 0 1 40.0 100 
 379 1362622238     289678 0 1 40.0 100 
 377 1362622238     299692 0 1 40.0 100 
 378 1362622238     309720 0 1 40.0 100 
 378 1362622238     319678 0 1 40.0 100 
 378 1362622238     329692 0 1 40.0 100 
 379 1362622238     339686 0 1 40.0 100 
 378 1362622238     349717 0 1 40.0 100 
 379 1362622238     359725 0 1 40.0 100 
 379 1362622238     369724 0 1 40.0 100 
 378 1362622238     379757 0 1 40.0 100 
 378 1362622238     389745 0 1 40.0 100 
 378 1362622238     399744 0 1 40.0 100 
 378 1362622238     409789 0 1 40.0 100 
 379 1362622238     419781 0 1 40.0 100 
 378 1362622238     429785 0 1 40.0 100 
 378 1362622238     439786 0 1 40.0 100 
 378 1362622238     449809 0 1 40.0 100 
 379 1362622238     459827 0 1 40.0 100 
 378 1362622238     469800 0 1 40.0 100 
 378 1362622238     479779 0 1 40.0 100 
 379 1362622238     489808 0 1 40.0 100 
 377 1362622238     499801 0 1 40.0 100 
 378 1362622238     509851 0 1 40.0 100 
 379 1362622238     519846 0 1 40.0 100 
 378 1362622238     529835 0 1 40.0 100 
 378 1362622238     539868 0 1 40.0 100 
 379 1362622238     549839 0 1 40.0 100 
 379 1362622238     559859 0 1 40.0 100 
 378 1362622238     569894 0 1 40.0 100 
 379 1362622238     579864 0 1 40.0 100 
 378 1362622238     589858 0 1 40.0 100 
 378 1362622238     599894 0 1 40.0 100 
 378 1362622238     609916 0 1 40.0 100 
 378 1362622238     619906 0 1 40.0 100 
 379 1362622238     629880 0 1 40.0 100 
 379 1362622238     639888 0 1 40.0 100 
 378 1362622238     649949 0 1 40.0 100 
 378 1362622238     659924 0 1 40.0 100 
 378 1362622238     669941 0 1 40.0 100 
 379 1362622238     679969 0 1 40.0 100 
 378 1362622238     689979 0 1 40.0 100 
 379 1362622238     699972 0 1 40.0 100 
 379 1362622238     709980 0 1 40.0 100 
 378 1362622238     719983 0 1 40.0 100 
 379 1362622238     729985 0 1 40.0 100 
 378 1362622238     740009 0 1 40.0 100 
 379 1362622238     749989 0 1 40.0 100 
 379 1362622238     759979 0 1 40.0 100 
 378 1362622238     770024 0 1 40.0 100 
 378 1362622238     780029 0 1 40.0 100 
 379 1362622238     790012 0 1 40.0 100 
 378 1362622238     800020 0 1 40.0 100 
 379 1362622238     810016 0 1 40.0 100 
 378 1362622238     820059 0 1 40.0 100 
 378 1362622238     830060 0 1 40.0 100 
 378 1362622238     840048 0 1 40.0 100 
 379 1362622238     850066 0 1 40.0 100 
 378 1362622238     860089 0 1 40.0 100 
 378 1362622238     870055 0 1 40.0 100 
 379 1362622238     880076 0 1 40.0 100 
 378 1362622238     890075 0 1 40.0 100 
 378 1362622238     900070 0 1 40.0 100 
 378 1362622238     910099 0 1 40.0 100 
 378 1362622238     920105 0 1 40.0 100 
 378 1362622238     930076 0 1 40.0 100 
 378 1362622238     940135 0 1 40.0 100 
 379 1362622238     950135 0 1 40.0 100 
 378 1362622238     960150 0 1 40.0 100 
 379 1362622238     970111 0 1 40.0 100 
 378 1362622238     980137 0 1 40.0 100 
 378 1362622238     990149 0 1 40.0 100 
 379 1362622239        164 0 1 40.0 100 
 378 1362622239      10128 0 1 40.0 100 
 379 1362622239      20174 0 1 40.0 100 
 378 1362622239      30169 0 1 40.0 100 
 379 1362622239      40152 0 1 40.0 100 
 378 1362622239      50212 0 1 40.0 100 
 378 1362622239      60210 0 1 40.0 100 
 379 1362622239      70172 0 1 40.0 100 
 379 1362622239      80173 0 1 40.0 100 
 378 1362622239      90192 0 1 40.0 100 
 379 1362622239     100246 0 1 40.0 100 
 378 1362622239     110199 0 1 40.0 100 
 378 1362622239     120259 0 1 40.0 100 
 378 1362622239     130243 0 1 40.0 100 
 378 1362622239     140218 0 1 40.0 100 
 379 1362622239     150268 0 1 40.0 100 
 379 1362622239     160252 0 1 40.0 100 
 379 1362622239     170245 0 1 40.0 100 
 378 1362622239     180272 0 1 40.0 100 
 379 1362622239     190257 0 1 40.0 100 
 379 1362622239     200311 0 1 40.0 100 
 378 1362622239     210318 0 1 40.0 100 
 379 1362622239     220302 0 1 40.0 100 
 378 1362622239     230312 0 1 40.0 100 
 378 1362622239     240288 0 1 40.0 100 
 379 1362622239     250346 0 1 40.0 100 
 378 1362622239     260343 0 1 40.0 100 
 379 1362622239     270350 0 1 40.0 100 
 378 1362622239     280362 0 1 40.0 100 
 378 1362622239     290369 0 1 40.0 100 
 378 1362622239     300375 0 1 40.0 100 
 379 1362622239     310358 0 1 40.0 100 
 378 1362622239     320366 0 1 40.0 100 
 378 1362622239     330340 0 1 40.0 100 
 379 1362622239     340367 0 1 40.0 100 
 378 1362622239     350406 0 1 40.0 100 
 378 1362622239     360361 0 1 40.0 100 
 378 1362622239     370395 0 1 40.0 100 
 378 1362622239     380390 0 1 40.0 100 
 378 1362622239     390380 0 1 40.0 100 
 379 1362622239     400402 0 1 40.0 100 
 378 1362622239     410425 0 1 40.0 100 
 378 1362622239     420460 0 1 40.0 100 
 379 1362622239     430459 0 1 40.0 100 
 378 1362622239     440463 0 1 40.0 100 
 378 1362622239     450445 0 1 40.0 100 
 379 1362622239     460467 0 1 40.0 100 
 378 1362622239     470447 0 1 40.0 100 
 378 1362622239     480482 0 1 40.0 100 
 379 1362622239     490480 0 1 40.0 100 
 377 1362622239     500498 0 1 40.0 100 
 378 1362622239     510478 0 1 40.0 100 
 379 1362622239     520468 0 1 40.0 100 
 378 1362622239     530478 0 1 40.0 100 
 379 1362622239     540536 0 1 40.0 100 
 378 1362622239     550525 0 1 40.0 100 
 379 1362622239     560493 0 1 40.0 100 
 378 1362622239     570509 0 1 40.0 100 
 379 1362622239     580537 0 1 40.0 100 
 378 1362622239     590557 0 1 40.0 100 
 377 1362622239     600538 0 1 40.0 100 
 379 1362622239     610527 0 1 40.0 100 
 378 1362622239     620540 0 1 40.0 100 
 379 1362622239     630567 0 1 40.0 100 
 378 1362622239     640581 0 1 40.0 100 
 378 1362622239     650569 0 1 40.0 100 
 379 1362622239     660624 0 1 40.0 100 
 379 1362622239     670596 0 1 40.0 100 
 378 1362622239     680577 0 1 40.0 100 
 378 1362622239     690625 0 1 40.0 100 
 379 1362622239     700648 0 1 40.0 100 
 379 1362622239     710651 0 1 40.0 100 
 378 1362622239     720615 0 1 40.0 100 
 378 1362622239     730651 0 1 40.0 100 
 378 1362622239     740623 0 1 40.0 100 
 378 1362622239     750650 0 1 40.0 100 
 379 1362622239     760681 0 1 40.0 100 
 378 1362622239     770676 0 1 40.0 100 
 379 1362622239     780701 0 1 40.0 100 
 379 1362622239     790704 0 1 40.0 100 
 377 1362622239     800687 0 1 40.0 100 
 379 1362622239     810661 0 1 40.0 100 
 379 1362622239     820678 0 1 40.0 100 
 379 1362622239     830688 0 1 40.0 100 
 378 1362622239     840703 0 1 40.0 100 
 378 1362622239     850697 0 1 40.0 100 
 379 1362622239     860737 0 1 40.0 100 
 378 1362622239     870749 0 1 40.0 100 
 379 1362622239     880706 0 1 40.0 100 
 378 1362622239     890722 0 1 40.0 100 
 378 1362622239     900764 0 1 40.0 100 
 379 1362622239     910783 0 1 40.0 100 
 378 1362622239     920736 0 1 40.0 100 
 380 1362622239     930798 0 1 40.0 100 
 378 1362622239     940748 0 1 40.0 100 
 379 1362622239     950780 0 1 40.0 100 
 378 1362622239     960780 0 1 40.0 100 
 378 1362622239     970814 0 1 40.0 100 
 379 1362622239     980808 0 1 40.0 100 
 378 1362622239     990825 0 1 40.0 100 
 379 1362622240        837 0 1 40.0 100 
 378 1362622240      10836 0 1 40.0 100 
 378 1362622240      20858 0 1 40.0 100 
 379 1362622240      30858 0 1 40.0 100 
 378 1362622240      40827 0 1 40.0 100 
 379 1362622240      50851 0 1 40.0 100 
 378 1362622240      60855 0 1 40.0 100 
 378 1362622240      70889 0 1 40.0 100 
 378 1362622240      80840 0 1 40.0 100 
 379 1362622240      90866 0 1 40.0 100 
 379 1362622240     100874 0 1 40.0 100 
 378 1362622240     110900 0 1 40.0 100 
 378 1362622240     120885 0 1 40.0 100 
 379 1362622240     130923 0 1 40.0 100 
 378 1362622240     140875 0 1 40.0 100 
 378 1362622240     150916 0 1 40.0 100 
 378 1362622240     160897 0 1 40.0 100 
 378 1362622240     170959 0 1 40.0 100 
 379 1362622240     180907 0 1 40.0 100 
 378 1362622240     190959 0 1 40.0 100 
 379 1362622240     200951 0 1 40.0 100 
 377 1362622240     210973 0 1 40.0 100 
 379 1362622240     220985 0 1 40.0 100 
 378 1362622240     230954 0 1 40.0 100 
 378 1362622240     240972 0 1 40.0 100 
 378 1362622240     250949 0 1 40.0 100 
 378 1362622240     261018 0 1 40.0 100 
 379 1362622240     271004 0 1 40.0 100 
 378 1362622240     281016 0 1 40.0 100 
 379 1362622240     290989 0 1 40.0 100 
 378 1362622240     300983 0 1 40.0 100 
 379 1362622240     310988 0 1 40.0 100 
 378 1362622240     321002 0 1 40.0 100 
 378 1362622240     331021 0 1 40.0 100 
 379 1362622240     341024 0 1 40.0 100 
 378 1362622240     351075 0 1 40.0 100 
 378 1362622240     361077 0 1 40.0 100 
 378 1362622240     371048 0 1 40.0 100 
 378 1362622240     381062 0 1 40.0 100 
 379 1362622240     391055 0 1 40.0 100 
 379 1362622240     401084 0 1 40.0 100 
 378 1362622240     411076 0 1 40.0 100 
 379 1362622240     421103 0 1 40.0 100 
 378 1362622240     431078 0 1 40.0 100 
 378 1362622240     441083 0 1 40.0 100 
 379 1362622240     451130 0 1 40.0 100 
 378 1362622240     461142 0 1 40.0 100 
 378 1362622240     471149 0 1 40.0 100 
 379 1362622240     481133 0 1 40.0 100 
 378 1362622240     491156 0 1 40.0 100 
 378 1362622240     501124 0 1 40.0 100 
 379 1362622240     511177 0 1 40.0 100 
 378 1362622240     521165 0 1 40.0 100 
 378 1362622240     531155 0 1 40.0 100 
 379 1362622240     541149 0 1 40.0 100 
 378 1362622240     551183 0 1 40.0 100 
 378 1362622240     561180 0 1 40.0 100 
 379 1362622240     571161 0 1 40.0 100 
 378 1362622240     581196 0 1 40.0 100 
 378 1362622240     591174 0 1 40.0 100 
 378 1362622240     601195 0 1 40.0 100 
 378 1362622240     611231 0 1 40.0 100 
 378 1362622240     621254 0 1 40.0 100 
 378 1362622240     631259 0 1 40.0 100 
 379 1362622240     641213 0 1 40.0 100 
 377 1362622240     651254 0 1 40.0 100 
 379 1362622240     661226 0 1 40.0 100 
 378 1362622240     671262 0 1 40.0 100 
 379 1362622240     681290 0 1 40.0 100 
 379 1362622240     691275 0 1 40.0 100 
 378 1362622240     701289 0 1 40.0 100 
 379 1362622240     711283 0 1 40.0 100 
 378 1362622240     721274 0 1 40.0 100 
 378 1362622240     731270 0 1 40.0 100 
 378 1362622240     741326 0 1 40.0 100 
 378 1362622240     751337 0 1 40.0 100 
 378 1362622240     761318 0 1 40.0 100 
 379 1362622240     771347 0 1 40.0 100 
 378 1362622240     781353 0 1 40.0 100 
 378 1362622240     791367 0 1 40.0 100 
 379 1362622240     801349 0 1 40.0 100 
 379 1362622240     811357 0 1 40.0 100 
 378 1362622240     821380 0 1 40.0 100 
 379 1362622240     831341 0 1 40.0 100 
 378 1362622240     841403 0 1 40.0 100 
 378 1362622240     851351 0 1 40.0 100 
 379 1362622240     861390 0 1 40.0 100 
 378 1362622240     871387 0 1 40.0 100 
 379 1362622240     881383 0 1 40.0 100 
 379 1362622240     891397 0 1 40.0 100 
 378 1362622240     901430 0 1 40.0 100 
 379 1362622240     911424 0 1 40.0 100 
 378 1362622240     921401 0 1 40.0 100 
 378 1362622240     931405 0 1 40.0 100 
 378 1362622240     941407 0 1 40.0 100 
 379 1362622240     951428 0 1 40.0 100 
 378 1362622240     961427 0 1 40.0 100 
 379 1362622240     971459 0 1 40.0 100 
 379 1362622240     981461 0 1 40.0 100 
 378 1362622240     991473 0 1 40.0 100 
 378 1362622241       1489 0 1 40.0 100 
 378 1362622241      11494 0 1 40.0 100 
 378 1362622241      21457 0 1 40.0 100 
 379 1362622241      31509 0 1 40.0 100 
 377 1362622241      41472 0 1 40.0 100 
 378 1362622241      51518 0 1 40.0 100 
 378 1362622241      61529 0 1 40.0 100 
 377 1362622241      71531 0 1 40.0 100 
 379 1362622241      81518 0 1 40.0 100 
 378 1362622241      91518 0 1 40.0 100 
 378 1362622241     101539 0 1 40.0 100 
 379 1362622241     111568 0 1 40.0 100 
 378 1362622241     121552 0 1 40.0 100 
 378 1362622241     131534 0 1 40.0 100 
 379 1362622241     141554 0 1 40.0 100 
 378 1362622241     151547 0 1 40.0 100 
 379 1362622241     161556 0 1 40.0 100 
 378 1362622241     171617 0 1 40.0 100 
 378 1362622241     181591 0 1 40.0 100 
 379 1362622241     191569 0 1 40.0 100 
 379 1362622241     201623 0 1 40.0 100 
 378 1362622241     211596 0 1 40.0 100 
 378 1362622241     221631 0 1 40.0 100 
 378 1362622241     231616 0 1 40.0 100 
 378 1362622241     241652 0 1 40.0 100 
 379 1362622241     251625 0 1 40.0 100 
 377 1362622241     261656 0 1 40.0 100 
 378 1362622241     271653 0 1 40.0 100 
 379 1362622241     281665 0 1 40.0 100 
 378 1362622241     291672 0 1 40.0 100 
 379 1362622241     301701 0 1 40.0 100 
 378 1362622241     311681 0 1 40.0 100 
 379 1362622241     321706 0 1 40.0 100 
 379 1362622241     331686 0 1 40.0 100 
 378 1362622241     341708 0 1 40.0 100 
 378 1362622241     351694 0 1 40.0 100 
 378 1362622241     361701 0 1 40.0 100 
 379 1362622241     371712 0 1 40.0 100 
 379 1362622241     381709 0 1 40.0 100 
 378 1362622241     391708 0 1 40.0 100 
 378 1362622241     401722 0 1 40.0 100 
 378 1362622241     411755 0 1 40.0 100 
 379 1362622241     421782 0 1 40.0 100 
 378 1362622241     431773 0 1 40.0 100 
 379 1362622241     441768 0 1 40.0 100 
 379 1362622241     451784 0 1 40.0 100 
 378 1362622241     461782 0 1 40.0 100 
 379 1362622241     471781 0 1 40.0 100 
 378 1362622241     481797 0 1 40.0 100 
 378 1362622241     491805 0 1 40.0 100 
 379 1362622241     501776 0 1 40.0 100 
 378 1362622241     511816 0 1 40.0 100 
 379 1362622241     521819 0 1 40.0 100 
 378 1362622241     531847 0 1 40.0 100 
 378 1362622241     541805 0 1 40.0 100 
 379 1362622241     551836 0 1 40.0 100 
 378 1362622241     561858 0 1 40.0 100 
 378 1362622241     571872 0 1 40.0 100 
 378 1362622241     581842 0 1 40.0 100 
 379 1362622241     591872 0 1 40.0 100 
 377 1362622241     601852 0 1 40.0 100 
 378 1362622241     611904 0 1 40.0 100 
 379 1362622241     621867 0 1 40.0 100 
 378 1362622241     631891 0 1 40.0 100 
 379 1362622241     641886 0 1 40.0 100 
 378 1362622241     651910 0 1 40.0 100 
 378 1362622241     661935 0 1 40.0 100 
 379 1362622241     671891 0 1 40.0 100 
 378 1362622241     681930 0 1 40.0 100 
 378 1362622241     691921 0 1 40.0 100 
 379 1362622241     701941 0 1 40.0 100 
 378 1362622241     711953 0 1 40.0 100 
 378 1362622241     721955 0 1 40.0 100 
 378 1362622241     731941 0 1 40.0 100 
 378 1362622241     741960 0 1 40.0 100 
 378 1362622241     751982 0 1 40.0 100 
 378 1362622241     761954 0 1 40.0 100 
 378 1362622241     772009 0 1 40.0 100 
 378 1362622241     782004 0 1 40.0 100 
 379 1362622241     792005 0 1 40.0 100 
 378 1362622241     802020 0 1 40.0 100 
 379 1362622241     811999 0 1 40.0 100 
 378 1362622241     822014 0 1 40.0 100 
 379 1362622241     832019 0 1 40.0 100 
 378 1362622241     842033 0 1 40.0 100 
 379 1362622241     852057 0 1 40.0 100 
 379 1362622241     862072 0 1 40.0 100 
 379 1362622241     872074 0 1 40.0 100 
 378 1362622241     882086 0 1 40.0 100 
 379 1362622241     892060 0 1 40.0 100 
 378 1362622241     902099 0 1 40.0 100 
 378 1362622241     912058 0 1 40.0 100 
 378 1362622241     922096 0 1 40.0 100 
 379 1362622241     932106 0 1 40.0 100 
 379 1362622241     942084 0 1 40.0 100 
 378 1362622241     952082 0 1 40.0 100 
 378 1362622241     962141 0 1 40.0 100 
 378 1362622241     972107 0 1 40.0 100 
 379 1362622241     982102 0 1 40.0 100 
 378 1362622241     992104 0 1 40.0 100 
 379 1362622242       2145 0 1 40.0 100 
 378 1362622242      12165 0 1 40.0 100 
 378 1362622242      22174 0 1 40.0 100 
 379 1362622242      32146 0 1 40.0 100 
 378 1362622242      42166 0 1 40.0 100 
 378 1362622242      52174 0 1 40.0 100 
 379 1362622242      62206 0 1 40.0 100 
 378 1362622242      72172 0 1 40.0 100 
 378 1362622242      82171 0 1 40.0 100 
 379 1362622242      92166 0 1 40.0 100 
 378 1362622242     102205 0 1 40.0 100 
 378 1362622242     112238 0 1 40.0 100 
 378 1362622242     122250 0 1 40.0 100 
 378 1362622242     132226 0 1 40.0 100 
 378 1362622242     142238 0 1 40.0 100 
 379 1362622242     152211 0 1 40.0 100 
 378 1362622242     162277 0 1 40.0 100 
 379 1362622242     172252 0 1 40.0 100 
 379 1362622242     182281 0 1 40.0 100 
 378 1362622242     192260 0 1 40.0 100 
 379 1362622242     202269 0 1 40.0 100 
 379 1362622242     212248 0 1 40.0 100 
 378 1362622242     222301 0 1 40.0 100 
 379 1362622242     232272 0 1 40.0 100 
 378 1362622242     242314 0 1 40.0 100 
 378 1362622242     252298 0 1 40.0 100 
 379 1362622242     262318 0 1 40.0 100 
 378 1362622242     272288 0 1 40.0 100 
 378 1362622242     282310 0 1 40.0 100 
 378 1362622242     292313 0 1 40.0 100 
 378 1362622242     302318 0 1 40.0 100 
 378 1362622242     312312 0 1 40.0 100 
 378 1362622242     322362 0 1 40.0 100 
 378 1362622242     332367 0 1 40.0 100 
 378 1362622242     342359 0 1 40.0 100 
 379 1362622242     352363 0 1 40.0 100 
 378 1362622242     362348 0 1 40.0 100 
 379 1362622242     372363 0 1 40.0 100 
 378 1362622242     382367 0 1 40.0 100 
 379 1362622242     392415 0 1 40.0 100 
 379 1362622242     402419 0 1 40.0 100 
 378 1362622242     412435 0 1 40.0 100 
 379 1362622242     422403 0 1 40.0 100 
 378 1362622242     432454 0 1 40.0 100 
 379 1362622242     442408 0 1 40.0 100 
 379 1362622242     452452 0 1 40.0 100 
 378 1362622242     462463 0 1 40.0 100 
 379 1362622242     472441 0 1 40.0 100 
 378 1362622242     482457 0 1 40.0 100 
 378 1362622242     492455 0 1 40.0 100 
 378 1362622242     502497 0 1 40.0 100 
 378 1362622242     512494 0 1 40.0 100 
 378 1362622242     522453 0 1 40.0 100 
 378 1362622242     532496 0 1 40.0 100 
 378 1362622242     542515 0 1 40.0 100 
 378 1362622242     552531 0 1 40.0 100 
 379 1362622242     562496 0 1 40.0 100 
 378 1362622242     572512 0 1 40.0 100 
 378 1362622242     582516 0 1 40.0 100 
 378 1362622242     592504 0 1 40.0 100 
 378 1362622242     602541 0 1 40.0 100 
 378 1362622242     612560 0 1 40.0 100 
 379 1362622242     622524 0 1 40.0 100 
 378 1362622242     632534 0 1 40.0 100 
 378 1362622242     642559 0 1 40.0 100 
 377 1362622242     652541 0 1 40.0 100 
 379 1362622242     662565 0 1 40.0 100 
 379 1362622242     672556 0 1 40.0 100 
 378 1362622242     682556 0 1 40.0 100 
 378 1362622242     692586 0 1 40.0 100 
 378 1362622242     702586 0 1 40.0 100 
 379 1362622242     712627 0 1 40.0 100 
 379 1362622242     722596 0 1 40.0 100 
 378 1362622242     732600 0 1 40.0 100 
 379 1362622242     742633 0 1 40.0 100 
 378 1362622242     752621 0 1 40.0 100 
 379 1362622242     762613 0 1 40.0 100 
 378 1362622242     772676 0 1 40.0 100 
 378 1362622242     782674 0 1 40.0 100 
 378 1362622242     792682 0 1 40.0 100 
 379 1362622242     802688 0 1 40.0 100 
 379 1362622242     812678 0 1 40.0 100 
 378 1362622242     822668 0 1 40.0 100 
 379 1362622242     832655 0 1 40.0 100 
 378 1362622242     842686 0 1 40.0 100 
 379 1362622242     852721 0 1 40.0 100 
 379 1362622242     862703 0 1 40.0 100 
 378 1362622242     872737 0 1 40.0 100 
 379 1362622242     882726 0 1 40.0 100 
 379 1362622242     892726 0 1 40.0 100 
 378 1362622242     902734 0 1 40.0 100 
 379 1362622242     912723 0 1 40.0 100 
 377 1362622242     922757 0 1 40.0 100 
 378 1362622242     932776 0 1 40.0 100 
 379 1362622242     942788 0 1 40.0 100 
 378 1362622242     952745 0 1 40.0 100 
 378 1362622242     962774 0 1 40.0 100 
 378 1362622242     972777 0 1 40.0 100 
 379 1362622242     982763 0 1 40.0 100 
 378 1362622242     992787 0 1 40.0 100 
 379 1362622243       2780 0 1 40.0 100 
 379 1362622243      12791 0 1 40.0 100 
 378 1362622243      22781 0 1 40.0 100 
 379 1362622243      32816 0 1 40.0 100 
 378 1362622243      42815 0 1 40.0 100 
 378 1362622243      52816 0 1 40.0 100 
 379 1362622243      62821 0 1 40.0 100 
 378 1362622243      72824 0 1 40.0 100 
 378 1362622243      82822 0 1 40.0 100 
 379 1362622243      92845 0 1 40.0 100 
 378 1362622243     102863 0 1 40.0 100 
 379 1362622243     112881 0 1 40.0 100 
 378 1362622243     122864 0 1 40.0 100 
 379 1362622243     132894 0 1 40.0 100 
 377 1362622243     142883 0 1 40.0 100 
 378 1362622243     152906 0 1 40.0 100 
 378 1362622243     162903 0 1 40.0 100 
 378 1362622243     172895 0 1 40.0 100 
 379 1362622243     182942 0 1 40.0 100 
 378 1362622243     192891 0 1 40.0 100 
 379 1362622243     202952 0 1 40.0 100 
 378 1362622243     212925 0 1 40.0 100 
 379 1362622243     222923 0 1 40.0 100 
 379 1362622243     232970 0 1 40.0 100 
 379 1362622243     242956 0 1 40.0 100 
 378 1362622243     252963 0 1 40.0 100 
 378 1362622243     262980 0 1 40.0 100 
 378 1362622243     272961 0 1 40.0 100 
 378 1362622243     282981 0 1 40.0 100 
 378 1362622243     292978 0 1 40.0 100 
 378 1362622243     303023 0 1 40.0 100 
 378 1362622243     313006 0 1 40.0 100 
 379 1362622243     322979 0 1 40.0 100 
 379 1362622243     333010 0 1 40.0 100 
 378 1362622243     343002 0 1 40.0 100 
 377 1362622243     353007 0 1 40.0 100 
 378 1362622243     363065 0 1 40.0 100 
 379 1362622243     373059 0 1 40.0 100 
 378 1362622243     383076 0 1 40.0 100 
 378 1362622243     393065 0 1 40.0 100 
 379 1362622243     403044 0 1 40.0 100 
 378 1362622243     413056 0 1 40.0 100 
 378 1362622243     423074 0 1 40.0 100 
 378 1362622243     433102 0 1 40.0 100 
 378 1362622243     443101 0 1 40.0 100 
 379 1362622243     453078 0 1 40.0 100 
 379 1362622243     463095 0 1 40.0 100 
 378 1362622243     473123 0 1 40.0 100 
 377 1362622243     483098 0 1 40.0 100 
 379 1362622243     493116 0 1 40.0 100 
 379 1362622243     503140 0 1 40.0 100 
 378 1362622243     513111 0 1 40.0 100 
 379 1362622243     523128 0 1 40.0 100 
 378 1362622243     533158 0 1 40.0 100 
 378 1362622243     543132 0 1 40.0 100 
 378 1362622243     553136 0 1 40.0 100 
 378 1362622243     563194 0 1 40.0 100 
 378 1362622243     573161 0 1 40.0 100 
 377 1362622243     583208 0 1 40.0 100 
 379 1362622243     593175 0 1 40.0 100 
 377 1362622243     603227 0 1 40.0 100 
 379 1362622243     613183 0 1 40.0 100 
 378 1362622243     623186 0 1 40.0 100 
 379 1362622243     633214 0 1 40.0 100 
 379 1362622243     643252 0 1 40.0 100 
 378 1362622243     653252 0 1 40.0 100 
 379 1362622243     663249 0 1 40.0 100 
