 279 1362629626     405049 2 9 40.0 100.0 
 279 1362629626     415129 2 9 40.0 100.0 
 278 1362629626     425172 2 9 40.0 100.0 
 279 1362629626     435212 2 9 40.0 100.0 
 279 1362629626     445122 2 9 40.0 100.0 
 278 1362629626     455089 2 9 40.0 100.0 
 279 1362629626     465186 2 9 40.0 100.0 
 279 1362629626     475100 2 9 40.0 100.0 
 279 1362629626     485175 2 9 40.0 100.0 
 278 1362629626     495156 2 9 40.0 100.0 
 279 1362629626     505183 2 9 40.0 100.0 
 279 1362629626     515117 2 9 40.0 100.0 
 279 1362629626     525246 2 9 40.0 100.0 
 278 1362629626     535157 2 9 40.0 100.0 
 278 1362629626     545246 2 9 40.0 100.0 
 280 1362629626     555244 2 9 40.0 100.0 
 278 1362629626     565140 2 9 40.0 100.0 
 278 1362629626     575240 2 9 40.0 100.0 
 279 1362629626     585208 2 9 40.0 100.0 
 279 1362629626     595174 2 9 40.0 100.0 
 279 1362629626     605183 2 9 40.0 100.0 
 279 1362629626     615155 2 9 40.0 100.0 
 279 1362629626     625205 2 9 40.0 100.0 
 279 1362629626     635184 2 9 40.0 100.0 
 279 1362629626     645220 2 9 40.0 100.0 
 278 1362629626     655183 2 9 40.0 100.0 
 278 1362629626     665223 2 9 40.0 100.0 
 279 1362629626     675216 2 9 40.0 100.0 
 278 1362629626     685236 2 9 40.0 100.0 
 278 1362629626     695264 2 9 40.0 100.0 
 279 1362629626     705220 2 9 40.0 100.0 
 280 1362629626     715241 2 9 40.0 100.0 
 279 1362629626     725245 2 9 40.0 100.0 
 278 1362629626     735268 2 9 40.0 100.0 
 279 1362629626     745235 2 9 40.0 100.0 
 279 1362629626     755267 2 9 40.0 100.0 
 279 1362629626     765301 2 9 40.0 100.0 
 279 1362629626     775312 2 9 40.0 100.0 
 278 1362629626     785316 2 9 40.0 100.0 
 279 1362629626     795287 2 9 40.0 100.0 
 279 1362629626     805337 2 9 40.0 100.0 
 279 1362629626     815342 2 9 40.0 100.0 
 278 1362629626     825299 2 9 40.0 100.0 
 278 1362629626     835338 2 9 40.0 100.0 
 279 1362629626     845358 2 9 40.0 100.0 
 279 1362629626     855341 2 9 40.0 100.0 
 279 1362629626     865350 2 9 40.0 100.0 
 279 1362629626     875328 2 9 40.0 100.0 
 279 1362629626     885347 2 9 40.0 100.0 
 278 1362629626     895365 2 9 40.0 100.0 
 278 1362629626     905388 2 9 40.0 100.0 
 279 1362629626     915342 2 9 40.0 100.0 
 279 1362629626     925360 2 9 40.0 100.0 
 279 1362629626     935383 2 9 40.0 100.0 
 278 1362629626     945415 2 9 40.0 100.0 
 279 1362629626     955366 2 9 40.0 100.0 
 279 1362629626     965385 2 9 40.0 100.0 
 279 1362629626     975418 2 9 40.0 100.0 
 278 1362629626     985435 2 9 40.0 100.0 
 278 1362629626     995441 2 9 40.0 100.0 
 279 1362629627       5403 2 9 40.0 100.0 
 279 1362629627      15453 2 9 40.0 100.0 
 278 1362629627      25430 2 9 40.0 100.0 
 279 1362629627      35462 2 9 40.0 100.0 
 279 1362629627      45430 2 9 40.0 100.0 
 279 1362629627      55469 2 9 40.0 100.0 
 279 1362629627      65440 2 9 40.0 100.0 
 279 1362629627      75481 2 9 40.0 100.0 
 279 1362629627      85455 2 9 40.0 100.0 
 279 1362629627      95496 2 9 40.0 100.0 
 278 1362629627     105510 2 9 40.0 100.0 
 278 1362629627     115506 2 9 40.0 100.0 
 279 1362629627     125515 2 9 40.0 100.0 
 279 1362629627     135508 2 9 40.0 100.0 
 279 1362629627     145513 2 9 40.0 100.0 
 279 1362629627     155567 2 9 40.0 100.0 
 280 1362629627     165548 2 9 40.0 100.0 
 279 1362629627     175546 2 9 40.0 100.0 
 279 1362629627     185547 2 9 40.0 100.0 
 279 1362629627     195556 2 9 40.0 100.0 
 278 1362629627     205584 2 9 40.0 100.0 
 279 1362629627     215608 2 9 40.0 100.0 
 279 1362629627     225594 2 9 40.0 100.0 
 279 1362629627     235622 2 9 40.0 100.0 
 279 1362629627     245591 2 9 40.0 100.0 
 279 1362629627     255625 2 9 40.0 100.0 
 278 1362629627     265632 2 9 40.0 100.0 
 279 1362629627     275591 2 9 40.0 100.0 
 279 1362629627     285633 2 9 40.0 100.0 
 279 1362629627     295591 2 9 40.0 100.0 
 278 1362629627     305640 2 9 40.0 100.0 
 278 1362629627     315647 2 9 40.0 100.0 
 279 1362629627     325615 2 9 40.0 100.0 
 279 1362629627     335640 2 9 40.0 100.0 
 279 1362629627     345670 2 9 40.0 100.0 
 279 1362629627     355635 2 9 40.0 100.0 
 279 1362629627     365662 2 9 40.0 100.0 
 279 1362629627     375678 2 9 40.0 100.0 
 278 1362629627     385706 2 9 40.0 100.0 
 279 1362629627     395690 2 9 40.0 100.0 
