 426 1362625120     244045 1 9 40.0 100.0 
 426 1362625120     254093 1 9 40.0 100.0 
 426 1362625120     264010 1 9 40.0 100.0 
 425 1362625120     274053 1 9 40.0 100.0 
 426 1362625120     284029 1 9 40.0 100.0 
 426 1362625120     294054 1 9 40.0 100.0 
 425 1362625120     304095 1 9 40.0 100.0 
 426 1362625120     314053 1 9 40.0 100.0 
 426 1362625120     324101 1 9 40.0 100.0 
 426 1362625120     334064 1 9 40.0 100.0 
 426 1362625120     344094 1 9 40.0 100.0 
 426 1362625120     354121 1 9 40.0 100.0 
 426 1362625120     364108 1 9 40.0 100.0 
 426 1362625120     374149 1 9 40.0 100.0 
 426 1362625120     384114 1 9 40.0 100.0 
 426 1362625120     394149 1 9 40.0 100.0 
 426 1362625120     404130 1 9 40.0 100.0 
 426 1362625120     414160 1 9 40.0 100.0 
 426 1362625120     424145 1 9 40.0 100.0 
 426 1362625120     434174 1 9 40.0 100.0 
 426 1362625120     444133 1 9 40.0 100.0 
 426 1362625120     454173 1 9 40.0 100.0 
 426 1362625120     464201 1 9 40.0 100.0 
 426 1362625120     474172 1 9 40.0 100.0 
 426 1362625120     484191 1 9 40.0 100.0 
 426 1362625120     494220 1 9 40.0 100.0 
 426 1362625120     504235 1 9 40.0 100.0 
 425 1362625120     514197 1 9 40.0 100.0 
 426 1362625120     524236 1 9 40.0 100.0 
 426 1362625120     534196 1 9 40.0 100.0 
 425 1362625120     544217 1 9 40.0 100.0 
 426 1362625120     554245 1 9 40.0 100.0 
 426 1362625120     564216 1 9 40.0 100.0 
 426 1362625120     574244 1 9 40.0 100.0 
 426 1362625120     584271 1 9 40.0 100.0 
 426 1362625120     594295 1 9 40.0 100.0 
 426 1362625120     604274 1 9 40.0 100.0 
 426 1362625120     614240 1 9 40.0 100.0 
 425 1362625120     624284 1 9 40.0 100.0 
 427 1362625120     634259 1 9 40.0 100.0 
 426 1362625120     644287 1 9 40.0 100.0 
 426 1362625120     654332 1 9 40.0 100.0 
 426 1362625120     664284 1 9 40.0 100.0 
 426 1362625120     674332 1 9 40.0 100.0 
 426 1362625120     684301 1 9 40.0 100.0 
 426 1362625120     694308 1 9 40.0 100.0 
 426 1362625120     704335 1 9 40.0 100.0 
 427 1362625120     714345 1 9 40.0 100.0 
 426 1362625120     724374 1 9 40.0 100.0 
 425 1362625120     734320 1 9 40.0 100.0 
 426 1362625120     744363 1 9 40.0 100.0 
 426 1362625120     754387 1 9 40.0 100.0 
 426 1362625120     764338 1 9 40.0 100.0 
 426 1362625120     774365 1 9 40.0 100.0 
 425 1362625120     784385 1 9 40.0 100.0 
 426 1362625120     794412 1 9 40.0 100.0 
 426 1362625120     804366 1 9 40.0 100.0 
 426 1362625120     814385 1 9 40.0 100.0 
 426 1362625120     824422 1 9 40.0 100.0 
 425 1362625120     834453 1 9 40.0 100.0 
 426 1362625120     844439 1 9 40.0 100.0 
 427 1362625120     854443 1 9 40.0 100.0 
 426 1362625120     864465 1 9 40.0 100.0 
 426 1362625120     874426 1 9 40.0 100.0 
 426 1362625120     884465 1 9 40.0 100.0 
 426 1362625120     894430 1 9 40.0 100.0 
 426 1362625120     904447 1 9 40.0 100.0 
 425 1362625120     914460 1 9 40.0 100.0 
 426 1362625120     924480 1 9 40.0 100.0 
 426 1362625120     934492 1 9 40.0 100.0 
 425 1362625120     944517 1 9 40.0 100.0 
 425 1362625120     954480 1 9 40.0 100.0 
 426 1362625120     964491 1 9 40.0 100.0 
 426 1362625120     974525 1 9 40.0 100.0 
 426 1362625120     984495 1 9 40.0 100.0 
 425 1362625120     994497 1 9 40.0 100.0 
 426 1362625121       4544 1 9 40.0 100.0 
 426 1362625121      14542 1 9 40.0 100.0 
 425 1362625121      24515 1 9 40.0 100.0 
 426 1362625121      34558 1 9 40.0 100.0 
 427 1362625121      44593 1 9 40.0 100.0 
 425 1362625121      54559 1 9 40.0 100.0 
 426 1362625121      64575 1 9 40.0 100.0 
 426 1362625121      74562 1 9 40.0 100.0 
 426 1362625121      84607 1 9 40.0 100.0 
 426 1362625121      94580 1 9 40.0 100.0 
 426 1362625121     104567 1 9 40.0 100.0 
 426 1362625121     114572 1 9 40.0 100.0 
 427 1362625121     124637 1 9 40.0 100.0 
 426 1362625121     134621 1 9 40.0 100.0 
 427 1362625121     144616 1 9 40.0 100.0 
 425 1362625121     154622 1 9 40.0 100.0 
 425 1362625121     164627 1 9 40.0 100.0 
 426 1362625121     174637 1 9 40.0 100.0 
 426 1362625121     184626 1 9 40.0 100.0 
 426 1362625121     194630 1 9 40.0 100.0 
 426 1362625121     204653 1 9 40.0 100.0 
 426 1362625121     214660 1 9 40.0 100.0 
 426 1362625121     224689 1 9 40.0 100.0 
 426 1362625121     234653 1 9 40.0 100.0 
