 426 1362624884     598283 1 6 40.0 100.0 
 425 1362624884     608297 1 6 40.0 100.0 
 425 1362624884     618311 1 6 40.0 100.0 
 425 1362624884     628304 1 6 40.0 100.0 
 425 1362624884     638329 1 6 40.0 100.0 
 425 1362624884     648317 1 6 40.0 100.0 
 425 1362624884     658347 1 6 40.0 100.0 
 425 1362624884     668340 1 6 40.0 100.0 
 425 1362624884     678352 1 6 40.0 100.0 
 424 1362624884     688366 1 6 40.0 100.0 
 425 1362624884     698341 1 6 40.0 100.0 
 425 1362624884     708353 1 6 40.0 100.0 
 425 1362624884     718358 1 6 40.0 100.0 
 426 1362624884     728371 1 6 40.0 100.0 
 425 1362624884     738364 1 6 40.0 100.0 
 425 1362624884     748390 1 6 40.0 100.0 
 425 1362624884     758431 1 6 40.0 100.0 
 426 1362624884     768434 1 6 40.0 100.0 
 425 1362624884     778379 1 6 40.0 100.0 
 425 1362624884     788407 1 6 40.0 100.0 
 426 1362624884     798423 1 6 40.0 100.0 
 425 1362624884     808426 1 6 40.0 100.0 
 425 1362624884     818412 1 6 40.0 100.0 
 426 1362624884     828419 1 6 40.0 100.0 
 425 1362624884     838445 1 6 40.0 100.0 
 425 1362624884     848471 1 6 40.0 100.0 
 425 1362624884     858488 1 6 40.0 100.0 
 425 1362624884     868488 1 6 40.0 100.0 
 425 1362624884     878485 1 6 40.0 100.0 
 425 1362624884     888514 1 6 40.0 100.0 
 426 1362624884     898462 1 6 40.0 100.0 
 425 1362624884     908482 1 6 40.0 100.0 
 425 1362624884     918479 1 6 40.0 100.0 
 426 1362624884     928480 1 6 40.0 100.0 
 424 1362624884     938479 1 6 40.0 100.0 
 425 1362624884     948511 1 6 40.0 100.0 
 425 1362624884     958546 1 6 40.0 100.0 
 424 1362624884     968530 1 6 40.0 100.0 
 425 1362624884     978572 1 6 40.0 100.0 
 425 1362624884     988515 1 6 40.0 100.0 
 424 1362624884     998598 1 6 40.0 100.0 
 425 1362624885       8523 1 6 40.0 100.0 
 425 1362624885      18527 1 6 40.0 100.0 
 425 1362624885      28575 1 6 40.0 100.0 
 425 1362624885      38597 1 6 40.0 100.0 
 425 1362624885      48568 1 6 40.0 100.0 
 425 1362624885      58594 1 6 40.0 100.0 
 425 1362624885      68595 1 6 40.0 100.0 
 426 1362624885      78575 1 6 40.0 100.0 
 425 1362624885      88618 1 6 40.0 100.0 
 425 1362624885      98583 1 6 40.0 100.0 
 424 1362624885     108588 1 6 40.0 100.0 
 424 1362624885     118615 1 6 40.0 100.0 
 425 1362624885     128612 1 6 40.0 100.0 
 425 1362624885     138610 1 6 40.0 100.0 
 426 1362624885     148683 1 6 40.0 100.0 
 424 1362624885     158663 1 6 40.0 100.0 
 425 1362624885     168629 1 6 40.0 100.0 
 426 1362624885     178702 1 6 40.0 100.0 
 424 1362624885     188701 1 6 40.0 100.0 
 426 1362624885     198700 1 6 40.0 100.0 
 425 1362624885     208722 1 6 40.0 100.0 
 425 1362624885     218711 1 6 40.0 100.0 
 425 1362624885     228719 1 6 40.0 100.0 
 425 1362624885     238676 1 6 40.0 100.0 
 425 1362624885     248747 1 6 40.0 100.0 
 425 1362624885     258706 1 6 40.0 100.0 
 424 1362624885     268706 1 6 40.0 100.0 
 425 1362624885     278770 1 6 40.0 100.0 
 425 1362624885     288733 1 6 40.0 100.0 
 426 1362624885     298766 1 6 40.0 100.0 
 426 1362624885     308727 1 6 40.0 100.0 
 424 1362624885     318775 1 6 40.0 100.0 
 426 1362624885     328775 1 6 40.0 100.0 
 426 1362624885     338804 1 6 40.0 100.0 
 425 1362624885     348754 1 6 40.0 100.0 
 425 1362624885     358787 1 6 40.0 100.0 
 425 1362624885     368758 1 6 40.0 100.0 
 425 1362624885     378769 1 6 40.0 100.0 
 425 1362624885     388794 1 6 40.0 100.0 
 425 1362624885     398837 1 6 40.0 100.0 
 425 1362624885     408851 1 6 40.0 100.0 
 425 1362624885     418835 1 6 40.0 100.0 
 425 1362624885     428865 1 6 40.0 100.0 
 424 1362624885     438819 1 6 40.0 100.0 
 425 1362624885     448849 1 6 40.0 100.0 
 426 1362624885     458869 1 6 40.0 100.0 
 424 1362624885     468867 1 6 40.0 100.0 
 425 1362624885     478897 1 6 40.0 100.0 
 425 1362624885     488844 1 6 40.0 100.0 
 424 1362624885     498866 1 6 40.0 100.0 
 425 1362624885     508869 1 6 40.0 100.0 
 425 1362624885     518866 1 6 40.0 100.0 
 425 1362624885     528887 1 6 40.0 100.0 
 425 1362624885     538911 1 6 40.0 100.0 
 424 1362624885     548947 1 6 40.0 100.0 
 425 1362624885     558925 1 6 40.0 100.0 
 425 1362624885     568907 1 6 40.0 100.0 
 426 1362624885     578937 1 6 40.0 100.0 
 425 1362624885     588950 1 6 40.0 100.0 
