 434 1362624625     116890 1 3 40.0 100.0 
 434 1362624625     126841 1 3 40.0 100.0 
 434 1362624625     136913 1 3 40.0 100.0 
 435 1362624625     146888 1 3 40.0 100.0 
 434 1362624625     156789 1 3 40.0 100.0 
 434 1362624625     166802 1 3 40.0 100.0 
 435 1362624625     176897 1 3 40.0 100.0 
 434 1362624625     186884 1 3 40.0 100.0 
 435 1362624625     196853 1 3 40.0 100.0 
 434 1362624625     206925 1 3 40.0 100.0 
 434 1362624625     217320 1 3 40.0 100.0 
 435 1362624625     226848 1 3 40.0 100.0 
 435 1362624625     236883 1 3 40.0 100.0 
 434 1362624625     246895 1 3 40.0 100.0 
 434 1362624625     256858 1 3 40.0 100.0 
 435 1362624625     266880 1 3 40.0 100.0 
 435 1362624625     276917 1 3 40.0 100.0 
 435 1362624625     286934 1 3 40.0 100.0 
 435 1362624625     296898 1 3 40.0 100.0 
 435 1362624625     306941 1 3 40.0 100.0 
 435 1362624625     316944 1 3 40.0 100.0 
 435 1362624625     326958 1 3 40.0 100.0 
 434 1362624625     336923 1 3 40.0 100.0 
 434 1362624625     346941 1 3 40.0 100.0 
 435 1362624625     356963 1 3 40.0 100.0 
 435 1362624625     366975 1 3 40.0 100.0 
 435 1362624625     376936 1 3 40.0 100.0 
 434 1362624625     386963 1 3 40.0 100.0 
 435 1362624625     396990 1 3 40.0 100.0 
 434 1362624625     407004 1 3 40.0 100.0 
 435 1362624625     417009 1 3 40.0 100.0 
 435 1362624625     426965 1 3 40.0 100.0 
 434 1362624625     436999 1 3 40.0 100.0 
 435 1362624625     447017 1 3 40.0 100.0 
 434 1362624625     456978 1 3 40.0 100.0 
 434 1362624625     466994 1 3 40.0 100.0 
 435 1362624625     477023 1 3 40.0 100.0 
 434 1362624625     487061 1 3 40.0 100.0 
 435 1362624625     497012 1 3 40.0 100.0 
 434 1362624625     507059 1 3 40.0 100.0 
 434 1362624625     517072 1 3 40.0 100.0 
 435 1362624625     527029 1 3 40.0 100.0 
 435 1362624625     537071 1 3 40.0 100.0 
 435 1362624625     547097 1 3 40.0 100.0 
 435 1362624625     557067 1 3 40.0 100.0 
 435 1362624625     567080 1 3 40.0 100.0 
 434 1362624625     577105 1 3 40.0 100.0 
 435 1362624625     587071 1 3 40.0 100.0 
 434 1362624625     597107 1 3 40.0 100.0 
 435 1362624625     607135 1 3 40.0 100.0 
 434 1362624625     617148 1 3 40.0 100.0 
 435 1362624625     627100 1 3 40.0 100.0 
 434 1362624625     637132 1 3 40.0 100.0 
 435 1362624625     647104 1 3 40.0 100.0 
 435 1362624625     657128 1 3 40.0 100.0 
 434 1362624625     667159 1 3 40.0 100.0 
 435 1362624625     677121 1 3 40.0 100.0 
 435 1362624625     687148 1 3 40.0 100.0 
 435 1362624625     697180 1 3 40.0 100.0 
 434 1362624625     707144 1 3 40.0 100.0 
 434 1362624625     717170 1 3 40.0 100.0 
 434 1362624625     727209 1 3 40.0 100.0 
 434 1362624625     737166 1 3 40.0 100.0 
 435 1362624625     747203 1 3 40.0 100.0 
 435 1362624625     757226 1 3 40.0 100.0 
 434 1362624625     767246 1 3 40.0 100.0 
 434 1362624625     777189 1 3 40.0 100.0 
 435 1362624625     787206 1 3 40.0 100.0 
 435 1362624625     797257 1 3 40.0 100.0 
 435 1362624625     807210 1 3 40.0 100.0 
 435 1362624625     817218 1 3 40.0 100.0 
 435 1362624625     827259 1 3 40.0 100.0 
 434 1362624625     837269 1 3 40.0 100.0 
 435 1362624625     847293 1 3 40.0 100.0 
 435 1362624625     857257 1 3 40.0 100.0 
 434 1362624625     867267 1 3 40.0 100.0 
 435 1362624625     877290 1 3 40.0 100.0 
 435 1362624625     887307 1 3 40.0 100.0 
 435 1362624625     897271 1 3 40.0 100.0 
 435 1362624625     907286 1 3 40.0 100.0 
 434 1362624625     917300 1 3 40.0 100.0 
 435 1362624625     927314 1 3 40.0 100.0 
 434 1362624625     937333 1 3 40.0 100.0 
 434 1362624625     947366 1 3 40.0 100.0 
 435 1362624625     957324 1 3 40.0 100.0 
 434 1362624625     967343 1 3 40.0 100.0 
 435 1362624625     977370 1 3 40.0 100.0 
 435 1362624625     987336 1 3 40.0 100.0 
 434 1362624625     997379 1 3 40.0 100.0 
 435 1362624626       7341 1 3 40.0 100.0 
 434 1362624626      17363 1 3 40.0 100.0 
 434 1362624626      27390 1 3 40.0 100.0 
 435 1362624626      37428 1 3 40.0 100.0 
 434 1362624626      47390 1 3 40.0 100.0 
 434 1362624626      57406 1 3 40.0 100.0 
 434 1362624626      67425 1 3 40.0 100.0 
 435 1362624626      77393 1 3 40.0 100.0 
 434 1362624626      87435 1 3 40.0 100.0 
 435 1362624626      97400 1 3 40.0 100.0 
 435 1362624626     107444 1 3 40.0 100.0 
